Feature	Gain	Cover	Frequency
ctrx_quarter_normalizado	0.222244042651667	0.0138732170990086	0.00513561226127427
mcuentas_saldo_lag2	0.0651999343608355	0.00300648757803135	0.00385170919595571
mcaja_ahorro	0.0339692622337012	0.00746117269236194	0.00658000320975766
mpasivos_margen	0.0211374169722413	0.00516819958598736	0.0060985395602632
mpasivos_margen_mean6	0.0181693950884942	0.00195093863455909	0.00288878189696678
mpayroll_sobre_edad	0.0179125020919934	0.010501049288902	0.00337024554646124
mtarjeta_visa_consumo	0.0157261667936088	0.00676892110586456	0.00465414861177981
cpayroll_trx	0.0138952559837971	0.0072346749003786	0.00160487883164821
mv_Finiciomora	0.0124727745104311	0.00705754065947649	0.00160487883164821
mcuentas_saldo	0.00916785912934835	0.00569122708604889	0.00641951532659284
mprestamos_personales_delta3	0.0086721517799999	0.0028070556353183	0.00160487883164821
mpayroll	0.00788126748966726	0.00748491274479533	0.00288878189696678
mcuentas_saldo_delta2	0.00777359368186229	0.0040380064007733	0.00593805167709838
mv_status04_delta3	0.0076428489001388	0.000243364104774465	0.000160487883164821
cprestamos_personales_delta3	0.00703064805409403	0.00125839937702344	0.000802439415824105
ctarjeta_visa_trx	0.00699821630847111	0.00658424828558729	0.00497512437810945
Visa_Finiciomora_mean6	0.00645166814967466	0.004447163315766	0.00160487883164821
mcaja_ahorro_delta3	0.00600503797481606	0.00365624375948624	0.00401219707912053
foto_mes	0.0058914779905711	0.0040125595001795	0.00513561226127427
mprestamos_personales_lag1	0.00559337392883647	0.00111047093828187	0.000962927298988926
mvr_mpagospesos	0.00498379636634383	0.00178951203143284	0.00144439094848339
mactivos_margen	0.00490515302595403	0.00529679253552596	0.00481463649494463
Visa_delinquency	0.00482253700425822	0.00123154208925589	0.000320975766329642
mv_msaldototal	0.00462227591753829	0.00324366515731053	0.00160487883164821
mprestamos_personales	0.00456445326131259	0.00679384540407216	0.00240731824747232
ctrx_quarter	0.00428620684168278	0.00609808822633895	0.00545658802760392
cproductos_delta3	0.00409285899552588	0.00422115456454772	0.00160487883164821
mpayroll_lag2	0.00399760382840159	0.00102598674885874	0.000962927298988926
Visa_Finiciomora_lag1	0.00365871474940386	0.00531319457922476	0.000802439415824105
mcuenta_corriente_delta1	0.00349976450269512	0.00304050228104834	0.00272829401380196
mdescubierto_preacordado_delta2	0.0033790011713015	0.00034260581846095	0.000160487883164821
cliente_vip_lag1	0.00331104281001247	0.00579412621735252	0.00160487883164821
ctrx_quarter_normalizado_delta3	0.00322875896720863	0.00225562541474473	0.00272829401380196
mdescubierto_preacordado_delta3	0.00318471073966078	0.00170279119968714	0.000481463649494463
mcuentas_saldo_delta3	0.00305521651226731	0.00354182739853092	0.00433317284545017
ccomisiones_mantenimiento_delta3	0.00301590012988557	0.00163906727019262	0.000802439415824105
chomebanking_trx_mean6	0.00296856684473155	0.00107966696368648	0.00272829401380196
cpayroll_trx_lag1	0.00295837036313726	0.00207797816049103	0.000802439415824105
Visa_msaldototal	0.0028782103915215	0.00133079818649429	0.00176536671481303
mv_mpagospesos_delta3	0.00287682331783814	0.00128740460854341	0.00240731824747232
mdescubierto_preacordado	0.0027165712617695	0.00113167868649225	0.000481463649494463
mv_msaldopesos	0.00264524988523908	0.000876219612730888	0.00160487883164821
ctrx_quarter_normalizado_delta1	0.0025294276905635	0.00166245492560412	0.00288878189696678
mtransferencias_recibidas	0.00238619488538743	0.00269013254089892	0.00337024554646124
mv_Finiciomora_lag1	0.00237632736785933	0.00434097594467769	0.00128390306531857
mcaja_ahorro_lag1	0.00233916019229493	0.00656313722680922	0.00641951532659284
mcuenta_corriente_delta3	0.00232813030088085	0.00390358971088212	0.00337024554646124
mpayroll_sobre_edad_lag1	0.00231624670893878	0.00245516203775226	0.00160487883164821
cliente_edad	0.00230918579665637	0.00423516254593913	0.00577756379393356
mrentabilidad_annual_lag3	0.00228088893484565	0.00196473405901666	0.00433317284545017
mactivos_margen_mean6	0.00226615333704331	0.00296903920153809	0.00433317284545017
cliente_edad_lag2	0.00226328555830637	0.00558896962097786	0.00577756379393356
mcuenta_corriente_mean6	0.00226139388131711	0.00196893405617543	0.00497512437810945
Visa_delinquency_lag1	0.00217373375215971	5.55924281460355e-05	0.000160487883164821
mprestamos_personales_lag2	0.00215169696273699	0.000972719661605398	0.000641951532659284
mactivos_margen_delta3	0.00211738295459406	0.00292048272753646	0.00513561226127427
mtarjeta_visa_debitos_automaticos_delta3	0.00210306688206452	0.0051157203977444	0.00320975766329642
mcuenta_corriente_lag1	0.00208620169176438	0.00100557968503822	0.00288878189696678
mprestamos_personales_mean6	0.00206384203458162	0.0010013085692061	0.000641951532659284
mtarjeta_visa_consumo_delta3	0.00205755424340793	0.00194051535393904	0.00272829401380196
mv_mlimitecompra_mean6	0.00203406068422254	0.000201664589604525	0.000802439415824105
mv_Finiciomora_mean6	0.00203196082860091	0.000308541572098475	0.000481463649494463
mcuenta_corriente_lag2	0.00203106291760901	0.00198413027877214	0.00369122131279088
mcuentas_saldo_mean6	0.00200352896570171	0.00145748691357678	0.0030492697801316
mcuentas_saldo_delta1	0.00198313998152919	0.00404118117031511	0.00465414861177981
mprestamos_personales_delta2	0.00197543944239168	0.00582252654060591	0.00176536671481303
mprestamos_personales_delta1	0.00196886905816609	0.00297138611775866	0.00160487883164821
cmobile_app_trx_delta2	0.00195525158379999	0.00371613207513714	0.00385170919595571
mrentabilidad_annual_delta1	0.00194654339960521	0.00341325362706153	0.00417268496228535
mpasivos_margen_lag2	0.00192874660930987	0.00394176605491945	0.00497512437810945
chomebanking_trx_delta2	0.00184488183232087	0.00239467840286938	0.0030492697801316
mpayroll_delta3	0.00180170812810903	0.00344762632070393	0.00160487883164821
Visa_fechaalta_delta2	0.00179606577487953	0.0013771108263974	0.000802439415824105
ctrx_quarter_delta2	0.00179591537097818	0.0019747897599767	0.00385170919595571
mrentabilidad_lag2	0.00176154851379796	0.00177495347963763	0.0030492697801316
chomebanking_trx_delta3	0.00175155561312723	0.00350249317856455	0.00320975766329642
mv_mconsumototal	0.00170834158708931	0.000780839882733203	0.000802439415824105
ctransferencias_recibidas_mean6	0.00169510281409139	0.00215137902407853	0.00353073342962606
mrentabilidad_annual_mean6	0.00168232363843099	0.0019512510772701	0.00240731824747232
mcomisiones	0.00167125755017662	0.00156300784675976	0.00256780613063714
ctrx_quarter_delta1	0.00166077840456211	0.000865879437077449	0.00208634248114267
ccaja_ahorro	0.00165552402254799	0.00417808941103221	0.000962927298988926
Visa_mpagominimo	0.0016436549834726	0.0018977378714618	0.0030492697801316
chomebanking_trx_lag2	0.00163951096291667	0.00173686903051531	0.00353073342962606
mactivos_margen_delta1	0.00163143374599621	0.00139679551627737	0.00320975766329642
cliente_edad_lag1	0.00160979536767677	0.00219181198759385	0.00385170919595571
mactivos_margen_delta2	0.00160538177778107	0.00112295186591179	0.0022468303643075
mrentabilidad	0.00160314161250015	0.000756758620484979	0.0022468303643075
mactivos_margen_lag3	0.00159311346201799	0.00322046049264282	0.0030492697801316
thomebanking_mean6	0.00158980300614368	0.00066210525985893	0.00176536671481303
mcaja_ahorro_dolares_delta1	0.00156801619409383	0.00326069688094866	0.00208634248114267
mcomisiones_mantenimiento_mean6	0.00153486051108795	0.00182350036460466	0.00240731824747232
mcuenta_corriente_delta2	0.0015331593085705	0.00184521393439066	0.00160487883164821
mv_Finiciomora_delta1	0.00151555992282486	0.00260474778130875	0.000641951532659284
mcaja_ahorro_delta2	0.00150194778055251	0.000639565434924113	0.00160487883164821
tmobile_app	0.00149852611398112	0.000250844350855751	0.000481463649494463
mrentabilidad_annual_lag1	0.00147170570291246	0.00116767352515601	0.00272829401380196
mcomisiones_otras_lag2	0.00144952994161795	0.00210148008523162	0.00272829401380196
internet	0.00143629540376316	0.000918400177803715	0.00176536671481303
cliente_edad_mean6	0.00142520527180926	0.00319649110246504	0.00337024554646124
Visa_fechaalta_mean6	0.00142083536508653	0.00092211193328364	0.0030492697801316
mv_mpagominimo	0.00141872963973454	0.00181254409347759	0.00192585459797785
cproductos	0.00140231507713098	0.00286066393238648	0.00272829401380196
mv_fultimo_cierre_delta2	0.00138371111207098	0.0021492542538264	0.00128390306531857
mcomisiones_mantenimiento_delta2	0.00138233846975731	0.00327408397234913	0.00160487883164821
mcomisiones_otras_delta2	0.00137546887179274	0.0028615916714849	0.00320975766329642
ctrx_quarter_normalizado_delta2	0.00136321425713096	0.000892406702237201	0.00240731824747232
mrentabilidad_delta3	0.0013564281564807	0.00109060565491677	0.00337024554646124
mpagomiscuentas	0.00135583977296523	0.00264015768886136	0.00144439094848339
ctarjeta_visa_trx_delta3	0.0013526322039892	0.00136845512449029	0.00192585459797785
mactivos_margen_lag2	0.00132903698867919	0.0019785830222508	0.00320975766329642
mpasivos_margen_lag3	0.00132809228997876	0.001905177364146	0.00337024554646124
mautoservicio	0.00132698782412306	0.00400811578172442	0.00144439094848339
mrentabilidad_annual	0.00130980381281608	0.00226677186839154	0.00208634248114267
mrentabilidad_annual_delta3	0.00130866662329406	0.00139801172550029	0.00353073342962606
Master_Fvencimiento_lag2	0.00130208098057209	0.00087885020455864	0.0030492697801316
mcomisiones_mean6	0.00127323511993969	0.000818291455571328	0.0022468303643075
Visa_fultimo_cierre_mean6	0.00126704398799985	0.000867113226197149	0.0022468303643075
mcomisiones_delta2	0.0012648532838235	0.00215206064462199	0.0022468303643075
chomebanking_trx_delta1	0.00126192618799626	0.00331883919321449	0.00272829401380196
cliente_edad_lag3	0.00125877979196464	0.00525279484839472	0.00497512437810945
internet_mean6	0.00125557966323822	0.00136895934789348	0.00192585459797785
mcuenta_corriente	0.00124499335502556	0.00130936030145329	0.00369122131279088
mcomisiones_mantenimiento	0.00122538099110845	0.00273025386078945	0.00240731824747232
mrentabilidad_mean6	0.00120399437898906	0.000923859534841141	0.00272829401380196
tmobile_app_delta2	0.00119074786804244	0.00210496410113958	0.00160487883164821
Visa_cconsumos_mean6	0.00116872572596493	0.00132183243913481	0.00192585459797785
mcaja_ahorro_lag2	0.00116772872829826	0.0030535953087208	0.00288878189696678
mrentabilidad_annual_lag2	0.00116422601689443	0.000849307987100556	0.00240731824747232
Visa_cconsumos	0.00115543483638396	0.000857103073151506	0.00208634248114267
mcuentas_saldo_lag1	0.00115460710924494	0.00500540894268797	0.00288878189696678
mcuenta_debitos_automaticos	0.00115198598771621	0.00897927109461638	0.00160487883164821
mcomisiones_mantenimiento_delta3	0.00115028536525861	0.00104267007090607	0.000962927298988926
mcomisiones_lag1	0.00114252558489017	0.000715640840081322	0.00288878189696678
Visa_mpagominimo_delta2	0.00113348178022784	0.00206670545122186	0.0022468303643075
mrentabilidad_annual_delta2	0.00112671757651595	0.000746707714042247	0.0022468303643075
ccomisiones_mantenimiento_mean6	0.00112112504482921	0.00332005620152362	0.00192585459797785
cproductos_mean6	0.00109795795111396	0.00255489678763489	0.00417268496228535
mv_fultimo_cierre	0.00109649662979438	0.000613126069248278	0.00144439094848339
mcomisiones_otras_delta3	0.00109103339567666	0.00113236590063923	0.00240731824747232
mcaja_ahorro_dolares_delta3	0.00108853718263745	0.00129858941832867	0.00128390306531857
cprestamos_personales_mean6	0.00108638316034114	0.00233558677617726	0.00160487883164821
mcaja_ahorro_dolares	0.00106184241147148	0.000852059240947139	0.00160487883164821
mrentabilidad_lag3	0.00105489685099237	0.0011587013851068	0.0022468303643075
mtransferencias_recibidas_lag2	0.00105249332969668	0.00346759948070839	0.00272829401380196
mrentabilidad_delta2	0.00104895671669999	0.0021584549325338	0.00256780613063714
mpasivos_margen_delta2	0.00104420409913294	0.00137615751654002	0.0022468303643075
mcaja_ahorro_dolares_mean6	0.00104401059119363	0.000974774112270389	0.00208634248114267
ctrx_quarter_delta3	0.00103755596554496	0.00111639696167027	0.00256780613063714
Visa_cconsumos_delta2	0.00103339410937069	0.000758081907261029	0.00144439094848339
mrentabilidad_delta1	0.00102136261818038	0.000790524807688355	0.00208634248114267
mtarjeta_visa_debitos_automaticos_delta2	0.00101851929956864	0.00154175055520391	0.00112341518215375
Visa_Finiciomora_delta1	0.0010171982480209	0.00147503964142866	0.000320975766329642
mcomisiones_lag3	0.00101709311306431	0.00119335615618395	0.00240731824747232
mtransferencias_emitidas_mean6	0.00101211305214816	0.0022208571734247	0.00369122131279088
Master_fultimo_cierre_mean6	0.00101137940438904	0.00150308596948773	0.00272829401380196
Master_fechaalta_lag2	0.00100536408438058	0.00118602933465641	0.00353073342962606
Visa_mpagominimo_delta3	0.00100238074800193	0.00107834048056556	0.00240731824747232
mcaja_ahorro_mean6	0.000992706179988664	0.00171536082588719	0.00385170919595571
tmobile_app_delta1	0.000976928132421221	0.000388838549742324	0.00112341518215375
chomebanking_trx_lag1	0.000976769377232614	0.000577211139206255	0.00240731824747232
mcuentas_saldo_lag3	0.00097666506093449	0.00162804787125437	0.00192585459797785
Master_fechaalta_mean6	0.000972201509873161	0.0018110354186991	0.00272829401380196
mvr_mpagominimo_delta1	0.000966097659355777	0.00393162964625145	0.00176536671481303
mv_fechaalta_lag1	0.000961357514036201	0.000946462487587135	0.00176536671481303
mpasivos_margen_lag1	0.000956401661144568	0.000870774639245375	0.00256780613063714
Visa_mconsumospesos_delta3	0.000950730487733317	0.000960258711130922	0.00192585459797785
Visa_mpagospesos_mean6	0.000949487995957062	0.00190287839309848	0.00176536671481303
Master_mlimitecompra	0.000947410575187625	0.000820107778543528	0.00176536671481303
mcomisiones_otras_lag1	0.000943366462497177	0.000738109546342789	0.00208634248114267
mvr_mpagominimo_lag1	0.000942770135987697	0.00181429249412131	0.0022468303643075
mcaja_ahorro_delta1	0.000942039223110613	0.00211745142145923	0.00240731824747232
Visa_mpagospesos_lag3	0.000937027213106778	0.000884352712251807	0.00256780613063714
ctrx_quarter_normalizado_lag3	0.000932851730087263	0.000989395791876774	0.00256780613063714
cextraccion_autoservicio_mean6	0.000926807795128117	0.000962516129695139	0.00112341518215375
mv_Fvencimiento_mean6	0.000924033068493574	0.000841250001684074	0.00240731824747232
Visa_cconsumos_delta3	0.000915779467408903	0.00191420464114421	0.00160487883164821
mtransferencias_recibidas_delta1	0.000906864293987351	0.00219209965863213	0.00208634248114267
Master_mfinanciacion_limite_lag1	0.000904222745998606	0.0034971337073043	0.00176536671481303
mv_Finiciomora_lag2	0.000902618581475981	0.00241630647043012	0.000641951532659284
mv_fechaalta_delta2	0.000898242991068858	0.00231225425771476	0.000481463649494463
mcomisiones_delta3	0.000895940714175091	0.000860310605228237	0.0022468303643075
ctarjeta_visa_trx_delta2	0.000892152900135452	0.00324579392299375	0.00176536671481303
mv_Fvencimiento_lag1	0.000880034312698438	0.00118695387740997	0.00176536671481303
mv_cconsumos_mean6	0.000876472298464579	0.000695586173282687	0.00160487883164821
mv_Fvencimiento	0.00087567950890351	0.000631911787133647	0.00192585459797785
mvr_mpagominimo	0.000872162618402612	0.00376622199559001	0.00288878189696678
Master_Fvencimiento_mean6	0.000868168076783094	0.000526456379020491	0.00208634248114267
Visa_cconsumos_lag2	0.000865435437380426	0.000243092415460542	0.000641951532659284
Master_Fvencimiento_lag1	0.000860802109315036	0.00050456860843909	0.00208634248114267
ccaja_seguridad	0.000857897953140181	0.00337277191928694	0.000802439415824105
mtransferencias_recibidas_lag1	0.000855798647287722	0.00282738119234464	0.00176536671481303
Visa_fechaalta	0.000853515990358257	0.00131945435855177	0.0022468303643075
ccaja_seguridad_lag1	0.000847367416117787	0.00244826432552347	0.000641951532659284
Master_mpagominimo_lag2	0.000846882244291409	0.00162740061141826	0.00112341518215375
tmobile_app_delta3	0.000846480402526039	0.000744304062700243	0.00144439094848339
mvr_mpagominimo_delta2	0.000841246249882357	0.00185886792058775	0.00128390306531857
mcuenta_corriente_lag3	0.000839892216454463	0.00154763262885035	0.00160487883164821
numero_de_cliente	0.000835728681090111	0.00109841033000233	0.0022468303643075
mplazo_fijo_dolares	0.00083563815599181	0.00408009027641382	0.000802439415824105
Visa_mconsumototal_lag1	0.000817980475498905	0.000311551729879503	0.00128390306531857
mautoservicio_delta3	0.000816058358648703	0.00038358615603521	0.00128390306531857
Master_Fvencimiento_lag3	0.000814598677734034	0.000707068243140821	0.0022468303643075
mcomisiones_otras_mean6	0.000813364676529937	0.00233607901328719	0.00208634248114267
Visa_mpagominimo_lag2	0.000812106207845589	0.000683854788524717	0.00176536671481303
Visa_mconsumospesos_lag3	0.00079806247937758	0.000612649014776477	0.00160487883164821
ccomisiones_otras_mean6	0.000792680593483078	0.00249733141561804	0.0022468303643075
chomebanking_trx_lag3	0.000792260097062317	0.00155086812894469	0.0022468303643075
mcomisiones_mantenimiento_lag3	0.000790945033194723	0.000883497689999165	0.00144439094848339
Master_Fvencimiento	0.000789831064214425	0.000742617990781483	0.00176536671481303
internet_delta1	0.000788185582670518	0.000581885793578172	0.00128390306531857
mv_status06_delta2	0.000779594498908661	0.000927472203630105	0.000641951532659284
mcomisiones_otras	0.000778443224620754	0.00200070572418012	0.00176536671481303
Visa_mpagospesos_lag2	0.000764691357629788	0.0012905641954471	0.00176536671481303
mautoservicio_delta2	0.000762027051015508	0.00279181226663476	0.00160487883164821
mv_fultimo_cierre_lag2	0.000758526742232795	0.000957329261057854	0.00144439094848339
Visa_fultimo_cierre_lag3	0.000757097292826273	0.000719938325758617	0.0022468303643075
mtransferencias_emitidas_lag1	0.00075232535331943	0.00171970785490996	0.0022468303643075
Visa_mconsumospesos	0.000752248980787777	0.000915998124634145	0.00176536671481303
ctrx_quarter_lag3	0.00074919424724072	0.000667063589838033	0.00160487883164821
cliente_antiguedad	0.000748935439934474	0.00127112642320831	0.00176536671481303
mautoservicio_delta1	0.000748303584889704	0.00110086432377603	0.00128390306531857
mcomisiones_otras_lag3	0.000747364233990197	0.00164940824493228	0.0022468303643075
Visa_fechaalta_lag2	0.000747086957458896	0.00135098709977745	0.00144439094848339
ccajas_consultas_mean6	0.000746466518931387	0.00457873765598181	0.00144439094848339
Master_fultimo_cierre_delta2	0.000746034972610103	0.000691204783552563	0.00144439094848339
mvr_mpagominimo_lag3	0.000744275724133895	0.000885255679677493	0.00144439094848339
mtransferencias_recibidas_delta2	0.00073278657851116	0.00086441311386848	0.00192585459797785
ctarjeta_debito_trx_lag1	0.0007292777740267	0.00273536161989121	0.00176536671481303
Visa_mlimitecompra_mean6	0.000725426951002523	0.000585467298004657	0.00144439094848339
ccajas_trx_mean6	0.000719519765603229	0.00199569465451067	0.00176536671481303
Visa_mpagospesos_delta3	0.00071801880369584	0.000974148427762148	0.00192585459797785
Master_fechaalta_lag3	0.000714354301564972	0.000958398438416764	0.00240731824747232
mv_fultimo_cierre_delta3	0.000708112320066688	0.000459047063891221	0.000481463649494463
mvr_msaldototal_mean6	0.000706115836599094	0.000461119094452996	0.00176536671481303
ccallcenter_trx_delta3	0.000705133681378169	0.00193852802651631	0.000802439415824105
Visa_Fvencimiento_mean6	0.000702261678693418	0.000373251573985294	0.00176536671481303
mtransferencias_recibidas_lag3	0.000700607879088592	0.00366744774734071	0.00176536671481303
ccaja_ahorro_mean6	0.000700574922828748	0.00164765425068504	0.000641951532659284
ccomisiones_otras_lag3	0.000699168582388887	0.000810515547589596	0.00176536671481303
mtarjeta_visa_debitos_automaticos_lag3	0.000696386429011587	0.000407585911489257	0.000962927298988926
Visa_fechaalta_delta1	0.000692765736793313	0.000361648043022112	0.000641951532659284
mcaja_ahorro_dolares_delta2	0.00068538366589238	0.000613059745092232	0.00128390306531857
mv_mconsumosdolares_mean6	0.000683209282024401	0.000562961034690971	0.00128390306531857
mv_mpagominimo_lag3	0.000681682723387965	0.000531767905107693	0.000962927298988926
mpagomiscuentas_lag1	0.000680280156551236	0.00305424816216043	0.00144439094848339
cproductos_lag1	0.000680243321399751	0.00199947752866395	0.00192585459797785
mpayroll_delta2	0.000680188875138368	0.00247609889573493	0.00128390306531857
mv_mpagospesos_lag1	0.000673722742455395	0.00101806620627165	0.00144439094848339
ctarjeta_master_trx_delta3	0.000673405019107984	0.00280420609386697	0.00112341518215375
mcomisiones_lag2	0.000672022914934797	0.000772471052778144	0.00192585459797785
cmobile_app_trx_lag2	0.000671376296832105	0.00103026026194951	0.00144439094848339
ccomisiones_otras_lag1	0.000671293328657989	0.00299921829071146	0.00128390306531857
Visa_mfinanciacion_limite	0.000669373442909856	0.00050686518222796	0.00144439094848339
mcomisiones_otras_delta1	0.000667696625590765	0.00047286166641801	0.00144439094848339
mtarjeta_visa_consumo_mean6	0.00066673534218731	0.000589547432230812	0.00176536671481303
ctarjeta_visa_trx_lag1	0.000662473735726324	0.00236065650807643	0.0022468303643075
Master_fechaalta	0.000662208167779397	0.000643325135577083	0.00192585459797785
catm_trx_mean6	0.000659235577716577	0.000725491175883481	0.00144439094848339
mcuenta_debitos_automaticos_delta2	0.000658456451253776	0.00179047013580753	0.000962927298988926
cmobile_app_trx_lag1	0.000654721739845283	0.00138243433877787	0.00176536671481303
cmobile_app_trx	0.000651852858835281	0.00109262494578819	0.000962927298988926
internet_delta3	0.000647464360061548	0.00105160225664441	0.00128390306531857
mv_mlimitecompra	0.000647395364564455	0.00155949826009284	0.00144439094848339
tmobile_app_mean6	0.000646383777548813	0.000603214203807378	0.00192585459797785
mv_fechaalta	0.000646352609537633	0.000664242815490534	0.00208634248114267
Master_Finiciomora_delta1	0.000645749276673192	0.000848279563138734	0.000160487883164821
cprestamos_personales_lag3	0.000645219982401496	0.00147141978086374	0.000802439415824105
Master_mpagominimo_delta3	0.000642631460541582	0.00129448451242977	0.000962927298988926
cliente_antiguedad_lag2	0.000642128951679374	0.000471693402368139	0.00144439094848339
mvr_msaldopesos2_lag2	0.000640666443345026	0.000872712423322623	0.0022468303643075
Visa_Fvencimiento	0.000639450172041414	0.00114470539000866	0.00128390306531857
Visa_mpagospesos_delta1	0.000635079103886033	0.00120508434459705	0.00192585459797785
mpayroll_mean6	0.000634303823445149	0.00113880254012056	0.00128390306531857
Visa_fultimo_cierre_lag2	0.000633982320529866	0.000560232954344693	0.00160487883164821
Visa_msaldototal_mean6	0.00063346588338416	0.000258692975683268	0.00128390306531857
mvr_mpagospesos_delta2	0.000631744861731917	0.00318503779971073	0.00176536671481303
mpasivos_margen_delta3	0.000628625053752494	0.00041051695973476	0.00144439094848339
mdescubierto_preacordado_delta1	0.000628344844412837	0.00101174223794697	0.000481463649494463
mv_mpagospesos_delta1	0.000627650512638814	0.00196197960882521	0.00144439094848339
Visa_mpagospesos_lag1	0.000627139865383967	0.0017212508903958	0.00176536671481303
cprestamos_personales	0.000624276689195691	0.000290620465500356	0.000320975766329642
ccomisiones_otras_delta2	0.00062317738464081	0.00048423346237814	0.00128390306531857
mv_Fvencimiento_delta2	0.000622362172503949	0.000723860240913723	0.000962927298988926
mtransferencias_recibidas_mean6	0.000618210403805645	0.00093220039677859	0.00144439094848339
cmobile_app_trx_lag3	0.000616484682112431	0.00040055235460351	0.00144439094848339
Master_msaldototal	0.000608362895015242	0.00128246305937488	0.000802439415824105
Visa_mconsumototal_delta2	0.000600619233635143	0.00216387353617414	0.00144439094848339
Visa_msaldototal_delta2	0.000597260314607693	0.000455413618860604	0.00160487883164821
mcaja_ahorro_dolares_lag1	0.000595106614099819	0.000659031175180509	0.00192585459797785
mtransferencias_emitidas_delta3	0.000594491678334698	0.00117957111984721	0.00144439094848339
Master_fultimo_cierre_lag2	0.000592619148528613	0.000548573487346292	0.00160487883164821
Master_Fvencimiento_delta2	0.000589631726343528	0.000279931089169905	0.000481463649494463
mtransferencias_emitidas_delta2	0.000586056040471298	0.00161248087265278	0.00144439094848339
cliente_antiguedad_mean6	0.000585523894872508	0.000899792656144831	0.00160487883164821
mvr_mpagospesos_lag3	0.000585107350518133	0.00047689385547112	0.00144439094848339
ctarjeta_visa_debitos_automaticos_delta3	0.00058365326950953	0.00123546720075586	0.000641951532659284
mv_fechaalta_lag2	0.000583019348841075	0.000347870997547542	0.00160487883164821
mvr_msaldototal_delta3	0.000578898687451768	0.00196184855868555	0.00128390306531857
mtarjeta_visa_consumo_lag1	0.0005766214402673	0.00260201250918652	0.0022468303643075
mactivos_margen_lag1	0.000575041806911396	0.0010494415275125	0.00128390306531857
mv_status07_delta3	0.000571834167493541	0.000663327062685368	0.000160487883164821
mv_msaldototal_delta3	0.000565089870462938	0.00116760160739645	0.00112341518215375
Visa_fechaalta_lag3	0.000559753535355565	0.000706930001225207	0.00176536671481303
mrentabilidad_lag1	0.000556403917892579	0.0005442256592373	0.00144439094848339
Visa_fultimo_cierre	0.000547837230004207	0.000269427899928112	0.00112341518215375
ccaja_ahorro_lag1	0.000545115814577642	0.00058009504136493	0.000802439415824105
Visa_msaldopesos_delta3	0.00054499472270231	0.000351526017906029	0.000802439415824105
cprestamos_personales_delta2	0.00053959399533765	0.000648500817007324	0.000320975766329642
Visa_msaldopesos	0.00053910705647802	0.00116306439585393	0.00208634248114267
mv_mpagospesos_delta2	0.000537315739086565	0.00120554861368937	0.000962927298988926
mpayroll_sobre_edad_delta1	0.000536502867397908	0.00303479520728352	0.00112341518215375
cpagomiscuentas_mean6	0.000534518122921184	0.000894526677972021	0.00160487883164821
Visa_mconsumospesos_delta1	0.000532932807392874	0.000741102124227033	0.00144439094848339
cproductos_delta2	0.00053247356438858	0.000721510927434503	0.000320975766329642
mcomisiones_delta1	0.0005302982217236	0.000463584275433743	0.00160487883164821
mextraccion_autoservicio_lag3	0.000529635957504888	0.00197653895970664	0.00176536671481303
mcomisiones_mantenimiento_lag1	0.000529529350857726	0.00133742021397806	0.00128390306531857
mv_mlimitecompra_lag3	0.000529455515256911	0.00033110377144738	0.000962927298988926
chomebanking_trx	0.000528673084841526	0.000683946683439721	0.00112341518215375
ccallcenter_trx_delta2	0.000528590068345974	0.00197859021402676	0.00128390306531857
Visa_fechaalta_lag1	0.000525530333097111	0.00087361539074831	0.00272829401380196
mcaja_ahorro_lag3	0.0005235607472251	0.000555883528063266	0.00160487883164821
Visa_mpagospesos_delta2	0.000515269200793763	0.000200676919039792	0.000802439415824105
mtarjeta_visa_consumo_delta2	0.000515081465105355	0.00158630440634248	0.00160487883164821
mv_fultimo_cierre_lag3	0.000514770105737768	0.000584400517904399	0.00176536671481303
Visa_mconsumospesos_lag2	0.000512092525984366	0.000650546477723924	0.00112341518215375
Visa_mpagominimo_lag1	0.000509308374811729	0.00038044334994209	0.00144439094848339
mv_cconsumos_lag3	0.000508441623149561	0.000942891371281477	0.000802439415824105
matm_mean6	0.000507194296181289	0.000572936027943048	0.00144439094848339
mvr_msaldopesos2_delta1	0.000502888264918097	0.000343258671900583	0.00112341518215375
Visa_Fvencimiento_lag3	0.000502684640025105	0.00036925774107062	0.00144439094848339
mv_mpagominimo_mean6	0.000502530376121944	0.00193758430569354	0.00176536671481303
mtarjeta_visa_debitos_automaticos_lag1	0.000495374713784471	0.00151771723812873	0.000962927298988926
Master_mpagospesos_delta2	0.000494843075254334	0.00231746350076613	0.000962927298988926
mvr_msaldopesos2	0.000493699742606856	0.000703400437402855	0.00208634248114267
ctransferencias_emitidas_delta2	0.000492125414125892	0.0017145265798762	0.00112341518215375
mv_mpagominimo_delta3	0.000490904686178901	0.000765915349450416	0.00192585459797785
Visa_msaldopesos_mean6	0.000490685537177745	0.000283219328954596	0.000962927298988926
mvr_mpagospesos_lag1	0.000489103681540783	0.00061836647666213	0.000962927298988926
Visa_Fvencimiento_lag1	0.000488382435630222	0.000585046978654293	0.000962927298988926
mvr_mconsumototal_delta3	0.000487940162879321	0.00104975956382703	0.00128390306531857
ccallcenter_trx_mean6	0.00048782105254558	0.00136564314009118	0.00160487883164821
Visa_mlimitecompra	0.000486489659440217	0.000352782181439817	0.000962927298988926
mtarjeta_visa_debitos_automaticos_mean6	0.000484435119609947	0.000538945297512576	0.000962927298988926
Master_mlimitecompra_mean6	0.000484283790108151	0.000395225645878176	0.00112341518215375
cmobile_app_trx_mean6	0.000483802741016793	0.000412751204798671	0.00144439094848339
mtransferencias_emitidas_delta1	0.000481111148842374	0.00321646745881437	0.00128390306531857
mv_msaldototal_lag3	0.000480225810424461	0.00463819366598908	0.00128390306531857
mvr_mconsumospesos_delta1	0.000477151470267338	0.00221140717981747	0.00128390306531857
Visa_mconsumototal_delta3	0.000475302532497486	0.000367312765217415	0.000962927298988926
mv_msaldopesos_mean6	0.000474274697105947	0.000277624926346425	0.000962927298988926
ctransferencias_emitidas_mean6	0.000469323205473476	0.000865752382368879	0.00176536671481303
ctrx_quarter_normalizado_lag1	0.000469308092859575	0.000377428397643757	0.00112341518215375
cliente_antiguedad_lag3	0.000469201721671391	0.00141383682895011	0.0022468303643075
Visa_mpagominimo_mean6	0.000469109755358233	0.000568591396178925	0.000962927298988926
mv_cconsumos_delta3	0.000466833554069579	0.00100516256203272	0.00112341518215375
Visa_mfinanciacion_limite_mean6	0.000466616098478786	0.000279332573593056	0.000802439415824105
mvr_msaldopesos2_delta2	0.000463372823329549	0.000444300726834919	0.000962927298988926
Visa_msaldototal_delta3	0.000463020202451354	0.00157876822422597	0.00112341518215375
mvr_mpagominimo_mean6	0.000458973992171433	0.00141248637324267	0.00208634248114267
mv_status07_delta2	0.000457996328508891	0.00128673337612078	0.000320975766329642
cprestamos_personales_delta1	0.000455659072951993	0.00139116755204807	0.000320975766329642
Visa_mconsumosdolares_lag3	0.000454804998539882	0.000389827019393274	0.000962927298988926
mvr_msaldopesos_mean6	0.000453084295763349	0.000187516768125072	0.000802439415824105
ctarjeta_visa_trx_lag3	0.000452621879043049	0.000322527978162009	0.000641951532659284
ctrx_quarter_lag1	0.000451252207327852	0.000455918641350015	0.00176536671481303
mv_fechaalta_lag3	0.000449438193048208	0.000638055161973186	0.00208634248114267
ctransferencias_emitidas_delta3	0.000447251044176062	0.00104874792067578	0.000802439415824105
mvr_mpagospesos_delta3	0.000446889855894243	0.000482389970474547	0.00160487883164821
ccomisiones_mantenimiento_delta2	0.000445881960950575	0.00124683659945734	0.000641951532659284
mvr_msaldopesos2_delta3	0.000445734625481768	0.000679713923746038	0.00144439094848339
ctarjeta_visa_debitos_automaticos_delta2	0.000445411845326868	0.000496707198232094	0.000481463649494463
mvr_mconsumospesos_mean6	0.000438950347455868	0.000836148635272053	0.00112341518215375
mv_fultimo_cierre_lag1	0.000436956058156505	0.000634714981584363	0.000802439415824105
mpayroll_sobre_edad_delta2	0.0004356036832731	0.000847053764881209	0.00128390306531857
Master_msaldopesos	0.000430549853578352	0.0022894467388971	0.00128390306531857
mv_msaldopesos_lag2	0.000429710630581374	0.000278970587536564	0.000962927298988926
Visa_mconsumosdolares_lag2	0.000429017525313012	0.00024303408216667	0.00112341518215375
mv_mpagominimo_lag1	0.000428554903630226	0.000727369028494422	0.000641951532659284
ctarjeta_visa_trx_delta1	0.000421640448771423	0.00110234982505422	0.000802439415824105
ccajas_depositos_mean6	0.000419480123878647	0.00262415678644371	0.000641951532659284
mforex_sell_mean6	0.000416986737079977	0.0011016474282691	0.00112341518215375
mcuenta_debitos_automaticos_mean6	0.00041530208741836	0.000616641249518716	0.00112341518215375
ccomisiones_otras	0.000414088814113247	0.00122505111191177	0.00112341518215375
Master_mpagominimo	0.000413734506022444	0.00165960858049767	0.000802439415824105
mautoservicio_mean6	0.000413206537497252	0.000490356860062243	0.00128390306531857
mplazo_fijo_dolares_delta2	0.000412898095221776	0.00397560735622726	0.000641951532659284
Visa_mconsumosdolares	0.00041135426172737	0.000810208698482106	0.000802439415824105
Master_msaldototal_mean6	0.000409889438069056	0.000670188016948152	0.000641951532659284
Master_mfinanciacion_limite_lag3	0.000409597291799573	0.000770818542480516	0.000962927298988926
mtransferencias_recibidas_delta3	0.000408472364732107	0.00113367320569093	0.00128390306531857
Master_fultimo_cierre_delta1	0.000406223658373756	0.000219871769068481	0.00112341518215375
cmobile_app_trx_delta1	0.000401571095326246	0.00118365844584932	0.000802439415824105
mcaja_ahorro_dolares_lag3	0.000398652302481311	0.000346855358965199	0.00112341518215375
tcallcenter	0.000396560667776923	0.000174406160555833	0.000160487883164821
mv_mconsumosdolares_delta2	0.000395094812367341	0.00178864262562829	0.000962927298988926
mvr_Visa_mlimitecompra	0.000392592030387184	0.00038312428420154	0.000802439415824105
mv_fechaalta_mean6	0.000392352094041141	0.000920783851990285	0.00112341518215375
mtransferencias_emitidas_lag2	0.000392182889502006	0.000702530232512082	0.000802439415824105
ctarjeta_debito_delta3	0.000391780105656456	0.00382210209477431	0.000641951532659284
mvr_msaldototal_lag1	0.000391047817391923	0.000298474683931395	0.000641951532659284
ctarjeta_debito_trx_mean6	0.000390658105341137	0.000541864359464818	0.00160487883164821
mvr_msaldopesos2_lag1	0.000390550692029524	0.00041518761867559	0.00144439094848339
ccallcenter_trx	0.00038676079878754	0.00253166974855309	0.000962927298988926
mprestamos_hipotecarios_mean6	0.000382782790515972	0.00397579354331592	0.000481463649494463
Visa_mpagospesos	0.00038263543041704	0.00218409601107843	0.00256780613063714
Master_msaldopesos_delta1	0.000381000013996325	0.00263299228274974	0.000802439415824105
matm_other_mean6	0.000379801297848257	0.000474196939487322	0.00128390306531857
mv_mfinanciacion_limite_mean6	0.000379249781409644	0.000309164060261847	0.00112341518215375
Visa_mconsumospesos_lag1	0.000376261930884987	0.000257587040358356	0.00112341518215375
mv_status06_delta3	0.000375666040351559	0.000633792037003241	0.000160487883164821
Master_mpagospesos_lag3	0.000372659287641945	0.00250691805296845	0.000962927298988926
Visa_mpagominimo_lag3	0.000371653872585872	0.000258124026296463	0.000802439415824105
mtarjeta_visa_consumo_lag3	0.000371432854570919	0.000391513890398252	0.00112341518215375
mv_mconsumototal_lag3	0.00037068276212522	0.000175925223455151	0.000802439415824105
Master_mfinanciacion_limite	0.000368848838591435	0.000831292588328781	0.000802439415824105
mvr_mconsumospesos_delta3	0.000368171210466351	0.00132393163862798	0.00160487883164821
mcaja_ahorro_dolares_lag2	0.000366975176154109	0.000991314397884804	0.000802439415824105
ctrx_quarter_lag2	0.000360151513805602	0.000283409511474342	0.000962927298988926
mv_Fvencimiento_lag2	0.000360054027989099	0.000361389938173884	0.00128390306531857
matm_delta3	0.000357441817925048	0.00208457301904341	0.000962927298988926
mv_mconsumospesos_delta3	0.000357334607599313	0.00123272713411632	0.00112341518215375
mvr_mconsumospesos	0.000356228402755807	0.000867610257824385	0.000802439415824105
Visa_fultimo_cierre_delta2	0.000355137408574081	0.0001941595718505	0.000802439415824105
Master_mpagominimo_lag3	0.000354871062057693	0.00014093643433912	0.000641951532659284
Master_msaldototal_lag2	0.000354649263824212	0.00102017419571321	0.000641951532659284
Visa_msaldodolares_mean6	0.00035454034761278	0.000573230091671059	0.000802439415824105
mcuenta_debitos_automaticos_delta1	0.000353743115463124	0.0018450597107507	0.000962927298988926
Visa_Fvencimiento_lag2	0.000350200136719902	0.000321243047524395	0.000962927298988926
mpayroll_lag3	0.000349660815866007	0.000986932209068462	0.00112341518215375
mv_status07_delta1	0.00034591035513886	0.00187123937340588	0.000320975766329642
Master_fultimo_cierre_lag3	0.000345645167841459	0.000197538907463977	0.000802439415824105
Visa_msaldopesos_delta1	0.000345063398275057	0.000553455904134739	0.00128390306531857
cmobile_app_trx_delta3	0.000339761522170263	0.000951070018716789	0.00144439094848339
mpasivos_margen_delta1	0.000339673159669722	0.000636673541903264	0.00128390306531857
ctarjeta_debito_mean6	0.000339571542227819	0.000482015199038577	0.00112341518215375
mvr_msaldodolares2_mean6	0.000334383553258528	0.000567056351555258	0.00112341518215375
Visa_mpagosdolares_delta3	0.000334013662011492	0.00156767770661437	0.000641951532659284
mtarjeta_visa_consumo_lag2	0.000332346996740572	0.000191040738343902	0.000962927298988926
mv_status06	0.00033233635577147	0.000368440275870197	0.000160487883164821
cliente_vip_lag2	0.000331650568371112	0.00139476423911269	0.000320975766329642
mtransferencias_emitidas	0.000329851332188426	0.000675381278275176	0.00112341518215375
ctarjeta_debito_trx_lag2	0.000328963437379172	0.000815057553649422	0.000641951532659284
mdescubierto_preacordado_mean6	0.000328958633771048	0.000853205130582922	0.000641951532659284
mv_mpagominimo_lag2	0.000328896581378194	0.000294073317045836	0.000641951532659284
mv_mconsumosdolares_lag3	0.000328416868813051	0.000231105323112997	0.000802439415824105
tmobile_app_lag1	0.000328119431963938	0.000376096320919315	0.000962927298988926
Visa_mconsumosdolares_delta2	0.000327576994458224	0.00018120079066257	0.000802439415824105
Visa_mfinanciacion_limite_lag1	0.000325780028556423	0.000689694510601636	0.000641951532659284
mvr_mconsumototal_lag3	0.000324128837953251	0.000258060898485287	0.000641951532659284
mtransferencias_emitidas_lag3	0.000324096736250142	0.000245388989249412	0.000962927298988926
Visa_msaldopesos_lag3	0.000323026583860084	0.000217307501396775	0.000802439415824105
Visa_msaldodolares_lag3	0.00032228616114686	0.00109674823067009	0.000481463649494463
ctransferencias_recibidas_delta3	0.000320032833858539	0.00230801031081403	0.000802439415824105
mcuenta_debitos_automaticos_lag2	0.000319772312793689	0.0002536123855129	0.000802439415824105
Visa_fultimo_cierre_lag1	0.000319571825855018	0.000242446753796865	0.000962927298988926
mplazo_fijo_dolares_delta3	0.000317627231452106	0.0021516347316681	0.000320975766329642
mtarjeta_visa_debitos_automaticos	0.00031666737638098	0.000283109055056591	0.00128390306531857
Master_msaldototal_lag1	0.000316659347349192	0.000190872930238244	0.000802439415824105
Master_mconsumospesos_mean6	0.000316024245463779	0.000957840676237004	0.000481463649494463
ctarjeta_debito_trx	0.000315667133958914	0.00111733988340683	0.000962927298988926
tpaquete9	0.000311508127651699	0.00257895647455524	0.000481463649494463
mvr_mconsumospesos_lag2	0.000310185729970127	0.000234579749986347	0.000802439415824105
mvr_msaldopesos2_mean6	0.000309777507457206	0.000721021886669441	0.0022468303643075
Master_status_delta3	0.000309314798460997	2.90004370026724e-05	0.000160487883164821
mv_msaldopesos_delta3	0.000309255709484096	0.000331757423973231	0.000481463649494463
Master_fechaalta_delta1	0.000308109038312037	0.000360568477542375	0.000320975766329642
ccomisiones_mantenimiento	0.000307637821014964	0.00149566805213141	0.000481463649494463
cliente_antiguedad_lag1	0.000306510777032789	0.00111183657662745	0.00160487883164821
mv_msaldototal_mean6	0.00030450641695301	0.00151072523372629	0.000641951532659284
mvr_mconsumototal_mean6	0.00030420077091474	0.00010138486292161	0.000481463649494463
cextraccion_autoservicio_delta3	0.000303236499275655	0.00088735807551553	0.000641951532659284
Visa_mpagosdolares	0.000302160312300373	0.00154452658072323	0.000802439415824105
mvr_Master_mlimitecompra_mean6	0.000301003785262113	0.000622265218316931	0.000962927298988926
tpaquete7_mean6	0.000300638945630674	0.00383422023726152	0.000481463649494463
mv_Fvencimiento_lag3	0.000300637505021945	0.000364432858489827	0.00112341518215375
Visa_mconsumototal_mean6	0.000300193049740814	0.000152005376622847	0.000641951532659284
mv_cconsumos_lag2	0.000299880947384213	0.000784596387041303	0.000320975766329642
catm_trx_delta3	0.000299399463815084	0.000799198089492251	0.000641951532659284
ctarjeta_visa_debitos_automaticos_lag2	0.000299288255653344	0.00268810126373424	0.000481463649494463
mpagomiscuentas_mean6	0.000298925456039155	0.000294855622452692	0.00128390306531857
Master_mlimitecompra_lag2	0.00029850510253169	0.000835848178854303	0.000802439415824105
mvr_mpagospesos_delta1	0.000296981127446967	0.000794577772983118	0.000802439415824105
ccomisiones_mantenimiento_delta1	0.000296954817522761	0.000492264278863229	0.000320975766329642
ctarjeta_debito_trx_lag3	0.000296811635479971	0.00155512566031111	0.000962927298988926
mcheques_emitidos_mean6	0.00029651040761093	0.00181961520741556	0.000481463649494463
mv_status01_delta2	0.000294710683255662	0.00162435289658502	0.000320975766329642
mv_fultimo_cierre_mean6	0.000294705157749818	0.000515290747304456	0.00160487883164821
mv_fechaalta_delta1	0.000293975487085849	0.000540531483654158	0.000641951532659284
minversion1_pesos_delta3	0.000293264356928018	0.00265052902887728	0.000320975766329642
mv_mconsumospesos_lag1	0.000293036694845894	0.000302886438937781	0.000481463649494463
mv_mconsumospesos_lag2	0.000291861427136886	0.000240198924267257	0.000641951532659284
Visa_mconsumosdolares_delta3	0.000290695949188839	0.000433404387174156	0.000641951532659284
mextraccion_autoservicio_mean6	0.00029045166099281	0.000152589508647782	0.000802439415824105
mv_mpagominimo_delta2	0.000289207952893445	0.000532275324855756	0.000802439415824105
mvr_Visa_mlimitecompra_mean6	0.0002885464236574	0.000137611436588428	0.000641951532659284
thomebanking	0.00028507553766666	0.00165446486251612	0.000641951532659284
ctransferencias_recibidas_lag2	0.000284332988467636	0.000207860704134414	0.000641951532659284
cproductos_lag3	0.000283482414402374	0.00025598327431999	0.000481463649494463
ctarjeta_debito_trx_delta3	0.000283444950330333	0.000411236936416657	0.00112341518215375
Master_mpagospesos_lag1	0.000282909940327416	0.00129976727141315	0.000802439415824105
Visa_msaldototal_lag1	0.000281191993869324	0.000828534142706241	0.000641951532659284
Visa_mlimitecompra_lag3	0.000281022026592185	0.000333052742731672	0.000641951532659284
mplazo_fijo_dolares_delta1	0.000280080870878555	0.0036039395711249	0.000481463649494463
cpagomiscuentas	0.000279625702571198	0.00170639667670015	0.000641951532659284
ccaja_ahorro_lag2	0.00027809639846182	0.000416087389756407	0.000320975766329642
mv_status02_mean6	0.000277238621914793	0.000100955753622854	0.000320975766329642
mvr_msaldopesos_lag2	0.000277065859888747	0.000234849841127836	0.000802439415824105
mvr_mpagospesos_lag2	0.000276900625964036	0.000194454434664728	0.000641951532659284
mv_cconsumos_lag1	0.000275922215916541	0.000182114146209083	0.000802439415824105
catm_trx_delta2	0.00027491513300492	0.000301923540045788	0.000641951532659284
ctarjeta_debito_trx_delta1	0.000274737533010177	0.000244027346334925	0.000481463649494463
mv_cconsumos_delta1	0.000274063575788349	0.00120934107687726	0.000802439415824105
Visa_msaldopesos_delta2	0.000273914824263612	0.000709150661823422	0.000481463649494463
Master_mlimitecompra_lag1	0.00027275700185126	0.000383142663184541	0.000802439415824105
Master_fultimo_cierre_lag1	0.000271126892493857	0.000496570554488915	0.000641951532659284
ctrx_quarter_normalizado_lag2	0.000270648170580733	0.00015877363688441	0.000802439415824105
matm_lag2	0.000268515307458639	0.000412851889662066	0.000481463649494463
mv_Fvencimiento_delta1	0.000267094007904634	0.000379890382279634	0.000641951532659284
mvr_msaldototal_lag3	0.000266694615547731	0.000147802183119208	0.000802439415824105
Visa_mfinanciacion_limite_lag3	0.000266229294658447	0.000383952137522789	0.000802439415824105
mv_cconsumos	0.000266185023028194	0.000734750986970965	0.000641951532659284
mv_mconsumototal_delta2	0.000263957795764346	0.000425180990910668	0.000481463649494463
mtarjeta_visa_consumo_delta1	0.000263403358360099	0.000169916894186357	0.000641951532659284
Master_mpagospesos	0.000263019071934341	0.00139653261691184	0.00128390306531857
mv_mpagospesos_lag2	0.000262873926646111	0.000162634022400774	0.000641951532659284
Visa_msaldototal_lag3	0.000261848889767913	0.000139414974181149	0.000641951532659284
Visa_mconsumosdolares_mean6	0.000260695783627781	0.000118312705351474	0.000481463649494463
Master_mfinanciacion_limite_lag2	0.000260206995067523	0.00275860703795602	0.000641951532659284
mtarjeta_visa_debitos_automaticos_delta1	0.000259229310661956	0.00055706937200992	0.000802439415824105
mv_mconsumospesos_mean6	0.000258071324386366	0.000149638483246843	0.000641951532659284
matm_delta1	0.000257518561909941	0.00109246832488958	0.000641951532659284
ctarjeta_visa_trx_lag2	0.000256592884216122	0.000389250079144296	0.00128390306531857
mv_msaldopesos_delta2	0.00025648616159428	0.000532515050720983	0.000481463649494463
mv_msaldopesos_delta1	0.000253697723823386	0.00037364951892157	0.000481463649494463
cplazo_fijo	0.000253599418690692	0.00178653463618673	0.000320975766329642
ctransferencias_recibidas	0.000252578538974806	0.0027768933269555	0.000641951532659284
ctarjeta_master_trx_lag2	0.000250497499336463	0.00108511433443065	0.000481463649494463
Visa_msaldototal_delta1	0.000249130117730468	0.000129621373500427	0.000641951532659284
mv_mpagospesos_lag3	0.000247051106362887	0.00130901269894872	0.000481463649494463
mvr_mpagominimo_delta3	0.000246296309024243	0.000891976793852228	0.000962927298988926
Visa_msaldopesos_lag2	0.000243025258819041	0.000157373637831487	0.000481463649494463
Master_msaldototal_lag3	0.000241995407724309	0.000102215912587729	0.000320975766329642
catm_trx_other_delta2	0.0002391323678783	0.00119861893801189	0.000481463649494463
Visa_mconsumototal_lag2	0.000236803189124394	0.000151963824139541	0.000641951532659284
tcallcenter_lag1	0.000234237748404026	0.000291151058748724	0.000320975766329642
mvr_Visa_mlimitecompra_lag3	0.000234187555546308	0.000441647760593079	0.000802439415824105
ctransferencias_emitidas_delta1	0.000234029852391714	0.000158973408438765	0.000481463649494463
ccuenta_debitos_automaticos_mean6	0.000233450557548071	0.00116089168042876	0.00112341518215375
ccajas_extracciones_lag2	0.000233318470300827	0.00215396966159541	0.000481463649494463
Master_mconsumospesos_lag3	0.00023293105277046	7.86101066388708e-05	0.000320975766329642
Visa_msaldototal_lag2	0.000231893291404756	0.000158787221350106	0.000802439415824105
thomebanking_lag3	0.000231708308490439	0.00025991957302701	0.000641951532659284
mv_mpagado_delta3	0.000231241653743721	0.0026319950231504	0.000481463649494463
Visa_mconsumospesos_mean6	0.000230949541634653	0.000213402367052234	0.000962927298988926
mvr_msaldopesos_lag1	0.000230260001551624	0.000340516208002392	0.000802439415824105
matm_lag3	0.000229837268665557	0.00010838326001379	0.000641951532659284
mv_mfinanciacion_limite_lag1	0.000229334268572252	0.000266860435911536	0.000481463649494463
Master_mpagospesos_mean6	0.000228658855262758	0.000375247691356413	0.000802439415824105
ccomisiones_otras_delta3	0.000226246726482456	0.000260687494881953	0.000481463649494463
mv_mfinanciacion_limite	0.000226108594576562	0.000161492927282296	0.000481463649494463
mpayroll_delta1	0.000225398897201404	0.000468729591587722	0.000802439415824105
mv_status01_mean6	0.000222165261513829	0.000501067012634347	0.000320975766329642
mvr_msaldototal_delta2	0.000221806619862587	0.00037369586592218	0.000481463649494463
mvr_mconsumototal_delta1	0.000221786858062826	9.15529061024519e-05	0.000320975766329642
mvr_msaldopesos_delta2	0.000221670815134928	0.000122804368979602	0.000481463649494463
ctarjeta_visa_descuentos_mean6	0.000221230694490136	0.00394380772020496	0.000641951532659284
mvr_msaldopesos	0.000220642873512679	0.000294958704574739	0.000481463649494463
mv_mlimitecompra_delta3	0.000220424275991214	0.000151197500457033	0.000320975766329642
Visa_Finiciomora_lag2	0.000218602074083236	0.000286070468578357	0.000160487883164821
ctarjeta_visa_debitos_automaticos_mean6	0.000217032910107757	0.000171707646399599	0.000481463649494463
mv_mconsumospesos_lag3	0.000216369750779435	7.47848809160726e-05	0.000320975766329642
mv_Finiciomora_delta2	0.000215720600423578	0.00259610086935003	0.000320975766329642
mv_msaldototal_delta1	0.000215332507424391	0.00111005860979368	0.000962927298988926
mtarjeta_master_consumo_delta3	0.000215244732773209	0.00147432525835029	0.000641951532659284
Visa_mpagominimo_delta1	0.000212866751139029	0.000417037503268922	0.00112341518215375
mvr_mconsumosdolares_delta1	0.000211668995927235	0.000114140676210314	0.000481463649494463
mvr_Master_mlimitecompra_lag1	0.000211302407709581	0.000313845107323504	0.000481463649494463
Master_msaldopesos_delta3	0.000211122783710281	0.000453650035578755	0.000481463649494463
mcuenta_debitos_automaticos_lag3	0.000210186314378509	0.000720359444195198	0.000320975766329642
cextraccion_autoservicio_lag2	0.000209485519881076	0.000125582791757577	0.000481463649494463
cproductos_lag2	0.000208333913350141	0.000781428010189225	0.000802439415824105
ctarjeta_debito_trx_delta2	0.000207371898946814	0.00038044654628696	0.000481463649494463
Visa_cconsumos_lag1	0.00020655184964189	0.000985644881172196	0.000802439415824105
mcomisiones_mantenimiento_delta1	0.000205366262818934	0.000687975676147962	0.000320975766329642
mtarjeta_master_consumo_delta2	0.000204655758223693	0.000539812306058479	0.000641951532659284
Master_mlimitecompra_lag3	0.000201175488794108	0.000523327956479284	0.000641951532659284
cplazo_fijo_mean6	0.000200276796610669	0.00130116966772472	0.000320975766329642
mtarjeta_master_consumo_lag1	0.000198994959083696	0.00019114062412108	0.000641951532659284
Master_cconsumos_mean6	0.000197364109939818	0.000166910731836416	0.000641951532659284
ccallcenter_trx_lag3	0.000196966789091798	0.00221651413983301	0.000481463649494463
mpagomiscuentas_delta2	0.000196849768855792	0.000801725599197957	0.000962927298988926
mv_mpagosdolares_mean6	0.000195220533791497	0.000320794760156421	0.000641951532659284
mtarjeta_master_consumo_lag3	0.000192721016799702	0.000110228350089817	0.000481463649494463
ccomisiones_mantenimiento_lag3	0.000192633986738804	7.39186714563873e-05	0.000481463649494463
ccuenta_debitos_automaticos	0.000192569306129063	0.000368832627202951	0.000320975766329642
mpayroll_sobre_edad_lag2	0.000191924586611709	0.00122240773470454	0.00160487883164821
ctransferencias_recibidas_delta2	0.000191641701424841	0.000846078879695954	0.000320975766329642
ctarjeta_visa_trx_mean6	0.000191200645044043	0.000571829293531919	0.00112341518215375
ctarjeta_debito	0.000191110750373044	0.000173131618039045	0.000641951532659284
mvr_msaldopesos_delta1	0.000190555279182584	0.000298483473879787	0.000641951532659284
mvr_mconsumospesos_lag1	0.000190432192170395	8.08211782024769e-05	0.000320975766329642
mvr_mconsumosdolares_lag1	0.000189633818449076	0.000185798732757615	0.000481463649494463
Visa_cconsumos_delta1	0.000189184252449689	0.000125500485877183	0.000481463649494463
Visa_mconsumosdolares_delta1	0.000188820487186227	0.000235100754200106	0.000641951532659284
ccomisiones_otras_lag2	0.000188359103368516	0.000491441220059284	0.000641951532659284
Visa_msaldopesos_lag1	0.000188247545729724	0.000159984252503804	0.000802439415824105
Master_mpagominimo_mean6	0.000187953301137977	0.000789402091552877	0.000802439415824105
mv_msaldototal_delta2	0.000187384503187169	0.000317973985808922	0.000962927298988926
mvr_mpagosdolares_mean6	0.00018593725382398	0.000523936061090742	0.000481463649494463
Visa_msaldodolares_delta2	0.000185908247353354	0.00137820397634284	0.000320975766329642
cproductos_delta1	0.000185305832714521	0.0018059076824419	0.000481463649494463
ctarjeta_master_trx_mean6	0.000184190996913706	0.000215579876994709	0.000481463649494463
mtarjeta_visa_debitos_automaticos_lag2	0.000182619356975374	0.000117201975509257	0.000481463649494463
mautoservicio_lag1	0.000182442780058356	0.000277089538580753	0.000641951532659284
mv_mpagado_mean6	0.000181846467323555	0.000252072546371928	0.000320975766329642
cpagomiscuentas_lag1	0.000180752620962396	0.000231326669995223	0.000481463649494463
ccallcenter_trx_lag2	0.000180337008387318	0.00147971749214545	0.000641951532659284
matm_other_delta2	0.000180079633042328	0.000578230773219685	0.000481463649494463
ccajas_extracciones_mean6	0.000180079504940774	0.000471798881748839	0.000481463649494463
mv_mconsumosdolares_lag1	0.000179801516028057	8.01962927804531e-05	0.000320975766329642
cseguro_accidentes_personales_mean6	0.00017926963357121	0.000694653639666956	0.000481463649494463
mv_Fvencimiento_delta3	0.000178047207410048	0.00033404840415858	0.000481463649494463
thomebanking_lag1	0.000177554742868942	0.000127602082629002	0.000481463649494463
mvr_msaldototal_delta1	0.000177551024054135	0.000216467661782264	0.000641951532659284
mv_mconsumospesos_delta1	0.000177238048071622	0.000109905519257979	0.000481463649494463
Master_mpagospesos_delta3	0.000176528961133581	0.00189975955959188	0.000481463649494463
mv_status04_delta2	0.000176144778167457	0.000715007164710907	0.000320975766329642
mvr_Master_mlimitecompra_lag2	0.000175992072574747	7.00327151810651e-05	0.000320975766329642
mvr_msaldopesos2_lag3	0.00017572130805593	0.000629410647273117	0.000802439415824105
mcheques_depositados_delta1	0.000175219150497222	0.000637013952631885	0.000160487883164821
ctrx_quarter_mean6	0.000173986312924607	0.000871306031579961	0.00192585459797785
Visa_madelantopesos	0.000172872466665935	0.000584433280439313	0.000160487883164821
mv_mpagado_delta2	0.000171623032427096	0.000914726778462227	0.000320975766329642
cpagomiscuentas_delta2	0.00017114310849439	0.00240456629572376	0.000481463649494463
mv_status01	0.000170928218137219	0.000255630877298107	0.000320975766329642
cprestamos_hipotecarios_mean6	0.000170552427957921	0.00265052902887728	0.000320975766329642
matm_other_lag1	0.000168921725063317	0.00113043211199307	0.000481463649494463
Master_mpagospesos_lag2	0.000168173650417255	0.000608281209512049	0.000481463649494463
ctarjeta_visa_debitos_automaticos_lag1	0.000167778183839232	0.000497143499306806	0.000481463649494463
mvr_msaldodolares_lag1	0.000167018996383343	0.0015275499940341	0.000481463649494463
Visa_mlimitecompra_lag1	0.000166939691913677	0.0001123970700839	0.000481463649494463
Master_mpagominimo_lag1	0.000166313605175141	0.000445027895292773	0.000802439415824105
Master_mconsumosdolares_lag3	0.000165503177097572	8.12255158284924e-05	0.000160487883164821
Visa_status_delta2	0.000164380127852107	0.00129110357864386	0.000320975766329642
mv_mlimitecompra_lag1	0.000164270558322748	0.000120633251726866	0.000320975766329642
Master_status_mean6	0.000162021291453378	0.000653844306543224	0.000320975766329642
ccallcenter_trx_lag1	0.000161919612979758	0.000747910338799467	0.000641951532659284
mv_status05_delta1	0.000161410170178911	0.00114044945681467	0.000320975766329642
Master_fechaalta_lag1	0.000159373610321605	0.000479380611779737	0.000802439415824105
Visa_fultimo_cierre_delta1	0.00015910587942196	0.000133158129098736	0.000641951532659284
mvr_Visa_mlimitecompra_lag1	0.000157282541680202	6.26587475666966e-05	0.000160487883164821
mvr_Master_mlimitecompra_lag3	0.000155613967696125	0.000129904250021394	0.000320975766329642
mcuenta_debitos_automaticos_lag1	0.000155118520523831	0.00059871934383438	0.000641951532659284
ccaja_ahorro_delta3	0.000154515078403782	0.00257063319251458	0.000320975766329642
mv_mpagominimo_delta1	0.000154365705618945	0.000269687602948775	0.000641951532659284
Master_fechaalta_delta3	0.000154289167042899	3.18228095226063e-05	0.000160487883164821
Master_msaldopesos_lag3	0.000153923698913209	0.000595053136268849	0.000641951532659284
Master_msaldototal_delta1	0.000152697086766886	0.00135934953704277	0.000320975766329642
Master_status_lag1	0.000152285607494588	4.00637856828774e-05	0.000160487883164821
Visa_mpagado	0.000148617815776167	9.11333858383054e-05	0.000320975766329642
ctarjeta_visa_descuentos_delta3	0.000148461605299644	6.59837453173887e-05	0.000160487883164821
mvr_mconsumosdolares_lag2	0.00014792754138008	0.000832768500572359	0.000320975766329642
Master_cconsumos_delta2	0.000147527835997181	7.94938959953393e-05	0.000320975766329642
ccuenta_debitos_automaticos_delta3	0.000146942918674084	0.000885455451231849	0.000160487883164821
mextraccion_autoservicio_delta3	0.000146275539467064	7.44876208431917e-05	0.000320975766329642
Master_cconsumos_lag3	0.000146025569709753	0.000146717823122167	0.000481463649494463
mv_mconsumototal_mean6	0.000145704186252586	0.000259387381606207	0.000641951532659284
mv_msaldototal_lag1	0.000145550283977857	0.00025795781636324	0.000320975766329642
ctransferencias_recibidas_lag1	0.000145287577580555	0.000327702061419816	0.000481463649494463
mpagomiscuentas_lag3	0.000145119440689274	0.000744284884631024	0.000802439415824105
catm_trx	0.000144625997103889	0.000193445987858342	0.000320975766329642
mv_mlimitecompra_lag2	0.000144238228895517	0.000457066129158233	0.000802439415824105
mcuenta_debitos_automaticos_delta3	0.00014348074358903	0.000226353956464207	0.000160487883164821
Visa_mfinanciacion_limite_lag2	0.000142889920005826	9.6018199885405e-05	0.000481463649494463
Visa_mpagosdolares_delta1	0.000141996268618545	0.000100427557633139	0.000160487883164821
Master_fechaalta_delta2	0.000141964518648337	0.000307179130097771	0.000320975766329642
mpayroll_sobre_edad_delta3	0.000141918156560846	0.000207822347995978	0.000320975766329642
cextraccion_autoservicio_lag1	0.000141236069694135	0.000156853432703945	0.000481463649494463
ctarjeta_visa_debitos_automaticos_lag3	0.000140217918541352	0.00110694137445952	0.000481463649494463
mpagomiscuentas_delta1	0.000139008019577959	0.000376207393903537	0.000641951532659284
Master_status_delta1	0.000138089111434718	0.000100117512180779	0.000160487883164821
Master_mpagominimo_delta2	0.000137644478145802	0.000339506962109788	0.000481463649494463
Visa_mlimitecompra_delta3	0.000137538189350622	0.000990023873643667	0.000160487883164821
Visa_mconsumospesos_delta2	0.000136755657978183	0.000154737452400212	0.000641951532659284
mcheques_depositados_lag3	0.000136490126484934	0.00213305357985439	0.000320975766329642
matm_other_lag3	0.000135631794831172	0.000133363494256613	0.000320975766329642
Visa_mconsumosdolares_lag1	0.000135554161019275	5.41548720408936e-05	0.000320975766329642
ctrx_quarter_normalizado_mean6	0.000135407147005306	0.00010651419735124	0.000481463649494463
mpayroll_lag1	0.000134915782477568	0.000403728722317762	0.00112341518215375
mextraccion_autoservicio_delta1	0.00013471816350453	0.000451843301641164	0.000802439415824105
tcallcenter_delta3	0.000134115486624468	0.00103834861264225	0.000160487883164821
mvr_Master_mlimitecompra_delta2	0.000134113569371207	0.00230716248033735	0.000320975766329642
mvr_mconsumospesos_delta2	0.000132568075627283	0.000142499446980397	0.000481463649494463
ctarjeta_debito_lag3	0.000131265449086211	0.000278201067509187	0.000320975766329642
cliente_edad_delta3	0.000131159581691768	9.5726533416046e-05	0.000320975766329642
Master_msaldototal_delta3	0.000130575972361092	0.000438480981913436	0.000320975766329642
Master_mpagospesos_delta1	0.000129735241860877	0.00011199113428545	0.000320975766329642
cforex_mean6	0.000129168964670484	0.000175637552416879	0.000320975766329642
tmobile_app_lag2	0.000129067559480179	0.000177793487031484	0.000320975766329642
mv_mpagospesos_mean6	0.000128935606339249	0.000766669686839662	0.000481463649494463
internet_delta2	0.000128807344658106	9.4889091060188e-05	0.000320975766329642
Master_msaldototal_delta2	0.000125036993529087	0.00010874284881163	0.000320975766329642
mvr_mconsumosdolares_lag3	0.000124422460483227	6.40731301715332e-05	0.000160487883164821
ctarjeta_master_debitos_automaticos_mean6	0.000123987999792106	0.000415496065955515	0.000320975766329642
Master_fultimo_cierre	0.00012344705254903	0.00119565352905904	0.000641951532659284
ctarjeta_master	0.000122700337838952	0.000357609461279262	0.000320975766329642
Master_cconsumos_lag1	0.000122632326664317	9.93479921534017e-05	0.000320975766329642
mdescubierto_preacordado_lag2	0.00012241567277575	0.000159038933508594	0.000160487883164821
ctarjeta_master_trx_lag3	0.000122262442036133	0.000450055745772791	0.000481463649494463
ctransferencias_emitidas_lag1	0.000122165558761227	0.00128709775943592	0.000320975766329642
mcaja_ahorro_adicional	0.000120947804036742	0.00261474195263004	0.000320975766329642
mv_cconsumos_delta2	0.000119488650473471	0.000296181306487395	0.000320975766329642
cpagomiscuentas_delta1	0.000118697367173177	0.000208480795039133	0.000320975766329642
Visa_mconsumototal_lag3	0.000118096805203071	0.000187604667608989	0.000481463649494463
Master_mfinanciacion_limite_mean6	0.000118051410215595	0.000438822990814493	0.000320975766329642
cliente_vip_lag3	0.000117894319880156	0.000146195220735973	0.000160487883164821
Master_madelantodolares_mean6	0.000116999146219406	2.84698437543043e-05	0.000160487883164821
mplazo_fijo_dolares_lag2	0.000116401385937042	0.000324601606896219	0.000320975766329642
internet_lag3	0.000114971640220563	8.73417217366389e-05	0.000160487883164821
ccajas_trx_lag1	0.000114718434688531	0.000155028319783354	0.000160487883164821
thomebanking_lag2	0.000114572573988867	7.58212957400687e-05	0.000320975766329642
Master_mpagominimo_delta1	0.000113489500968417	0.000428983043133161	0.000320975766329642
tcallcenter_lag3	0.000112897321643764	0.000635440551869782	0.000320975766329642
Master_mconsumototal_lag1	0.000112782717723325	8.32024551303939e-05	0.000160487883164821
catm_trx_delta1	0.000112244178789468	0.000226425075137558	0.000320975766329642
ccajas_consultas_lag2	0.000111423602933781	0.000938760095537406	0.000160487883164821
mv_msaldodolares_mean6	0.000110633498334265	0.000135235753264033	0.000481463649494463
mv_status02_delta1	0.00010985140401898	0.000297310415312612	0.000160487883164821
ctarjeta_master_descuentos_lag2	0.000109449224919517	7.15893351326027e-05	0.000160487883164821
mvr_msaldototal	0.000108879620331446	0.000682561067938711	0.000802439415824105
mv_mconsumosdolares_delta3	0.000108824950817972	0.000114165447883054	0.000320975766329642
mvr_msaldopesos_delta3	0.000108091203370013	0.000740860001103155	0.000481463649494463
cliente_vip_delta1	0.000107953254969568	0.000191873386182456	0.000320975766329642
cpayroll_trx_lag3	0.000107376787128356	9.87318966797694e-05	0.000320975766329642
Visa_mpagado_delta2	0.000107054784828824	6.99759800596281e-05	0.000160487883164821
Master_mconsumospesos_delta3	0.000106573413882311	0.000142540999463703	0.000481463649494463
Visa_cconsumos_lag3	0.00010523817392898	0.000113045928092446	0.000641951532659284
Visa_mfinanciacion_limite_delta3	0.000104646475609863	0.0010487902722453	0.000160487883164821
catm_trx_other_delta3	0.000104307040651647	0.000157432770211576	0.000160487883164821
mprestamos_personales_lag3	0.000103523033519632	3.49815973400747e-05	0.000160487883164821
mvr_mconsumosdolares_delta2	0.000103123442071564	6.1699045019573e-05	0.000160487883164821
mv_status05_delta2	0.000102439798237212	0.000267654727611653	0.000160487883164821
mv_status03_delta3	0.000102307307069755	0.000355360033577219	0.000160487883164821
ccheques_emitidos_mean6	0.000102238072449762	0.000888308988114262	0.000160487883164821
tcallcenter_delta1	0.000102149254838426	0.000120074690460889	0.000320975766329642
mextraccion_autoservicio_delta2	0.000101322574409925	0.00144134856832972	0.000641951532659284
Master_mconsumototal_delta3	9.95716044386729e-05	3.90825078078834e-05	0.000160487883164821
mv_mfinanciacion_limite_lag2	9.94492823995932e-05	0.000215587867856883	0.000481463649494463
mvr_mpagado	9.91897929525714e-05	0.000263352447417054	0.000320975766329642
mv_mpagosdolares_lag3	9.83086939163326e-05	9.53166021865086e-05	0.000160487883164821
ccallcenter_trx_delta1	9.79166348396515e-05	0.000429453704915222	0.000320975766329642
cpagomiscuentas_lag3	9.7421949337849e-05	0.000103983491300666	0.000160487883164821
ccajas_otras_mean6	9.62633828689694e-05	0.000135232556919163	0.000320975766329642
Visa_mfinanciacion_limite_delta2	9.56577197882244e-05	0.000198819842670504	0.000320975766329642
mvr_Master_mlimitecompra	9.50364945036701e-05	0.000274934403052366	0.000481463649494463
mforex_sell_lag2	9.45318416334378e-05	0.00131631714606217	0.000320975766329642
Master_mconsumospesos_lag2	9.44147653530026e-05	0.000368453860335893	0.000160487883164821
ccajas_depositos_lag3	9.35835570683165e-05	6.08456209393665e-05	0.000160487883164821
mv_mpagado	9.3068042253801e-05	0.000193073613681023	0.000160487883164821
mv_mconsumosdolares_delta1	9.22723704077629e-05	9.77801849948201e-05	0.000320975766329642
mforex_sell_delta3	9.10851839166491e-05	0.00130320094488941	0.000160487883164821
cseguro_vivienda_lag3	9.1029152296842e-05	0.000128090324307847	0.000160487883164821
ccheques_depositados_mean6	9.10218966781877e-05	0.00122668124779531	0.000320975766329642
mv_msaldodolares_lag3	9.05664238627605e-05	0.000632686101678329	0.000160487883164821
mextraccion_autoservicio_lag1	9.00821978528584e-05	0.000210312300649464	0.000641951532659284
ctarjeta_master_trx_delta1	8.91291028074986e-05	0.000129101967459103	0.000320975766329642
Master_mfinanciacion_limite_delta2	8.90359732444734e-05	0.00132371109083197	0.000320975766329642
Visa_mpagosdolares_mean6	8.89956767655738e-05	6.35089753020334e-05	0.000160487883164821
ctarjeta_debito_delta2	8.77653211182076e-05	0.000809225822434678	0.000160487883164821
matm_delta2	8.64819314274024e-05	0.000308400932924209	0.000160487883164821
Visa_Fvencimiento_delta3	8.63527709003543e-05	6.45869426093354e-05	0.000160487883164821
Visa_mconsumototal_delta1	8.62156915622308e-05	5.64322677605458e-05	0.000320975766329642
mvr_msaldodolares_mean6	8.59867595896533e-05	0.000671727057002906	0.00128390306531857
ctransferencias_emitidas	8.54727811824899e-05	0.000976744658882551	0.00112341518215375
mv_mconsumospesos	8.53116575439819e-05	0.000105714312047601	0.000320975766329642
Visa_mpagado_lag1	8.52182010551153e-05	0.00036621402166846	0.000160487883164821
mv_status03_delta2	8.49295818484248e-05	0.000140362690435011	0.000320975766329642
mvr_msaldodolares2_lag2	8.48424279560248e-05	0.000145397732690986	0.000320975766329642
Master_msaldopesos_delta2	8.45838677790274e-05	2.24055784502902e-05	0.000160487883164821
mprestamos_prendarios	8.40875340372275e-05	0.00130265516900291	0.000160487883164821
Visa_delinquency_mean6	8.31545851500361e-05	0.00154848285658568	0.000962927298988926
Master_msaldopesos_lag1	8.24562759691689e-05	4.92724552524464e-05	0.000320975766329642
cforex_lag3	8.24110006765824e-05	0.000442334175653844	0.000160487883164821
ctransferencias_emitidas_lag3	8.23735865029908e-05	0.00032826461811688	0.000320975766329642
ccajas_depositos_lag1	8.2294590524229e-05	0.00084538607194545	0.000160487883164821
mvr_msaldototal_lag2	8.12705552400573e-05	6.81500680528193e-05	0.000160487883164821
ctransferencias_recibidas_lag3	7.84566113822087e-05	0.000380383418475783	0.000481463649494463
Visa_msaldodolares_lag2	7.84554381854749e-05	0.000441081208464927	0.000160487883164821
mpayroll_sobre_edad_lag3	7.8418231607678e-05	0.00058998533147796	0.000962927298988926
ccomisiones_mantenimiento_lag2	7.75293664298518e-05	3.32619638001829e-05	0.000160487883164821
mvr_msaldodolares2	7.70252654638155e-05	0.000762187612246143	0.000320975766329642
mplazo_fijo_dolares_lag1	7.67462730889232e-05	0.000799511331289481	0.000160487883164821
minversion1_pesos_mean6	7.61423852822169e-05	0.00130065745345935	0.000160487883164821
Master_Finiciomora_lag1	7.58672231437952e-05	0.000983087006190229	0.000160487883164821
Master_Finiciomora_lag2	7.58506211823708e-05	0.000968267952288141	0.000160487883164821
mautoservicio_lag3	7.51253016423865e-05	3.56600215386658e-05	0.000160487883164821
Visa_Finiciomora	7.47298350643637e-05	0.000964255740390466	0.000160487883164821
Visa_mpagado_lag3	7.44928642693008e-05	0.00102828571990626	0.000160487883164821
ctransferencias_emitidas_lag2	7.40716826386635e-05	0.000380724628290623	0.000320975766329642
mcomisiones_mantenimiento_lag2	7.405079434586e-05	0.000160808110393966	0.000160487883164821
mvr_mpagosdolares_lag2	7.37549053759687e-05	0.000679795430540214	0.000160487883164821
thomebanking_delta3	7.36058207871907e-05	0.000349651361639958	0.000160487883164821
mforex_sell_lag3	7.32149060843938e-05	0.000999056744245403	0.000160487883164821
mvr_mpagominimo_lag2	7.26558943871496e-05	4.72659497605002e-05	0.000320975766329642
Visa_mlimitecompra_lag2	7.26405414158788e-05	9.74301852315893e-05	0.000160487883164821
mvr_mpagado_lag3	7.24267826224369e-05	0.000237840820839646	0.000160487883164821
mv_mpagado_lag1	7.22139376200817e-05	0.000326958112151396	0.000160487883164821
cforex_lag2	7.20314526860719e-05	2.89724689850627e-05	0.000160487883164821
Master_msaldopesos_lag2	7.15702614706409e-05	0.00046373690090127	0.000160487883164821
internet_lag1	7.12954921769854e-05	0.000327205828878797	0.000160487883164821
mvr_mpagado_delta3	7.05831450543897e-05	0.000413271409926213	0.000160487883164821
mvr_msaldodolares_lag3	6.95481015766604e-05	0.000314516339746138	0.000160487883164821
mtarjeta_master_descuentos_lag3	6.92619696751474e-05	0.000125361444875351	0.000160487883164821
mv_mpagado_lag3	6.81802972316893e-05	0.00095179798626086	0.000160487883164821
tcallcenter_mean6	6.81437007526802e-05	0.000396015143060989	0.000320975766329642
mv_msaldopesos_lag3	6.80397570165764e-05	4.29229161688127e-05	0.000160487883164821
ccaja_seguridad_lag3	6.7683903709164e-05	0.000381838554477708	0.000160487883164821
mcheques_depositados_lag1	6.68213105436989e-05	0.00132011280559492	0.000160487883164821
Master_Fvencimiento_delta1	6.63766657790187e-05	3.83361612808114e-05	0.000160487883164821
mv_mpagosdolares_delta2	6.6002797123034e-05	0.0011073393193958	0.000160487883164821
cpayroll_trx_mean6	6.56707046935577e-05	0.000202533196322863	0.000641951532659284
Master_msaldopesos_mean6	6.56442184550561e-05	5.01474546605233e-05	0.000320975766329642
catm_trx_other_mean6	6.56166008274835e-05	2.5125667934394e-05	0.000160487883164821
ccajas_extracciones_delta2	6.56079112720569e-05	8.53719742106942e-05	0.000160487883164821
Master_mlimitecompra_delta3	6.46368630607542e-05	0.00105729814320219	0.000160487883164821
cpagomiscuentas_delta3	6.43791398139109e-05	5.99138864098527e-05	0.000160487883164821
mv_status01_delta3	6.43290948067368e-05	0.00100424121562404	0.000160487883164821
Visa_fultimo_cierre_delta3	6.41635150078296e-05	0.000110576751680613	0.000160487883164821
ccuenta_debitos_automaticos_lag2	6.38373855310434e-05	9.03327014484488e-05	0.000160487883164821
mvr_mconsumototal_delta2	6.28015819840926e-05	7.8301659358946e-05	0.000160487883164821
Visa_mfinanciacion_limite_delta1	6.24336059996011e-05	6.18820357633626e-05	0.000160487883164821
ctarjeta_master_debitos_automaticos	6.21217299557456e-05	0.000143199446506858	0.000160487883164821
mv_msaldototal_lag2	6.19963932600904e-05	7.2133512846667e-05	0.000320975766329642
internet_lag2	6.189657012398e-05	6.20921954385445e-05	0.000160487883164821
mttarjeta_master_debitos_automaticos_lag2	6.18360891101904e-05	0.000255535786038234	0.000160487883164821
Master_mlimitecompra_delta1	6.16191405880489e-05	0.00112321636344975	0.000160487883164821
mv_status01_delta1	6.13731642537258e-05	6.56313482955057e-05	0.000160487883164821
mpayroll_sobre_edad_mean6	6.07276075292761e-05	0.000582846295211513	0.000802439415824105
ccheques_depositados_delta1	6.06665534119759e-05	0.00155108707856826	0.000320975766329642
mextraccion_autoservicio	6.02502048433324e-05	4.90455147666986e-05	0.000320975766329642
ctarjeta_visa_descuentos_lag2	6.0220963364577e-05	0.00132526451443864	0.000160487883164821
mtarjeta_master_consumo	5.93227067264225e-05	0.000635193634228599	0.000160487883164821
mvr_msaldodolares2_delta1	5.91879865919221e-05	0.000665060280690956	0.000160487883164821
mprestamos_prendarios_lag1	5.91004804202481e-05	0.00127058863818399	0.000160487883164821
Master_fultimo_cierre_delta3	5.9023289626226e-05	9.46437715914394e-05	0.000320975766329642
cpagomiscuentas_lag2	5.83522258982536e-05	0.000181046567022608	0.000320975766329642
Visa_delinquency_delta3	5.82489314558588e-05	0.00138653524924568	0.000481463649494463
mcaja_ahorro_adicional_lag2	5.75604179153441e-05	0.00125829709398761	0.000160487883164821
matm	5.75034191288028e-05	6.60876265256536e-05	0.000320975766329642
mv_fechaalta_delta3	5.72110123861598e-05	2.4149983662922e-05	0.000160487883164821
ctarjeta_master_trx	5.7008761382337e-05	2.62483840698717e-05	0.000160487883164821
minversion1_pesos_lag1	5.70002810594489e-05	0.00122889471661757	0.000160487883164821
mv_mconsumototal_delta3	5.66144930876024e-05	8.13989175376729e-05	0.000320975766329642
mautoservicio_lag2	5.61335108189862e-05	0.000168102169386592	0.000802439415824105
mvr_mpagado_lag1	5.58500187738203e-05	0.000109385314130437	0.000160487883164821
mvr_mpagado_delta2	5.56659240302794e-05	0.000963863389057712	0.000160487883164821
cextraccion_autoservicio_delta2	5.55290005490468e-05	8.32847610107884e-05	0.000160487883164821
mv_mlimitecompra_delta1	5.54688824896607e-05	0.000441272989157108	0.000160487883164821
ccaja_seguridad_lag2	5.52955440066208e-05	0.000641757328418501	0.000160487883164821
Master_mpagosdolares_mean6	5.48377885816247e-05	0.00104973239489564	0.000320975766329642
mv_status05_delta3	5.40314037093602e-05	0.00103368914090846	0.000160487883164821
matm_lag1	5.33775266730314e-05	0.000230867195420205	0.000320975766329642
mtarjeta_master_consumo_delta1	5.30587072580601e-05	0.000465382219422942	0.000160487883164821
Visa_fechaalta_delta3	5.01305576621033e-05	2.92002085570279e-05	0.000160487883164821
mtarjeta_master_consumo_mean6	4.97562620009379e-05	0.000203675090527559	0.000160487883164821
cseguro_vida_delta3	4.79198365503921e-05	0.00105631526715476	0.000160487883164821
Visa_mpagosdolares_lag2	4.77125084549712e-05	2.67046623000195e-05	0.000160487883164821
tmobile_app_lag3	4.72926769613395e-05	2.62851420358731e-05	0.000160487883164821
ctarjeta_debito_lag1	4.72330157974967e-05	4.22716609016139e-05	0.000160487883164821
Visa_Fvencimiento_delta1	4.69646003409295e-05	4.42078468064269e-05	0.000160487883164821
mv_mconsumospesos_delta2	4.69303459853364e-05	2.49602570873877e-05	0.000160487883164821
ccuenta_debitos_automaticos_delta1	4.55312549707778e-05	0.000604581440325386	0.000160487883164821
ctarjeta_debito_lag2	4.55176804760844e-05	4.13806797691885e-05	0.000160487883164821
ccajas_trx_delta1	4.45843026618202e-05	4.84669763452852e-05	0.000160487883164821
mvr_msaldodolares2_delta3	4.38431839301511e-05	0.00132526451443864	0.000160487883164821
matm_other	4.37733984734747e-05	0.00021835030891051	0.000160487883164821
mvr_msaldodolares2_lag3	4.37129985906694e-05	0.000159109253095727	0.000160487883164821
mvr_mconsumospesos_lag3	4.06670681557293e-05	5.8550645322931e-05	0.000160487883164821
Master_cconsumos_lag2	4.03198446230182e-05	9.51192278908054e-05	0.000160487883164821
mvr_Master_mlimitecompra_delta3	3.99086215538288e-05	3.43894744529651e-05	0.000160487883164821
mvr_mconsumototal_lag2	3.95651850233138e-05	0.000105492965165375	0.000320975766329642
active_quarter_mean6	3.9248800338507e-05	2.75804607943139e-05	0.000160487883164821
ccajas_trx	3.92197426359626e-05	7.94059965114229e-05	0.000160487883164821
minversion1_pesos	3.87217862744761e-05	0.00132526451443864	0.000160487883164821
Master_cadelantosefectivo_mean6	3.83083000835195e-05	9.66702542388212e-05	0.000320975766329642
mv_status02_delta3	3.81187482080793e-05	2.36353721389024e-05	0.000160487883164821
mextraccion_autoservicio_lag2	3.78860303846159e-05	2.46014673757653e-05	0.000160487883164821
cextraccion_autoservicio	3.61101329184296e-05	2.89980397440201e-05	0.000160487883164821
mv_status07	3.53736941635407e-05	4.83838713786733e-05	0.000160487883164821
ccajas_trx_delta3	3.53266189773981e-05	3.42991777103964e-05	0.000160487883164821
Master_mconsumosdolares_lag1	3.47039109173539e-05	2.44800062707172e-05	0.000160487883164821
Master_msaldodolares_lag1	3.42902603237124e-05	2.34100298255894e-05	0.000160487883164821
cplazo_fijo_lag3	3.40048137655143e-05	5.2035695392291e-05	0.000160487883164821
mvr_Visa_mlimitecompra_lag2	3.26176252534885e-05	6.29839756571873e-05	0.000320975766329642
mv_mconsumototal_lag2	3.01798465388619e-05	3.15527183811177e-05	0.000160487883164821
mplazo_fijo_dolares_mean6	2.90563809633461e-05	7.14159334234222e-05	0.000160487883164821
Master_mpagado_lag1	2.83179630394448e-05	0.000140561662903149	0.000160487883164821
Master_mconsumototal_lag3	2.80863212690366e-05	6.63273523908801e-05	0.000160487883164821
mvr_mpagosdolares_delta1	2.78648507620319e-05	0.000493572383001148	0.000160487883164821
Visa_delinquency_delta2	2.73690080761897e-05	7.83911570152972e-05	0.000160487883164821
Master_mconsumosdolares_delta2	2.72162982134279e-05	0.000158321354085349	0.000160487883164821
Master_mconsumospesos_lag1	2.57154646744718e-05	6.90354555817226e-05	0.000160487883164821
ccajas_consultas_lag3	2.33867961917568e-05	0.000134311210510476	0.000160487883164821
tcallcenter_delta2	2.27550761873746e-05	9.96716220714575e-05	0.000160487883164821
mpagomiscuentas_lag2	2.26749332196445e-05	0.000149263711810873	0.000641951532659284
catm_trx_lag1	2.07001842112702e-05	5.98619458057202e-05	0.000160487883164821
mvr_mconsumosdolares_delta3	2.05331068251309e-05	0.000258430076317736	0.000481463649494463
cforex_sell_mean6	2.0036769747353e-05	0.000118558024820222	0.000160487883164821
mvr_Visa_mlimitecompra_delta2	1.9870148055805e-05	0.000105220476765235	0.000160487883164821
ctransferencias_recibidas_delta1	1.83509554291061e-05	3.99726898540913e-05	0.000160487883164821
mv_mconsumototal_lag1	1.77599268834156e-05	2.35538653447253e-05	0.000160487883164821
cforex_buy_mean6	1.70140449089562e-05	0.000221568229108068	0.000160487883164821
mv_mfinanciacion_limite_lag3	1.66812840417143e-05	2.23879985535069e-05	0.000160487883164821
mvr_mpagospesos_mean6	1.64604871353822e-05	3.83473484878554e-05	0.000160487883164821
mv_msaldopesos_lag1	1.56343727556231e-05	7.49910451601674e-05	0.000320975766329642
Master_mconsumosdolares_mean6	1.44077558054918e-05	2.26061490908631e-05	0.000160487883164821
ctarjeta_visa_debitos_automaticos	1.3645186468572e-05	5.35132058083039e-05	0.000160487883164821
mvr_mconsumosdolares	1.30498259553236e-05	2.5034572105608e-05	0.000160487883164821
mforex_sell_delta2	1.24893506978228e-05	0.000124166011894088	0.000160487883164821
mcajeros_propios_descuentos_lag2	1.07315913441983e-05	0.000103591939054129	0.000160487883164821
Master_mpagosdolares_lag1	1.00153798247175e-05	3.35080823551489e-05	0.000160487883164821
ccomisiones_otras_delta1	6.98797020573238e-06	3.10237233051844e-05	0.000160487883164821
mv_mpagospesos	6.95556165409962e-06	0.000401037399937485	0.000962927298988926
cinversion1_mean6	6.57943780293764e-06	0.000219366746579071	0.000160487883164821
mv_mpagosdolares_delta1	6.52842776405518e-06	0.000348232983604034	0.000160487883164821
Visa_mpagado_mean6	6.37879233859409e-06	4.50372983001108e-05	0.000160487883164821
mv_status07_mean6	5.33174574523629e-06	2.40389106787004e-05	0.000160487883164821
mttarjeta_master_debitos_automaticos_delta2	5.23947579701541e-06	0.000277780748158823	0.000160487883164821
mvr_mpagado_delta1	5.21995151888589e-06	0.000189284346838009	0.000160487883164821
Visa_mconsumototal	4.98480501498828e-06	6.87965288027135e-05	0.000320975766329642
cpayroll_trx_lag2	3.65533194604178e-06	0.000222380100704968	0.000160487883164821
ctarjeta_visa_debitos_automaticos_delta1	2.34718422798338e-06	0.000217539236399827	0.000160487883164821
ccajas_extracciones_delta1	2.01530686114812e-06	0.000222926675677685	0.000160487883164821
mv_status05_lag3	1.26082873864545e-06	0.000114950150548563	0.000160487883164821
Visa_mpagado_delta1	1.17928035675465e-06	0.000250730880612877	0.000160487883164821
ctarjeta_master_trx_lag1	9.64113580449124e-07	8.07196942528644e-05	0.000160487883164821
mvr_Visa_mlimitecompra_delta3	6.76054884777864e-07	0.000234450298019125	0.000160487883164821
mttarjeta_master_debitos_automaticos_delta1	4.8806028290606e-07	0.000184880582693798	0.000160487883164821
mv_status05_mean6	5.39759693296897e-08	3.56368480383606e-05	0.000160487883164821
cpayroll_trx_delta3	1.09325835760896e-11	6.93782635689966e-05	0.000160487883164821
Master_mconsumospesos	1.49091659349139e-14	3.60355920608541e-05	0.000160487883164821
Master_mconsumosdolares	1.47525120009713e-14	3.16749785723832e-05	0.000160487883164821
cpayroll_trx_delta1	8.25620952585486e-15	6.08288401288006e-05	0.000160487883164821
Master_madelantopesos_mean6	1.86037681584624e-15	2.48060334474253e-05	0.000160487883164821
cliente_vip	2.036119368872e-18	0.000211574057786773	0.000160487883164821
