Feature	Gain	Cover	Frequency
ctrx_quarter_normalizado	0.229013227473617	0.0139117794599662	0.00547945205479452
mcuentas_saldo_lag2	0.0628785197283294	0.0022017439358974	0.00365296803652968
mcaja_ahorro	0.0440331565640713	0.00713652479570261	0.00493150684931507
mpasivos_margen	0.0257558650932578	0.00661016429653473	0.00712328767123288
mpayroll_sobre_edad	0.0207611334389345	0.0125712326830906	0.00365296803652968
mtarjeta_visa_consumo	0.0189412897157171	0.00786387068299815	0.00675799086757991
mpasivos_margen_mean6	0.0176739734837868	0.00139509509655804	0.00292237442922374
cpayroll_trx	0.0164377144375664	0.00714202309988046	0.00200913242009132
mpayroll	0.0162127363399638	0.0109988022645063	0.0034703196347032
Visa_Finiciomora_mean6	0.0105630063169098	0.00338780451944534	0.00127853881278539
mv_status04_delta3	0.00994942850932022	0.000440199256310592	0.000365296803652968
mprestamos_personales_delta3	0.00959162055723903	0.00299886187387078	0.00146118721461187
mv_Finiciomora	0.0091525610682101	0.00518259529023773	0.0010958904109589
ctarjeta_visa_trx	0.00902854796401002	0.00725023084250766	0.00675799086757991
mcuentas_saldo_delta2	0.00883228488577592	0.00399830404253659	0.00511415525114155
mcuentas_saldo	0.00677140668781284	0.0086840821751288	0.00712328767123288
Visa_Finiciomora	0.00629154884306974	0.00495467827621626	0.0010958904109589
mdescubierto_preacordado_delta3	0.00626645549464339	0.00344943102827778	0.00127853881278539
foto_mes	0.00614361320771981	0.0075419792690674	0.00712328767123288
mprestamos_personales	0.00578573047831999	0.0083523181716475	0.00310502283105023
mcaja_ahorro_delta3	0.00549030287787686	0.00196211056934927	0.0034703196347032
mactivos_margen	0.00541694840943665	0.00531209342066207	0.00748858447488585
mprestamos_personales_lag1	0.00521346895013843	0.000614359584661435	0.0010958904109589
mv_msaldototal	0.00448885675368884	0.00356057610522426	0.00237442922374429
mprestamos_personales_delta2	0.00418521514486168	0.00547963903789538	0.00200913242009132
mv_Finiciomora_lag1	0.00417636693166081	0.00533235451509135	0.00182648401826484
Visa_Finiciomora_lag1	0.00407042261726655	0.00407595099095325	0.00091324200913242
cliente_vip_lag1	0.00406186261885298	0.00373147517209075	0.00127853881278539
cproductos_delta3	0.00399288065007098	0.00542073757691114	0.00219178082191781
cprestamos_personales_delta3	0.00364153316129156	0.00104824352989741	0.000547945205479452
ctrx_quarter_normalizado_delta2	0.00361931967398293	0.00146955267333114	0.00219178082191781
Visa_msaldototal	0.00347230777553839	0.00178448092185713	0.00200913242009132
cpayroll_trx_lag1	0.00344387664575621	0.00235333254575898	0.00091324200913242
mprestamos_personales_lag2	0.00339474663891104	0.00132121263851143	0.00091324200913242
mdescubierto_preacordado	0.00336009623328587	0.000317331906497603	0.000182648401826484
ctrx_quarter	0.00335059813082648	0.00669297801009868	0.00493150684931507
mcuentas_saldo_delta3	0.00299659225896736	0.00239796260469783	0.00383561643835616
mv_Finiciomora_delta1	0.00296767606063168	0.00694052433371312	0.00164383561643836
mvr_mpagospesos	0.00295042421825524	0.00317504949573252	0.00200913242009132
mcuenta_corriente_delta1	0.0027573541743792	0.00403014193862509	0.00273972602739726
mv_mpagospesos_delta3	0.00275250207611465	0.00169320704267388	0.00310502283105023
mrentabilidad_annual	0.00270365235060035	0.000635095152040078	0.00219178082191781
ccomisiones_mantenimiento_delta3	0.00269681147576438	0.000951311497360848	0.000730593607305936
mvr_Master_mlimitecompra	0.00246115319076191	0.000677331702161303	0.00164383561643836
ctrx_quarter_delta1	0.00230341131660508	0.00180316551436555	0.00365296803652968
mrentabilidad_mean6	0.00229782725661787	0.00117951691650839	0.00219178082191781
mcuenta_corriente_lag1	0.00228407651257679	0.00110272588007881	0.00365296803652968
mrentabilidad_annual_delta1	0.00226812368694776	0.0036048813912352	0.00474885844748858
mactivos_margen_lag2	0.00224303911655032	0.00335985036628635	0.00474885844748858
mcuenta_corriente_lag3	0.00224172410163112	0.00106818830902712	0.00237442922374429
mcuentas_saldo_mean6	0.00223547342305122	0.0026338695402034	0.00474885844748858
thomebanking_mean6	0.00218998503650652	0.00137599523449857	0.00219178082191781
mcuenta_corriente_mean6	0.00215677728923648	0.00338289063738514	0.00474885844748858
mv_mconsumototal	0.00213382955258534	0.000906014131546703	0.00091324200913242
mactivos_margen_delta3	0.00210795559784725	0.00486454025651784	0.00639269406392694
mcuenta_corriente	0.00204071516288874	0.00190286572865479	0.00365296803652968
mrentabilidad_delta2	0.00197563088053824	0.0037709511523248	0.00438356164383562
mrentabilidad_annual_delta2	0.00195845833265789	0.00139714860871676	0.00328767123287671
cliente_edad	0.00188960665026075	0.00423666538178377	0.00602739726027397
mprestamos_personales_mean6	0.00184168224858137	0.000461718000072668	0.000547945205479452
mcuentas_saldo_lag3	0.00184152103415683	0.00274043734869726	0.0045662100456621
Visa_Finiciomora_delta1	0.00182823106855755	0.000731863106587024	0.000182648401826484
mtransferencias_recibidas	0.00181557437709867	0.00349147643599872	0.00328767123287671
mcomisiones_mantenimiento_delta3	0.00178626740396412	0.00264256482789031	0.00182648401826484
cliente_edad_lag1	0.00178537961014056	0.0029045424027256	0.0034703196347032
cproductos	0.00178258713787118	0.00463299914875662	0.0034703196347032
Master_Fvencimiento	0.00177163010127959	0.00099081031319139	0.00292237442922374
mactivos_margen_delta1	0.00170854385605966	0.00160153480919624	0.00383561643835616
chomebanking_trx_lag2	0.00169032364748492	0.00408397897176485	0.00438356164383562
cliente_edad_lag3	0.00168460594259543	0.00598503984253385	0.00621004566210046
ctrx_quarter_normalizado_delta1	0.00166784071415184	0.00198865229857701	0.00292237442922374
chomebanking_trx_delta1	0.00165618860435991	0.00462312402191757	0.00420091324200913
mcuenta_corriente_delta3	0.00164632804682022	0.0036940112616366	0.00328767123287671
mcomisiones_delta2	0.00164235310840618	0.00345060833014143	0.00328767123287671
mtarjeta_visa_debitos_automaticos_delta3	0.00162379343289774	0.00377000220642608	0.00182648401826484
mpagomiscuentas	0.00160719475358668	0.00468217264563478	0.00200913242009132
ctarjeta_visa_trx_delta3	0.0015993233598706	0.00126847678858033	0.00237442922374429
mrentabilidad_annual_delta3	0.00157799894930596	0.00243400647935523	0.00383561643835616
mprestamos_personales_delta1	0.00157132631837452	0.00260281566626117	0.00164383561643836
cliente_edad_mean6	0.00157006812052421	0.00454137681528614	0.00420091324200913
tmobile_app_delta2	0.00156857498377795	0.00138911639909099	0.00200913242009132
mcuentas_saldo_lag1	0.00156529974913674	0.00404430169997653	0.0034703196347032
mactivos_margen_mean6	0.00155603994735692	0.00404890772436549	0.00310502283105023
mcuentas_saldo_delta1	0.00155084727230527	0.0034962338519348	0.00365296803652968
mcuenta_debitos_automaticos	0.00151604650728891	0.00959823508241823	0.00164383561643836
mv_Fvencimiento_delta2	0.0015063574997067	0.000757423750928394	0.000365296803652968
mv_mpagominimo_mean6	0.00150577614251383	0.00224495734209084	0.00237442922374429
ccomisiones_mantenimiento_mean6	0.00149887376040832	0.00426879929486385	0.00273972602739726
mactivos_margen_lag3	0.00148580944368418	0.0012555239307917	0.00219178082191781
ccaja_ahorro	0.00146165686694234	0.00662185358465074	0.00146118721461187
cliente_edad_lag2	0.00145164278484527	0.00487502771564804	0.00566210045662101
mpayroll_sobre_edad_mean6	0.00144964779295595	0.00204145496377192	0.00182648401826484
mcaja_ahorro_lag2	0.00144223055243606	0.00355571296893405	0.0034703196347032
mactivos_margen_delta2	0.00144212513332285	0.00115925243902777	0.00255707762557078
ccomisiones_mantenimiento_delta2	0.00142632496641177	0.00101958908511263	0.000730593607305936
chomebanking_trx_delta3	0.00142302374140959	0.00345645847165785	0.00383561643835616
mrentabilidad_annual_lag2	0.00142183534238877	0.00147103867862887	0.00328767123287671
mcuenta_corriente_delta2	0.00141477972800921	0.00115639376065196	0.00182648401826484
mtarjeta_visa_consumo_delta3	0.00141209989005251	0.00198367583006717	0.00164383561643836
cmobile_app_trx_delta2	0.00139116250290531	0.00423645309531267	0.00273972602739726
ctrx_quarter_normalizado_delta3	0.00138830447387379	0.00255550876795563	0.00328767123287671
mv_fultimo_cierre_delta2	0.00137415824458882	0.000714862427879266	0.00127853881278539
ccaja_ahorro_lag1	0.00137280419277251	0.00199386050610313	0.00146118721461187
mvr_mpagominimo_delta2	0.00136707109239529	0.00248640233262743	0.00200913242009132
mcomisiones	0.00134474983894742	0.00161213221749475	0.00219178082191781
mcaja_ahorro_delta1	0.00134267803616612	0.00278358478538971	0.0034703196347032
mv_fechaalta_delta2	0.00133762861517342	0.00287373802881913	0.00091324200913242
mcomisiones_mantenimiento	0.00132623390547392	0.00287722341745426	0.00237442922374429
mvr_mpagominimo_mean6	0.00131761687265267	0.00180632782159844	0.00328767123287671
mautoservicio	0.00129085376306131	0.00226655389603356	0.000730593607305936
chomebanking_trx_mean6	0.00128402535425467	0.00115762857438826	0.00219178082191781
cprestamos_personales	0.0012632563072624	0.000221339516468592	0.000182648401826484
ctrx_quarter_lag1	0.00124236359338997	0.00138644801735262	0.00365296803652968
mv_mpagominimo	0.00123096640847731	0.00281958129732847	0.00237442922374429
mcaja_ahorro_lag1	0.0012287953781108	0.00285988612513893	0.0045662100456621
ccaja_seguridad	0.00122462562206379	0.00685575352495342	0.00146118721461187
Visa_fechaalta_delta2	0.00122292160261384	0.00114437462503105	0.0010958904109589
chomebanking_trx_lag3	0.00120645497192886	0.00177572727653474	0.00237442922374429
chomebanking_trx_delta2	0.00120316605960598	0.00158321896928304	0.00219178082191781
mcomisiones_otras_delta2	0.00119759128341412	0.00220907162508321	0.00383561643835616
cproductos_delta2	0.00118876136739161	0.00117816792478963	0.00091324200913242
ccajas_trx_mean6	0.00117493121305752	0.00242242460311902	0.00255707762557078
mv_mpagospesos	0.0011698046161792	0.000693694675692918	0.00127853881278539
mrentabilidad_annual_mean6	0.00115003915345067	0.00257001275478013	0.00292237442922374
mrentabilidad_annual_lag1	0.00114995232572556	0.00116411642108082	0.00310502283105023
mcuenta_corriente_lag2	0.00114713770611477	0.000756520476222664	0.00237442922374429
chomebanking_trx_lag1	0.00112709511887079	0.00162697450945248	0.0034703196347032
mpayroll_delta3	0.00110350483525679	0.00168715645536602	0.00127853881278539
mrentabilidad_annual_lag3	0.00109326621757036	0.00107526142360018	0.00273972602739726
mcaja_ahorro_dolares_delta2	0.00107160269910854	0.00113504839827067	0.00164383561643836
mpasivos_margen_delta3	0.00105792765221393	0.00143747965517505	0.00237442922374429
mcomisiones_otras_lag2	0.00105694222264576	0.000962667554920625	0.00237442922374429
Visa_fechaalta_mean6	0.0010500665818919	0.00163645551081132	0.00200913242009132
Master_Fvencimiento_lag3	0.00104767872949644	0.000726812210947865	0.00237442922374429
mv_Fvencimiento	0.00104418781008503	0.000756567838941316	0.00237442922374429
mcomisiones_otras_lag3	0.00103094047323363	0.000813078328396447	0.00273972602739726
Visa_cconsumos_mean6	0.00102555975975493	0.000641329269882717	0.00164383561643836
mcaja_ahorro_dolares_delta1	0.00101195897727895	0.00282486477774672	0.00182648401826484
mrentabilidad_lag2	0.00100694798635725	0.000375193079197164	0.00127853881278539
mpasivos_margen_lag2	0.00100603675144495	0.00226132877325078	0.00310502283105023
mcaja_ahorro_mean6	0.000999455710923763	0.00131723163285611	0.00273972602739726
Visa_mpagospesos_lag2	0.00099636654845414	0.000652723386769982	0.00200913242009132
internet_delta3	0.000987292918551573	0.00291260421405053	0.00164383561643836
mcomisiones_mantenimiento_mean6	0.000987048045408208	0.00213934270830986	0.00200913242009132
Visa_fultimo_cierre_lag3	0.000984620436992425	0.000587346765535665	0.00127853881278539
mcomisiones_lag2	0.000982145453014079	0.000932515264158459	0.00164383561643836
ctarjeta_visa_debitos_automaticos_delta3	0.000981321017085681	0.00234900308581644	0.00091324200913242
ctrx_quarter_delta3	0.000978420453933979	0.0021377585945235	0.00273972602739726
Visa_msaldopesos	0.00097410712121052	0.000905492295878692	0.00164383561643836
mv_status07_delta2	0.00097229460418762	0.00222239746428124	0.000547945205479452
ctransferencias_recibidas_mean6	0.000971413544943372	0.00161126277330234	0.00292237442922374
mcomisiones_otras_lag1	0.000966480496262442	0.000711743254550864	0.00255707762557078
Visa_mpagospesos_mean6	0.000965050219615531	0.00192175245848032	0.00146118721461187
mpasivos_margen_lag3	0.000960669157278769	0.0019890481155829	0.00365296803652968
mtransferencias_recibidas_mean6	0.000957766859869208	0.000592218359454211	0.00182648401826484
Visa_mpagominimo	0.0009547028379292	0.00164833509556477	0.00219178082191781
mv_status07_delta3	0.000952833588582435	0.001372887056087	0.000365296803652968
mv_status04	0.000948700811271595	0.000106052738928508	0.000365296803652968
mv_mpagospesos_lag1	0.000945731447330772	0.000966048068964449	0.00200913242009132
Visa_mpagominimo_delta2	0.000942044429053924	0.00215591965983825	0.00273972602739726
mcomisiones_delta3	0.000938895221493527	0.000885402891304523	0.00200913242009132
mtransferencias_recibidas_delta1	0.000932196564610442	0.00240723554839973	0.00219178082191781
mtarjeta_visa_consumo_delta2	0.00092767167930041	0.00166689282364823	0.00219178082191781
mpayroll_delta2	0.000918230792619986	0.00492444563798495	0.00146118721461187
Visa_Fvencimiento	0.000907609577295805	0.000687676227372715	0.00219178082191781
Visa_Fvencimiento_lag1	0.000907454080674184	0.000883886438544809	0.00219178082191781
mrentabilidad_delta3	0.000906972417016896	0.000876233976431093	0.00273972602739726
ctrx_quarter_delta2	0.000900454522763295	0.00023502649639634	0.0010958904109589
mcaja_ahorro_dolares_delta3	0.000893437735410087	0.00182236010186232	0.00127853881278539
mrentabilidad	0.000890491686676983	0.00103759199277759	0.00182648401826484
mpasivos_margen_delta2	0.000889017588826149	0.00165359574038654	0.00292237442922374
Master_fultimo_cierre_mean6	0.000886834186726043	0.00117308066134865	0.00255707762557078
mrentabilidad_delta1	0.000876942501993132	0.00128252575500064	0.00237442922374429
Master_mpagominimo_lag2	0.000871809706074729	0.00217832307152373	0.00146118721461187
ccomisiones_otras_mean6	0.000871525077172575	0.00127406305209283	0.00237442922374429
mcomisiones_otras_mean6	0.000859112081969086	0.00108097370577481	0.00200913242009132
mtarjeta_visa_debitos_automaticos_mean6	0.00085726771134066	0.000402651615335967	0.0010958904109589
mcaja_ahorro_dolares_mean6	0.000851158383088302	0.000631484590505656	0.00182648401826484
mtransferencias_recibidas_lag1	0.00084914134178809	0.00513549222077495	0.00182648401826484
ctarjeta_visa_trx_delta2	0.000844713329844784	0.00441505959887702	0.00200913242009132
internet	0.000840848510972025	0.00148396447200684	0.00127853881278539
ccaja_ahorro_mean6	0.000838424171637378	0.00181279452422018	0.00182648401826484
Master_fechaalta	0.000835162732939094	0.000999874353473518	0.00182648401826484
tmobile_app_delta3	0.000833298746324119	0.000575172855316299	0.00146118721461187
cproductos_lag1	0.000831809114895785	0.00217312332162595	0.00273972602739726
mcomisiones_lag3	0.000828104879055895	0.00100369043537638	0.00219178082191781
Visa_Fvencimiento_mean6	0.000811849323757384	0.000657881694288942	0.00219178082191781
mvr_mpagospesos_delta2	0.000800892782724014	0.00179663030495434	0.00091324200913242
mplazo_fijo_dolares	0.000796468818261938	0.00398449781004938	0.00091324200913242
mcomisiones_lag1	0.000794736168383941	0.000666510166712033	0.00219178082191781
ccaja_seguridad_lag1	0.000793143817427675	0.000923953606999181	0.000365296803652968
ccallcenter_trx_delta3	0.000784034989742506	0.00405431045734321	0.00146118721461187
mtransferencias_emitidas_delta2	0.000783252298830946	0.00302842805098962	0.00255707762557078
Master_mfinanciacion_limite_lag1	0.000778845647462271	0.00496395629449516	0.00182648401826484
ccajas_consultas_mean6	0.000775595440831552	0.0038653966421321	0.00219178082191781
mcomisiones_mantenimiento_lag1	0.000771830421279463	0.0026215949842069	0.00164383561643836
cprestamos_personales_delta1	0.00076736814634901	0.00190074963004642	0.000547945205479452
mcomisiones_mantenimiento_lag3	0.000760198832778479	0.00228755418717895	0.00200913242009132
mv_Fvencimiento_lag1	0.000755055979526018	0.000670382068961878	0.00182648401826484
cprestamos_personales_mean6	0.000753768728558042	0.00190923686007639	0.0010958904109589
ctarjeta_master_trx_delta3	0.000749529983690291	0.00322743350832505	0.00164383561643836
Visa_mpagominimo_mean6	0.000749028967354247	0.00104379143434407	0.00182648401826484
mdescubierto_preacordado_delta1	0.000744122592413328	0.00352359005077081	0.0010958904109589
Visa_mpagospesos_delta2	0.00074225753229254	0.00157343180177863	0.00219178082191781
ctrx_quarter_normalizado_lag3	0.000736790594174606	0.000554349328603016	0.00200913242009132
mcaja_ahorro_dolares	0.000733299843715798	0.00148038858674857	0.00237442922374429
mpayroll_delta1	0.000727569531154531	0.00162508338375771	0.00127853881278539
Master_fultimo_cierre_lag2	0.00072516888324446	0.000926892632844137	0.00146118721461187
tmobile_app_delta1	0.000724436442188595	0.000180470564848459	0.000730593607305936
mv_fechaalta_lag1	0.000723698563374747	0.000624309984392631	0.00164383561643836
cprestamos_personales_delta2	0.00071649951145367	0.0028588805131304	0.000547945205479452
mv_fultimo_cierre_lag2	0.000703490567761384	0.000594216051265948	0.00182648401826484
mv_fechaalta_mean6	0.00069795553911628	0.00244419030962836	0.00237442922374429
Master_Fvencimiento_lag2	0.000696734170305229	0.000627334432283728	0.00200913242009132
mtransferencias_emitidas_mean6	0.000694497527367323	0.00162575407368435	0.00255707762557078
Visa_mpagospesos_delta3	0.000690185817421184	0.00097504191093143	0.00237442922374429
mvr_msaldopesos2_delta3	0.000687777893281278	0.000712093400363759	0.00164383561643836
Visa_mconsumosdolares_mean6	0.000684670752926999	0.000486890439273654	0.00127853881278539
mvr_mpagominimo	0.000670044292924147	0.00356686604341389	0.00310502283105023
ccomisiones_otras_lag2	0.000668895615655021	0.00244112780240977	0.00219178082191781
Visa_mconsumospesos_lag3	0.000668525633985136	0.000467179090685871	0.00182648401826484
Visa_fechaalta_lag1	0.000667058670041751	0.000889185988456894	0.00255707762557078
Visa_mpagospesos	0.000666329799410706	0.00201361329706973	0.00255707762557078
numero_de_cliente	0.000665817307216177	0.0012130962382702	0.00164383561643836
mtarjeta_visa_consumo_lag1	0.00066561437596703	0.00273744503979382	0.00237442922374429
Master_fechaalta_lag2	0.00066453297325027	0.000656523399179015	0.00219178082191781
Visa_fechaalta	0.000663487701755781	0.000633748697609813	0.00200913242009132
mtransferencias_emitidas_lag1	0.00065956218733512	0.00140904680025254	0.00164383561643836
mpayroll_lag3	0.000651997408269225	0.00123519179228444	0.00091324200913242
Visa_mlimitecompra_mean6	0.000651909044195666	0.000481022536737738	0.00127853881278539
mvr_mpagominimo_lag3	0.000650494480159506	0.00096350908893954	0.00200913242009132
Visa_mlimitecompra	0.000650257423633832	0.000546397466446389	0.00164383561643836
Master_fechaalta_mean6	0.000648430159775004	0.00104332880207438	0.00164383561643836
Visa_fechaalta_delta3	0.000646796707839925	0.000168981722523889	0.000730593607305936
mcomisiones_delta1	0.000646487243890464	0.000722225639104068	0.00200913242009132
mv_Fvencimiento_lag2	0.000644035774723559	0.000498172069704119	0.00146118721461187
cliente_antiguedad_lag3	0.000635607758571531	0.00185651792540196	0.00200913242009132
ccomisiones_otras	0.000635238764776366	0.00112403825770962	0.00164383561643836
Master_msaldototal	0.00063161577087178	0.00160801588978614	0.000730593607305936
Visa_mconsumospesos	0.000626757111510759	0.000357159724070214	0.00164383561643836
mcaja_ahorro_dolares_lag2	0.000626370526788992	0.000965916975725321	0.00146118721461187
cproductos_mean6	0.000626263344409744	0.00238458009938999	0.00219178082191781
Visa_Fvencimiento_lag2	0.000623482705923149	0.000729752082555654	0.00164383561643836
mcomisiones_otras_delta1	0.000621917115648431	0.00111337065109597	0.00200913242009132
Master_mlimitecompra_mean6	0.00062100826103108	0.000514398029656775	0.00164383561643836
Visa_msaldototal_delta3	0.000618292345014354	0.00232472715521852	0.00146118721461187
Visa_mconsumospesos_delta3	0.00061679262097601	0.000500207820843345	0.00127853881278539
mpagomiscuentas_lag1	0.00061398700232908	0.00174965494567936	0.00127853881278539
Visa_mlimitecompra_lag1	0.000613831247951041	0.000548503415900761	0.00127853881278539
tmobile_app_lag1	0.000609473933861812	0.000426770234046934	0.00146118721461187
mvr_msaldopesos_mean6	0.000605022407075704	0.000342072160890885	0.00127853881278539
cliente_antiguedad_mean6	0.000604345686346963	0.000886285867702259	0.00200913242009132
cmobile_app_trx_mean6	0.000601513262861532	0.000580878371388263	0.00219178082191781
mv_status04_delta2	0.000599119890136162	0.000742972201399541	0.000365296803652968
Visa_mpagominimo_lag1	0.000597988020504696	0.000581008618864557	0.00127853881278539
mvr_Visa_mlimitecompra	0.000597517808973093	0.000425367113506853	0.00146118721461187
ctarjeta_visa_debitos_automaticos_delta2	0.000596522311619519	0.00126835246144387	0.000547945205479452
Visa_mconsumospesos_mean6	0.000592740512065276	0.00104573838038583	0.00127853881278539
Visa_fultimo_cierre_delta3	0.000591131271204924	0.000269964113268077	0.000730593607305936
mvr_msaldopesos2_mean6	0.000588375885849789	0.000945542549076403	0.00328767123287671
Visa_fultimo_cierre_mean6	0.00058724798939157	0.00075037854652883	0.00219178082191781
cmobile_app_trx	0.000584593682166193	0.00120101959077664	0.00146118721461187
Master_mfinanciacion_limite	0.000584451775042987	0.000432638136582849	0.00127853881278539
mrentabilidad_lag1	0.000583556891528965	0.000891082188728661	0.00219178082191781
mcuenta_debitos_automaticos_delta2	0.000576544298563776	0.00168450921769847	0.00091324200913242
internet_delta1	0.000576037272764298	0.000405402036069146	0.000730593607305936
mcomisiones_otras	0.000574918721198316	0.000630609225973417	0.00146118721461187
mv_fechaalta_lag2	0.000569151181321866	0.000609054960172352	0.00164383561643836
mv_fultimo_cierre_mean6	0.000566390548713057	0.00167052791230481	0.00164383561643836
ctransferencias_recibidas_delta3	0.000562376532443256	0.00267656449378016	0.00164383561643836
chomebanking_trx	0.000561886162027608	0.00154063142758609	0.00146118721461187
mv_msaldopesos	0.000559984305237389	0.000480213987469313	0.00127853881278539
mv_cconsumos_delta3	0.000558874427474559	0.000660105204777112	0.00146118721461187
mv_cconsumos_delta2	0.000557635104307184	0.000486862529100162	0.00091324200913242
mv_fechaalta	0.000555586490262624	0.000528784455447481	0.00146118721461187
mv_Fvencimiento_lag3	0.000554230652310599	0.000362205545132374	0.00146118721461187
mcomisiones_otras_delta3	0.000553596171757817	0.000427357193453092	0.00127853881278539
mcomisiones_mantenimiento_delta2	0.000547125494351738	0.00134871177126622	0.000730593607305936
mplazo_fijo_dolares_delta3	0.000538894416643273	0.00419552663181988	0.000730593607305936
Master_mpagospesos_lag3	0.000535360618739703	0.000547334571665443	0.000730593607305936
mv_cconsumos_lag2	0.000534789226734886	0.000798801851774042	0.0010958904109589
mcomisiones_mean6	0.000534278221546697	0.000649576303268089	0.00164383561643836
mvr_Master_mlimitecompra_mean6	0.000531604627226461	0.000456426062026081	0.00164383561643836
Master_Fvencimiento_lag1	0.000530367394329076	0.000322651754717682	0.00127853881278539
ctrx_quarter_normalizado_lag1	0.000527132560463979	0.000796469237880405	0.00182648401826484
mcaja_ahorro_delta2	0.000524577806185375	0.000642996268426719	0.00200913242009132
ccomisiones_otras_lag3	0.00052452966708678	0.00217021305171731	0.00182648401826484
Visa_mconsumospesos_delta1	0.000523537090151748	0.000530712794706905	0.00164383561643836
mtransferencias_recibidas_lag2	0.000522201819150006	0.000464118274992951	0.00146118721461187
mcuenta_debitos_automaticos_delta3	0.000518859644918788	0.0020751129414772	0.0010958904109589
mvr_mpagominimo_lag2	0.000518347514139334	0.000510066032425735	0.000730593607305936
Visa_fultimo_cierre	0.000515104876871416	0.000874721752485545	0.00164383561643836
Master_Fvencimiento_mean6	0.000514472114385207	0.00050408818072152	0.00164383561643836
mv_Fvencimiento_mean6	0.000512380612703559	0.000573523617791792	0.00164383561643836
Visa_mfinanciacion_limite	0.000506974948237546	0.000883319777446645	0.00146118721461187
internet_delta2	0.000503555269146651	0.000259019096445178	0.00091324200913242
mvr_msaldopesos_lag1	0.000503448550412308	0.00150233866955552	0.00091324200913242
cliente_antiguedad_lag2	0.000502172796102422	0.00058121244770733	0.00164383561643836
mv_mpagospesos_delta1	0.000499998487679405	0.000371470031205942	0.0010958904109589
Visa_mconsumototal	0.000492786153021111	0.000209125009633239	0.0010958904109589
Visa_mconsumototal_delta2	0.000489557491620234	0.00147156812616237	0.00146118721461187
cliente_antiguedad	0.000488936120441635	0.00204866340039827	0.00182648401826484
Master_Finiciomora_delta1	0.000487958675720173	0.00156154122210835	0.000365296803652968
Visa_msaldototal_lag1	0.000486468145995664	0.00117315847152929	0.0010958904109589
Visa_delinquency	0.000482765512804457	0.000396462322923481	0.000182648401826484
mactivos_margen_lag1	0.000477911936448615	0.000637430303222214	0.00182648401826484
mpasivos_margen_lag1	0.000475777199017792	0.000612650297975778	0.00182648401826484
mv_cconsumos_lag1	0.000475539365838032	0.000974031224345899	0.0010958904109589
Visa_mconsumosdolares	0.00047108698668953	0.000966923433496687	0.00164383561643836
Visa_mpagospesos_delta1	0.000468128535156905	0.00103182558178165	0.00091324200913242
mcuenta_debitos_automaticos_mean6	0.000467950203772703	0.000426301681437407	0.000730593607305936
Visa_mpagospesos_lag1	0.000466350255121921	0.00117218922732258	0.00164383561643836
mtarjeta_visa_debitos_automaticos_lag3	0.00046406382957856	0.000589259881064094	0.0010958904109589
ccomisiones_otras_delta3	0.000457976603841077	0.000497012528859965	0.000730593607305936
mvr_Visa_mlimitecompra_mean6	0.000457596605429147	0.000249495806944687	0.0010958904109589
mvr_msaldopesos_delta2	0.000457091905428866	0.000914815985350576	0.000547945205479452
mautoservicio_delta2	0.000457070436494421	0.0032608758165079	0.00127853881278539
mtarjeta_visa_debitos_automaticos_delta2	0.000455822934917087	0.00206403513988951	0.0010958904109589
Master_mlimitecompra	0.00045447797682036	0.000802041969187575	0.00091324200913242
ccallcenter_trx_delta2	0.000454067883163045	0.00442400184931118	0.00219178082191781
Visa_msaldopesos_delta3	0.000449094854348487	0.000717935084251849	0.00146118721461187
mvr_mpagospesos_lag3	0.000445605115155768	0.000352568077649418	0.00127853881278539
internet_mean6	0.000445576570428784	0.000501692134615402	0.00091324200913242
Visa_mconsumosdolares_delta2	0.000443239192901043	0.000577922430286645	0.00091324200913242
mv_fultimo_cierre_lag1	0.000440796940518374	0.000539276143391849	0.00182648401826484
mv_mpagominimo_lag2	0.000439559804494407	0.000819956917517893	0.00127853881278539
mpagomiscuentas_mean6	0.000439386024159171	0.00206713739796125	0.00237442922374429
Visa_cconsumos_delta2	0.000438677738840101	0.00125521015278063	0.0010958904109589
mvr_mconsumospesos_delta3	0.000436007316635216	0.00188415238021004	0.00127853881278539
Visa_msaldopesos_delta1	0.000434970151937009	0.000678263732803358	0.00127853881278539
Visa_fultimo_cierre_lag2	0.000433846570971533	0.000560413448116205	0.00127853881278539
mpayroll_sobre_edad_delta1	0.000433308509882022	0.00221701249232301	0.00146118721461187
mplazo_fijo_dolares_delta1	0.000433150366836215	0.00243473468115452	0.000547945205479452
mtransferencias_recibidas_delta3	0.000432575122967249	0.00134882172043452	0.00164383561643836
mextraccion_autoservicio_mean6	0.000431610291442131	0.00029618191533075	0.00091324200913242
mv_status01_delta2	0.000430388359321074	0.00225338959753665	0.000547945205479452
Visa_cconsumos_lag3	0.000430348213595645	0.000419801994065181	0.00127853881278539
mcaja_ahorro_dolares_lag3	0.000427595474337639	0.000436001735370011	0.00146118721461187
mdescubierto_preacordado_mean6	0.000425729226943497	0.00098140796777603	0.00091324200913242
mvr_msaldopesos2_lag2	0.00042499705344219	0.00029246478767936	0.0010958904109589
ctarjeta_debito_trx_lag3	0.000424835828827587	0.00176367684768901	0.0010958904109589
mv_status02_mean6	0.000424512932280603	0.000490644780489699	0.000365296803652968
mpayroll_sobre_edad_lag1	0.000424317727692102	0.00191741707819795	0.00182648401826484
mvr_msaldopesos2_lag3	0.000421020207137203	0.000383543295648171	0.00146118721461187
mautoservicio_lag3	0.000414325240364502	0.00118834245167159	0.00127853881278539
matm_mean6	0.000413444440044538	0.000354088759223297	0.00127853881278539
mvr_msaldototal_delta3	0.000413055618994905	0.00145268985396518	0.00091324200913242
mtarjeta_visa_consumo_lag2	0.000411949000798389	0.000582665468254563	0.000730593607305936
Visa_cconsumos_delta3	0.000411353994079877	0.000948673563084469	0.0010958904109589
ctarjeta_debito	0.000407734096779639	0.000185430118101645	0.00091324200913242
Master_mlimitecompra_lag3	0.000405807463575754	0.00061856387170468	0.00127853881278539
ccajeros_propios_descuentos_lag2	0.000404379644041217	0.000293794326852963	0.000547945205479452
mvr_mpagominimo_delta1	0.000403125275075481	0.00142944490826078	0.0010958904109589
internet_lag1	0.000397518479117755	0.000552268752033637	0.00091324200913242
mcaja_ahorro_lag3	0.000395820786259168	0.000573159094010734	0.00182648401826484
mv_mfinanciacion_limite_lag2	0.000392132777252715	0.00023262706723889	0.0010958904109589
ccomisiones_otras_delta2	0.000386759594014645	0.000956521396412626	0.00091324200913242
mvr_mpagospesos_delta3	0.000386351659013655	0.000160910607807798	0.000730593607305936
mpagomiscuentas_delta2	0.000385521667147623	0.00116677803671653	0.0010958904109589
Master_mpagominimo_delta3	0.000381745473174927	0.000669399292549838	0.000182648401826484
Master_mpagospesos_mean6	0.000380454911836481	0.00102698105227376	0.00127853881278539
Visa_mlimitecompra_lag3	0.000380267815333016	0.000398266335046443	0.00091324200913242
mv_mpagominimo_delta2	0.000379514449337906	0.000618621383577329	0.00091324200913242
ctarjeta_visa_debitos_automaticos_mean6	0.000379013333527673	0.000670733906300439	0.00146118721461187
mvr_msaldototal_lag1	0.000378722707793563	0.000420614772147771	0.000730593607305936
mvr_mconsumototal_lag1	0.00037817311815112	0.000219659831482094	0.000547945205479452
mvr_msaldopesos_lag2	0.000377549032510999	0.000213596557731737	0.00091324200913242
Visa_msaldototal_delta2	0.00037708194835625	0.000355917298468418	0.00091324200913242
Visa_mconsumospesos_lag1	0.000375909679743737	0.000214131079842244	0.00091324200913242
mv_cconsumos_lag3	0.000374596471868345	0.000484557825380017	0.00127853881278539
mforex_sell_mean6	0.000373971565731932	0.00300473485098369	0.00127853881278539
tcallcenter_delta3	0.000373544951033176	0.00187208080729348	0.000547945205479452
mv_mpagospesos_lag3	0.000372974931532767	0.000210545045429981	0.00091324200913242
matm_other_lag3	0.000371413424861758	0.00066001132510264	0.00091324200913242
mvr_mpagospesos_lag1	0.000369465437982222	0.000178160786551315	0.000730593607305936
mtransferencias_emitidas_lag2	0.000368610908975122	0.00179455057414779	0.00127853881278539
Visa_mconsumospesos_lag2	0.000368582295776019	0.000390141937271868	0.00146118721461187
mvr_mconsumosdolares_delta3	0.000368287990987094	0.000888172764582863	0.00091324200913242
mautoservicio_delta3	0.000367973096516199	0.00049080970424215	0.00127853881278539
ctransferencias_emitidas_mean6	0.000366812971711847	0.00120043516865898	0.00164383561643836
mv_mpagominimo_lag3	0.000366369225302266	0.000575156785822471	0.00127853881278539
mv_mpagospesos_delta2	0.000366193168388999	0.000981321699967056	0.00091324200913242
ctarjeta_debito_delta3	0.000365211529525458	0.00281763604281238	0.000547945205479452
Visa_fechaalta_lag2	0.000364936914034704	0.000592800244283371	0.00091324200913242
ctrx_quarter_lag3	0.00036404764524716	0.000442679878700018	0.0010958904109589
ccallcenter_trx	0.00036387023070716	0.00438954208844013	0.00164383561643836
mvr_mpagospesos_mean6	0.000363708712148812	0.000246910309963959	0.000730593607305936
mvr_mpagominimo_lag1	0.000363491590058847	0.00136988375226673	0.00127853881278539
cpagomiscuentas_mean6	0.000362017538069909	0.000774358460135172	0.00091324200913242
Master_mpagominimo_lag3	0.000360546289378971	0.000355776056075294	0.00091324200913242
mv_fultimo_cierre_lag3	0.000358684954119305	0.000354602137262978	0.000730593607305936
Visa_mconsumospesos_delta2	0.00035795348190358	0.00135276128371101	0.00091324200913242
mv_mconsumospesos_delta3	0.000357045369332074	0.000430699648169428	0.000730593607305936
Master_msaldototal_mean6	0.000356960011654649	0.000575773346927787	0.00146118721461187
Visa_cconsumos	0.00035585393268247	0.000198871826807799	0.0010958904109589
mtransferencias_recibidas_lag3	0.000353605570869957	0.0028226015164054	0.00091324200913242
mv_msaldototal_mean6	0.000353245925888547	0.000932228550558044	0.0010958904109589
mv_msaldopesos_delta3	0.000352636047211279	0.000349997804399685	0.000730593607305936
tcallcenter_mean6	0.000352597317643769	0.000895469160543851	0.00091324200913242
mv_msaldototal_delta2	0.00035014271672985	0.000342654045720044	0.0010958904109589
Master_fultimo_cierre_lag3	0.000348639178732625	0.000618031886882672	0.00091324200913242
tmobile_app_mean6	0.000346371959549398	0.000208761331615014	0.00091324200913242
mpayroll_mean6	0.000346287804879738	0.00156390090041264	0.00182648401826484
mv_msaldopesos_mean6	0.000346260452061224	0.00114595535576608	0.00091324200913242
Visa_msaldopesos_lag2	0.000345996697558623	0.000274413671532915	0.000730593607305936
mv_msaldototal_lag3	0.000344911864155943	0.00133762043747319	0.000730593607305936
Visa_mpagado_mean6	0.000344840381102823	0.001117728021212	0.000730593607305936
ctransferencias_recibidas_lag1	0.000344029141048872	0.000638052784667362	0.00091324200913242
cmobile_app_trx_lag2	0.0003437999246546	0.000370179397122661	0.00091324200913242
mvr_mconsumospesos_mean6	0.00034317725255956	0.000348128668538577	0.00091324200913242
mv_status05_delta1	0.000342665731093808	0.00273495595977606	0.000547945205479452
thomebanking	0.00034218806677622	0.000192970939521394	0.000730593607305936
Visa_cconsumos_lag1	0.000341651661691372	0.000237743932379029	0.000730593607305936
Visa_mpagominimo_delta3	0.000340147175010619	0.000570384146155396	0.00127853881278539
cmobile_app_trx_delta3	0.000335965673207263	0.000256433599464449	0.00091324200913242
ctarjeta_visa_trx_lag3	0.000335588156076452	0.000432125604306002	0.00127853881278539
mcaja_ahorro_dolares_lag1	0.000334803050929471	0.00033206171199854	0.000730593607305936
ctarjeta_debito_trx_lag1	0.000333957783370351	0.00137683761428032	0.0010958904109589
Visa_msaldopesos_delta2	0.000333380406903428	0.0015920842552994	0.00127853881278539
mautoservicio_delta1	0.000332546144615807	0.000584017843024659	0.000730593607305936
mv_msaldototal_lag2	0.000332078302476902	0.000231200265339482	0.000730593607305936
Master_msaldototal_lag2	0.000330701690376581	0.000101369750121739	0.000547945205479452
ctrx_quarter_normalizado_mean6	0.000329947395933338	0.00016995942435893	0.000547945205479452
minversion1_pesos	0.000329542577139535	0.00420257691079645	0.000547945205479452
mv_msaldototal_delta3	0.000329252940968632	0.00189470834612973	0.000547945205479452
ccomisiones_otras_lag1	0.000329021588840998	0.00214318162580922	0.00091324200913242
Visa_msaldototal_delta1	0.000323500938100264	0.000571602044635032	0.0010958904109589
Visa_fultimo_cierre_delta2	0.000323306231540961	0.000377730367696407	0.000730593607305936
mprestamos_personales_lag3	0.000318971185073992	0.000383073051512978	0.000730593607305936
cprestamos_hipotecarios_mean6	0.000318850570224756	0.00420802954378132	0.000547945205479452
mv_mfinanciacion_limite_mean6	0.000316877020910944	0.000335158049730449	0.00146118721461187
Master_fultimo_cierre_delta2	0.000316548576787407	0.000462149339117539	0.00091324200913242
mtransferencias_emitidas_delta3	0.000316248026271751	0.00105234294234935	0.00146118721461187
Master_msaldopesos_delta2	0.000316044859344663	0.000268728453768946	0.000730593607305936
Master_Finiciomora	0.000315862805189609	0.00069437044019655	0.000182648401826484
ctrx_quarter_normalizado_lag2	0.00031296788576688	0.000138930923301693	0.000730593607305936
ctransferencias_recibidas_lag3	0.000309581256457365	0.000630665892083234	0.00091324200913242
mrentabilidad_lag3	0.000308427829277259	0.000287632098851136	0.0010958904109589
Visa_cconsumos_lag2	0.000307723068883021	0.000524292609040988	0.0010958904109589
Visa_mfinanciacion_limite_mean6	0.000306046922399543	0.000264990182046729	0.000730593607305936
mv_mlimitecompra	0.000301810760334994	0.000176267123568047	0.000730593607305936
mv_Finiciomora_delta2	0.000301190974380242	0.00372029418743742	0.000547945205479452
mextraccion_autoservicio	0.000297800882538489	0.000120212500279948	0.000547945205479452
ctransferencias_emitidas_delta3	0.000297358604662847	0.000647486423307546	0.000547945205479452
mvr_msaldopesos2_lag1	0.000296056506340592	0.00035679350876349	0.0010958904109589
mpagomiscuentas_delta3	0.00029482136623129	0.000461665562777017	0.000730593607305936
Visa_Fvencimiento_lag3	0.000293556712649608	0.000332403400183104	0.00091324200913242
mv_mpagominimo_lag1	0.000292755547697009	0.000432134061934333	0.000365296803652968
Visa_mconsumosdolares_delta3	0.000292534183924522	0.000428578474984061	0.000730593607305936
ctransferencias_recibidas_delta2	0.000292231826370461	0.000796527595515887	0.000547945205479452
mextraccion_autoservicio_lag2	0.000290683089420106	0.000353052699752773	0.00146118721461187
mplazo_fijo_dolares_delta2	0.000290522432836372	0.00410145412342197	0.000547945205479452
tcallcenter_lag2	0.000290122342618656	0.000428806830948993	0.000547945205479452
Master_mpagominimo	0.00028619562725884	0.000479628719588821	0.0010958904109589
Visa_mpagospesos_lag3	0.000285845288602291	0.000527790684118611	0.00146118721461187
Visa_msaldototal_lag2	0.000283673433284253	0.000264100439546327	0.00091324200913242
cmobile_app_trx_lag3	0.000280887579969065	0.000235772459215117	0.00091324200913242
mv_mpagominimo_delta1	0.000277214735215487	0.000506628852272094	0.00091324200913242
ctarjeta_debito_mean6	0.000273932777220859	0.00031866229143404	0.00127853881278539
ctarjeta_visa_trx_lag1	0.000271198362099204	0.000643941831274104	0.00164383561643836
mv_mconsumosdolares_mean6	0.000269671390023964	0.000279242131546974	0.00127853881278539
mvr_msaldototal_delta1	0.000268423386764562	0.000299240193735171	0.000547945205479452
Visa_mpagominimo_lag2	0.000267217687680247	0.00047257590332376	0.00091324200913242
Master_fechaalta_lag3	0.000267051223803914	0.000615425245831117	0.000730593607305936
mcuenta_debitos_automaticos_delta1	0.000266500870347422	0.00246461717357293	0.000730593607305936
Master_fultimo_cierre_lag1	0.000266408099984724	0.000189637788196223	0.000547945205479452
mcuenta_debitos_automaticos_lag1	0.000265959109990859	0.000436419542209553	0.000365296803652968
matm_delta3	0.00026513178635447	0.00223829357672899	0.0010958904109589
ccomisiones_mantenimiento_delta1	0.000264136800071908	0.000620464300790612	0.000365296803652968
catm_trx_mean6	0.000263445019470456	0.000292194989335607	0.00091324200913242
Master_msaldototal_delta1	0.000263142339492249	0.000461113279647015	0.000730593607305936
mv_cconsumos_mean6	0.000261710757471729	0.000224815601712555	0.000730593607305936
ctarjeta_master_trx_lag3	0.000261661665712181	0.00061821541741745	0.00091324200913242
matm_other_lag2	0.000261415335433494	0.000305840526884534	0.000547945205479452
mv_fechaalta_lag3	0.000261074279908535	0.000596725429591699	0.0010958904109589
ctarjeta_visa_debitos_automaticos_lag2	0.000259401109465676	0.00325777694148749	0.000547945205479452
Master_cconsumos_mean6	0.000258690354960957	0.000406883812552704	0.00127853881278539
cmobile_app_trx_delta1	0.000256756336833197	0.0018090393372413	0.00127853881278539
mvr_msaldopesos2_delta2	0.000255220878845521	0.000247507418524114	0.000547945205479452
mv_mconsumosdolares_delta3	0.000255204639537968	0.00103010952899333	0.000547945205479452
Visa_msaldototal_lag3	0.000254756851207871	0.00109577793840506	0.0010958904109589
mv_fechaalta_delta3	0.000251291338485814	3.82919122677358e-05	0.000182648401826484
Visa_mfinanciacion_limite_lag2	0.000250528180912444	0.000266164100859045	0.000547945205479452
mtransferencias_emitidas_lag3	0.000249124492238522	0.000343084539002082	0.0010958904109589
mvr_mconsumospesos	0.000248934458739065	0.00036479019635027	0.000730593607305936
cextraccion_autoservicio_lag2	0.000247529947805186	0.000209251874058201	0.000547945205479452
tcallcenter	0.000247197950538691	0.000811721724812185	0.000547945205479452
mvr_msaldopesos2_delta1	0.000246305547075271	0.000332762003624331	0.000547945205479452
mvr_mpagominimo_delta3	0.000244974534826305	0.00095350286886136	0.00127853881278539
mvr_mconsumospesos_delta1	0.000243731367040896	0.000578033225217779	0.000547945205479452
Master_mfinanciacion_limite_lag2	0.000243093295404271	0.000112535511044073	0.000547945205479452
Master_mfinanciacion_limite_lag3	0.000241567164723859	0.000158798738013595	0.000730593607305936
mv_Finiciomora_lag2	0.000241045487158793	0.000522086859572313	0.000182648401826484
Visa_mpagosdolares	0.000239958843582302	0.00118309787634366	0.000365296803652968
mv_mpagominimo_delta3	0.000239913886593073	0.000461091289813355	0.000730593607305936
mvr_mpagado_mean6	0.000239595539895498	0.000481123182514875	0.0010958904109589
mtarjeta_visa_consumo_mean6	0.00023947840037797	0.000316459925016697	0.00091324200913242
Visa_mfinanciacion_limite_lag1	0.000238227936989476	0.000144609374962998	0.000730593607305936
mv_mconsumosdolares_delta1	0.000238170763924708	0.00036480964889543	0.000547945205479452
catm_trx_other_delta2	0.00023763630697149	0.000167965115598526	0.000182648401826484
Visa_status_delta3	0.000237013824568451	0.000931555323342912	0.000365296803652968
cextraccion_autoservicio_lag3	0.000236882588534828	0.000799614629856632	0.00091324200913242
mv_Fvencimiento_delta3	0.000236663587289997	0.000265384307526944	0.000547945205479452
Visa_mconsumosdolares_lag2	0.000236619666536966	0.00023346183515514	0.000730593607305936
mv_mconsumototal_delta3	0.000236428356405113	0.00029754613078051	0.0010958904109589
cmobile_app_trx_lag1	0.000232939430262098	0.000358572148001459	0.00127853881278539
ctransferencias_recibidas	0.00023292569125569	0.00252766202667644	0.000730593607305936
Master_mconsumospesos_delta1	0.000232077852652852	0.000818394793565193	0.000547945205479452
mpasivos_margen_delta1	0.000230218390275097	0.000175728372643375	0.000730593607305936
ctarjeta_debito_lag1	0.000229921764241348	0.000324527656681455	0.000547945205479452
mv_msaldototal_delta1	0.000227231862679784	0.000150446830036922	0.000365296803652968
Master_mpagospesos_lag2	0.00022665045826259	0.00189836965343413	0.000547945205479452
ccallcenter_trx_mean6	0.000224972222335978	0.000621630607737431	0.0010958904109589
mv_mconsumosdolares_lag3	0.000224922871018508	0.000393194295336457	0.000365296803652968
mvr_msaldototal_mean6	0.000224343647615449	0.000106658305116994	0.000547945205479452
Master_fultimo_cierre	0.000223675906869184	0.000219346899233854	0.00091324200913242
Master_msaldopesos	0.000223178908280757	0.00143427167674917	0.000547945205479452
mvr_msaldototal	0.000223144093778795	0.000780765113595759	0.000730593607305936
mextraccion_autoservicio_delta1	0.000223143821328886	0.00120557402363278	0.000730593607305936
Master_mpagospesos	0.000221807540618298	0.00138139627595063	0.0010958904109589
mpagomiscuentas_lag2	0.000220797429216651	0.000811533119700408	0.00146118721461187
ctransferencias_recibidas_delta1	0.000219500604060531	0.00044736371326962	0.000730593607305936
matm_other_delta2	0.000219321906879081	0.000365553920188542	0.00091324200913242
Master_mlimitecompra_lag2	0.000219204205866211	0.000113821070550355	0.000547945205479452
mvr_msaldototal_delta2	0.000218899279370332	0.000508754254271627	0.00091324200913242
mprestamos_hipotecarios_mean6	0.000216977771508462	0.00280535302918755	0.000365296803652968
Visa_mconsumototal_lag1	0.000215477994429517	0.000448173108300878	0.000730593607305936
Master_mconsumospesos	0.000214631196792765	0.000471926357467954	0.000547945205479452
mv_mconsumosdolares_lag2	0.00021428753968424	0.000308517366251235	0.000365296803652968
ccuenta_debitos_automaticos_mean6	0.000213586103603136	0.000102499689266735	0.000547945205479452
Visa_mconsumototal_lag3	0.000212759038115091	0.000148214016157588	0.000547945205479452
mv_status06_mean6	0.000212692764014786	0.000238249698553211	0.000182648401826484
mv_mconsumospesos_lag1	0.00021198134480421	7.94644927449449e-05	0.000365296803652968
mv_mlimitecompra_lag2	0.0002111804035105	0.000124075944901461	0.000547945205479452
Master_cconsumos_delta3	0.000210830529939025	0.000730751774224356	0.000547945205479452
mautoservicio_mean6	0.000210564269257421	0.000249851873097414	0.000547945205479452
mautoservicio_lag1	0.000210198762597	0.000279566058712044	0.000730593607305936
mv_mlimitecompra_lag3	0.000209635965722947	0.000360341483848264	0.000547945205479452
mv_cconsumos	0.000209606844081446	0.000118981069594982	0.000547945205479452
ctransferencias_emitidas_delta1	0.000208549429795361	0.000120106779925812	0.000365296803652968
Master_mlimitecompra_delta2	0.000208045767744772	0.000774677312723243	0.000365296803652968
mvr_mpagospesos_delta1	0.000207923514646431	0.000396891124679853	0.00091324200913242
Visa_mpagosdolares_mean6	0.000207374726279594	0.000171511399157634	0.000730593607305936
mcheques_depositados_lag3	0.000206506651784613	0.00221377998677498	0.000365296803652968
mtransferencias_recibidas_delta2	0.000206241365168825	0.000361802116260995	0.00091324200913242
ccajas_depositos_mean6	0.000205911735862203	0.00372341843534282	0.000547945205479452
cplazo_fijo	0.000205892196018336	0.00140267651459377	0.000182648401826484
ctransferencias_emitidas_lag2	0.000205086695257889	0.000353136430273248	0.00091324200913242
Visa_mconsumosdolares_lag3	0.000201974710245662	0.000150297130015467	0.000730593607305936
ctarjeta_visa_debitos_automaticos_lag1	0.000200683753228993	0.000865215378241716	0.000365296803652968
tcallcenter_lag1	0.000200238249805472	0.000255693556985504	0.000365296803652968
Master_mpagominimo_lag1	0.000200188620183592	0.000371362619326141	0.000730593607305936
ctransferencias_emitidas_delta2	0.00019946505057507	0.00106417093556999	0.00091324200913242
tpaquete7_mean6	0.000198844520484202	0.00273210743055425	0.000365296803652968
ccallcenter_trx_delta1	0.000197485498129934	0.00039208042568529	0.000547945205479452
mvr_msaldopesos_lag3	0.000196767679956264	0.000535887171719694	0.000730593607305936
Master_mpagominimo_mean6	0.000195732220706876	0.000238321588394023	0.000730593607305936
Master_fultimo_cierre_delta3	0.000195537027751375	0.00010743133234643	0.000365296803652968
ccuenta_debitos_automaticos_delta3	0.000193705721310387	0.000863679472936841	0.000365296803652968
cforex_mean6	0.000193109906571881	0.0012080698697532	0.000547945205479452
ctarjeta_debito_trx_lag2	0.000192860368706259	0.000345076310473988	0.00146118721461187
Master_mpagospesos_delta2	0.000191660943956394	0.00147809234065676	0.000365296803652968
cpagomiscuentas_delta3	0.000191481607152327	0.00157237713552578	0.000547945205479452
mv_msaldodolares_mean6	0.000190628192108273	0.00114042914141473	0.00091324200913242
mv_status03_delta1	0.000189331020331437	0.000869085588965894	0.000182648401826484
mvr_mconsumototal_lag3	0.000189153622252786	0.000306691364294613	0.000730593607305936
ctarjeta_visa_descuentos_mean6	0.000188952949017796	0.00420802954378132	0.000547945205479452
tmobile_app_lag3	0.000188170870320476	0.000214641920593425	0.000547945205479452
thomebanking_lag1	0.000187756996862445	6.21305834809528e-05	0.000365296803652968
cpagomiscuentas_lag2	0.000184350552838559	0.000759955119087805	0.000730593607305936
mv_mlimitecompra_mean6	0.000182909631491724	0.000210630467476123	0.000365296803652968
ccomisiones_otras_delta1	0.000180245966999075	0.000446813121665284	0.000547945205479452
Master_mfinanciacion_limite_delta3	0.000178489659445329	4.9068622286852e-05	0.000182648401826484
mv_fultimo_cierre	0.000178326440925303	0.0003449232274012	0.00091324200913242
mpagomiscuentas_lag3	0.000177959240893732	0.000151260453882346	0.000365296803652968
ctarjeta_debito_trx_delta2	0.000177758172597714	0.00052890793682111	0.00091324200913242
ctrx_quarter_mean6	0.000177469762872414	0.000784017917451788	0.00127853881278539
cextraccion_autoservicio_mean6	0.000176274232449348	0.000174637338588701	0.000730593607305936
ccajas_consultas_lag2	0.000175738588222776	0.00238459194006965	0.000365296803652968
Master_fechaalta_lag1	0.000175156941515078	0.000613524816745184	0.00127853881278539
Master_cconsumos_lag2	0.000174168853987803	0.000260960122147098	0.000547945205479452
tcallcenter_delta2	0.000174061715109193	0.000593914959697371	0.000182648401826484
mextraccion_autoservicio_lag3	0.000173412090550333	0.00098949261469745	0.000730593607305936
Master_Fvencimiento_delta3	0.000173178021071712	0.000233388253788662	0.000547945205479452
mplazo_fijo_dolares_lag2	0.00017300065643738	0.00164558636635726	0.000365296803652968
catm_trx_other_lag1	0.000172546294449642	0.000921112689642863	0.000365296803652968
mv_mpagospesos_lag2	0.000172041017665485	0.000106125474532153	0.000547945205479452
Visa_mpagosdolares_delta3	0.000170538418722053	0.00151432482042594	0.000365296803652968
mvr_msaldototal_lag3	0.000169541104923857	0.000143045559484631	0.000365296803652968
Visa_madelantopesos	0.000169482652613855	0.000617103239291949	0.000182648401826484
mv_mpagado_lag2	0.000169437835134999	0.00113681181377764	0.000547945205479452
Visa_msaldototal_mean6	0.000168816671698517	0.000148682568767115	0.000547945205479452
mv_status03_mean6	0.000168518151873964	2.87711600557446e-05	0.000182648401826484
mvr_msaldodolares2_delta3	0.000168325663091119	0.00128645770641163	0.000365296803652968
mcomisiones_mantenimiento_lag2	0.000168321259937385	0.000130023349143685	0.000547945205479452
mvr_msaldodolares_lag1	0.000166589921854505	0.00127533000481679	0.000730593607305936
ctarjeta_visa_descuentos_delta2	0.00016610969680548	0.000628730786721145	0.000365296803652968
mvr_Master_mlimitecompra_lag3	0.000165647563193919	0.000309479844355281	0.000365296803652968
mvr_Visa_mlimitecompra_lag3	0.000165603502392798	9.96333990254241e-05	0.000547945205479452
mpayroll_sobre_edad_lag2	0.000165260649228316	0.000630909471779161	0.000547945205479452
mv_Fvencimiento_delta1	0.000165194647673013	9.79266496282669e-05	0.000365296803652968
mvr_msaldodolares2_mean6	0.000164594889679104	0.000234947840452863	0.000730593607305936
Visa_fechaalta_lag3	0.000163881731102117	0.000448719471091048	0.00146118721461187
Visa_mconsumototal_delta3	0.000163392456602716	0.000143673115506777	0.000365296803652968
mvr_mconsumospesos_delta2	0.000162250861918457	7.98408572056659e-05	0.000365296803652968
Visa_fultimo_cierre_lag1	0.00016164056997	7.31229630225047e-05	0.000365296803652968
cprestamos_personales_lag3	0.000161489861503717	0.00149542286686942	0.000365296803652968
mvr_msaldototal_lag2	0.000161471646368456	9.4726283067889e-05	0.000365296803652968
Visa_mpagominimo_lag3	0.000160744804699093	0.000548284363326993	0.000730593607305936
Master_fultimo_cierre_delta1	0.000159458171330132	0.000253874321131547	0.000730593607305936
mv_mconsumospesos_mean6	0.000158399759985261	0.000257752143721223	0.000547945205479452
mpayroll_sobre_edad_lag3	0.00015811315157044	0.00029874034790082	0.000365296803652968
mtarjeta_visa_debitos_automaticos_lag1	0.000156838658565348	0.000222003440292561	0.000547945205479452
mv_mfinanciacion_limite	0.000156591246893379	0.000129200421907098	0.000365296803652968
matm_delta1	0.000156148003835569	0.000440873329288557	0.000547945205479452
ccajas_extracciones_lag2	0.000152166768224887	0.00186846517118206	0.000365296803652968
tmobile_app	0.00015190961903017	0.000411114318243774	0.000365296803652968
ccaja_ahorro_delta3	0.000150249317577068	0.00273286100523852	0.000365296803652968
Master_msaldopesos_lag2	0.000149961490796126	0.000276446885383642	0.000547945205479452
ctarjeta_debito_trx	0.000149698628632242	0.000104592106515777	0.000365296803652968
Master_mlimitecompra_lag1	0.000149530172728609	3.56421373116934e-05	0.000182648401826484
mtarjeta_master_consumo_lag2	0.000149045582823976	0.000101505072175032	0.000365296803652968
ctarjeta_visa_descuentos_delta3	0.000148538548645326	0.000119145993347433	0.000182648401826484
mautoservicio_lag2	0.000148161401753588	0.000186592196234299	0.000730593607305936
ctarjeta_visa_trx_delta1	0.000146764743441494	0.000698030901738124	0.000547945205479452
Visa_cconsumos_delta1	0.000146550790525294	0.000410932479234662	0.000547945205479452
mvr_mconsumototal_delta3	0.000145073977348422	0.000426276308552415	0.000547945205479452
mcheques_depositados_delta1	0.000144847307425565	0.00278571103315208	0.000365296803652968
cforex_lag1	0.000144547619146281	0.000306736189724766	0.000547945205479452
Master_mconsumosdolares_mean6	0.000142628949871058	0.000114938323252855	0.000365296803652968
Master_mconsumototal	0.000142431785154246	0.000278614575524828	0.000365296803652968
mtransferencias_emitidas_delta1	0.000142280798734056	0.00115615863858436	0.000547945205479452
mv_mconsumototal_delta1	0.000141537632450869	0.000492403121419675	0.000365296803652968
Master_delinquency_delta2	0.000141485910810235	0.00102721532857852	0.000182648401826484
mv_fultimo_cierre_delta1	0.000140389311277782	0.000176367769345184	0.000547945205479452
mv_mconsumototal_lag3	0.00013937230922655	0.000170840709231001	0.000547945205479452
matm_delta2	0.000138837864814952	0.000121354280104607	0.000182648401826484
Visa_mpagado_lag3	0.000137538534176703	0.00236406358458511	0.000547945205479452
mv_status05_delta3	0.000136076158298689	0.0011006571441891	0.000182648401826484
mv_msaldopesos_delta2	0.000135405117878646	5.56816418787113e-05	0.000365296803652968
mv_mpagado_lag3	0.000133517333387662	0.000962589744739981	0.000365296803652968
ccomisiones_mantenimiento_lag1	0.000133175511536188	7.1264822078226e-05	0.000365296803652968
catm_trx	0.000132968010434275	6.69116807763589e-05	0.000182648401826484
ccuenta_debitos_automaticos_lag1	0.000132455589107292	0.00116259996832111	0.000365296803652968
mtarjeta_master_consumo_lag1	0.000132140235560851	0.000768139566023528	0.000547945205479452
mvr_Master_mlimitecompra_lag2	0.000131621032091602	0.000239315359722893	0.000365296803652968
ctarjeta_visa_debitos_automaticos_lag3	0.000131520065780272	0.000619265854856137	0.000365296803652968
Master_mconsumospesos_delta2	0.000131457853074558	0.000127003130066754	0.000365296803652968
ctarjeta_visa_debitos_automaticos	0.000131262363709143	0.000133753163237572	0.000365296803652968
Visa_mconsumosdolares_delta1	0.000130919094606985	0.000407342216008234	0.000730593607305936
ctarjeta_debito_delta2	0.000130624015111745	0.00197322304721312	0.000365296803652968
mv_mpagosdolares	0.000130109825416351	0.000307709662745643	0.000182648401826484
tpaquete9	0.000129745169455506	0.00221760875512033	0.000365296803652968
ccajas_depositos_delta3	0.000128697553309999	0.000359280897255581	0.000365296803652968
mforex_buy_mean6	0.000127951320652739	0.00134732725750846	0.000365296803652968
Master_msaldototal_lag1	0.000127842041337659	0.000330000587974322	0.000182648401826484
Master_delinquency_lag3	0.000127818337675971	3.89296174438787e-05	0.000182648401826484
mv_mlimitecompra_lag1	0.000127817313443676	0.000220324601068895	0.000547945205479452
Master_mfinanciacion_limite_mean6	0.00012724050762046	0.00017023937185668	0.000547945205479452
Master_msaldopesos_delta1	0.000126577344382875	9.05989604424544e-05	0.000365296803652968
matm_lag2	0.000121103017160526	0.000211649611689985	0.000547945205479452
Master_status	0.000121005386920101	0.000328501050471269	0.000182648401826484
Master_mpagospesos_delta1	0.000120220494719374	0.00222861974144421	0.000365296803652968
cplazo_fijo_delta2	0.000119148967975451	0.0013537990347072	0.000182648401826484
mv_status06_delta2	0.000118909113674632	0.000513893109245426	0.000182648401826484
Master_mconsumospesos_delta3	0.000118735717417877	0.000126729102908836	0.000365296803652968
ctarjeta_visa_trx_mean6	0.000118735138570313	0.000600414647069598	0.00127853881278539
mv_msaldototal_lag1	0.000118226255913201	0.000812257092685525	0.000365296803652968
mforex_sell_lag2	0.000117414838186301	0.000124857429759228	0.000182648401826484
Visa_mpagado_delta3	0.000116288500382699	2.72496327190321e-05	0.000182648401826484
Visa_delinquency_mean6	0.000114804997584424	0.00148384521944738	0.00091324200913242
ctarjeta_debito_lag3	0.000114407370266227	0.000269394914881414	0.000365296803652968
mtarjeta_master_consumo_delta3	0.000113873996072864	0.00146193996207058	0.000365296803652968
mtarjeta_master_consumo_lag3	0.000113404943667636	0.000154856637448606	0.000365296803652968
mcaja_ahorro_adicional	0.000112447261388451	0.00274306344229397	0.000365296803652968
mv_mlimitecompra_delta3	0.000112362956619212	0.000174382763975943	0.000182648401826484
Master_mconsumospesos_mean6	0.000112183193400067	0.000141518111808087	0.000182648401826484
mextraccion_autoservicio_delta3	0.000110859057527846	0.000101092339912489	0.000365296803652968
ctarjeta_debito_trx_delta3	0.000110656945141968	0.000123088093912422	0.000547945205479452
mv_status03_delta3	0.00010850599879464	9.27734166863053e-05	0.000182648401826484
Master_fechaalta_delta2	0.000108300483449217	0.000508935247517906	0.000182648401826484
Visa_mfinanciacion_limite_lag3	0.000108249075349082	0.000117052730335557	0.000365296803652968
mcheques_depositados_lag1	0.000108180861478226	0.00140267651459377	0.000182648401826484
mvr_mconsumototal	0.000107770411882439	0.000217113239591687	0.000365296803652968
matm_lag1	0.000107053735642838	0.000202508606990047	0.000547945205479452
mv_mpagospesos_mean6	0.000106988997890976	6.94625014809307e-05	0.000365296803652968
mtransferencias_emitidas	0.000103547291039655	0.000860864774228348	0.00091324200913242
mextraccion_autoservicio_lag1	0.000102890166564774	0.000122441085345116	0.000365296803652968
cpayroll_trx_delta1	0.000102850004117185	0.000513926093995916	0.000365296803652968
mvr_mpagado_delta1	0.000101438068544302	0.00016633025604218	0.000182648401826484
ccajas_trx_lag2	0.000100591097415141	0.000353958511747003	0.000365296803652968
mvr_msaldodolares2_delta1	9.96716984308243e-05	0.00208892171125292	0.000365296803652968
mv_msaldopesos_lag2	9.9639391217858e-05	0.000769153635660392	0.000182648401826484
Visa_msaldodolares_mean6	9.91661457310292e-05	0.000167907603725876	0.000182648401826484
ctarjeta_master_trx_delta2	9.90799513577192e-05	6.95758337005636e-05	0.000182648401826484
mvr_msaldopesos2	9.84072899857228e-05	0.000163258445432431	0.00091324200913242
Master_mlimitecompra_delta3	9.8024289763021e-05	0.000872134563979151	0.000182648401826484
cliente_antiguedad_lag1	9.68739621309449e-05	0.000255499031533895	0.000730593607305936
matm_other	9.62076277535828e-05	0.000116203584451144	0.000182648401826484
Master_Fvencimiento_delta2	9.6054344074672e-05	0.000314159450110717	0.000182648401826484
mvr_Visa_mlimitecompra_lag2	9.60117276501147e-05	2.87728515814107e-05	0.000182648401826484
Visa_msaldodolares_lag2	9.5445331371449e-05	0.000428428774962605	0.000182648401826484
Visa_mfinanciacion_limite_delta2	9.52998151358212e-05	0.000747128279961301	0.000182648401826484
mvr_mpagosdolares_mean6	9.52923654135767e-05	0.000420304377188031	0.000365296803652968
cplazo_fijo_delta3	9.52664962321797e-05	0.00101510062175747	0.000182648401826484
Visa_mconsumosdolares_lag1	9.51306955714657e-05	2.76632107444086e-05	0.000182648401826484
mtarjeta_visa_consumo_lag3	9.43498083280404e-05	0.000145582847983874	0.000365296803652968
ctarjeta_debito_trx_mean6	9.36810059303563e-05	9.74597885444063e-05	0.000547945205479452
cprestamos_personales_lag1	9.34594411036158e-05	8.69046683875572e-05	0.000182648401826484
mvr_msaldodolares2_lag2	9.31499097429483e-05	0.000169980568429757	0.000365296803652968
mcuenta_debitos_automaticos_lag2	9.30987942806114e-05	0.000129849967762904	0.000365296803652968
mv_mconsumototal_mean6	9.30571644634895e-05	9.60524391901598e-05	0.000365296803652968
ctransferencias_emitidas_lag1	9.21985400791339e-05	0.000144951063147563	0.000365296803652968
mtarjeta_visa_debitos_automaticos_delta1	9.19974226617706e-05	0.000216898415832085	0.000182648401826484
Visa_mfinanciacion_limite_delta3	9.16888988112383e-05	0.00132877629552767	0.000182648401826484
Visa_mlimitecompra_lag2	9.14662139881176e-05	9.60042307086742e-05	0.000365296803652968
Master_cconsumos_lag3	9.12246331242868e-05	6.16594935829267e-05	0.000182648401826484
Master_mpagominimo_delta2	9.11168838868393e-05	0.000139074702983317	0.000182648401826484
mv_mfinanciacion_limite_lag3	9.1002387257864e-05	3.20983910410847e-05	0.000182648401826484
Master_mconsumospesos_lag3	9.09593527793087e-05	0.000125498517986703	0.000365296803652968
mv_mconsumospesos_lag2	9.06738441077856e-05	0.000281322708116353	0.000365296803652968
mvr_mconsumospesos_lag2	9.02714156618012e-05	0.000146608758300401	0.000365296803652968
minversion1_pesos_lag1	9.02534936869064e-05	0.00137464539701697	0.000182648401826484
Master_Finiciomora_lag2	9.01171161116752e-05	0.000822709029776738	0.000182648401826484
mforex_sell_delta2	8.93155226537284e-05	4.48330420187831e-05	0.000182648401826484
cseguro_vivienda_lag1	8.92908323846058e-05	0.000457696397801368	0.000182648401826484
mvr_mpagospesos_lag2	8.87310915255885e-05	0.000148078694104296	0.000365296803652968
mvr_mconsumosdolares_lag3	8.71874396795516e-05	0.00117005452193188	0.000365296803652968
mv_status05_delta2	8.70649373165144e-05	0.000464538619120993	0.000182648401826484
cseguro_accidentes_personales_mean6	8.70565595143942e-05	0.000178030539075021	0.000182648401826484
tpaquete9_mean6	8.69117456094831e-05	0.000101514375566196	0.000182648401826484
ccajas_depositos_lag2	8.67197083249566e-05	0.000101816312897606	0.000182648401826484
Visa_msaldopesos_lag1	8.55365072570344e-05	0.000169841017562299	0.000365296803652968
cseguro_vida	8.44054450027655e-05	0.000144526490205356	0.000182648401826484
mv_mconsumosdolares	8.35412437780765e-05	0.00025631857571915	0.000365296803652968
mttarjeta_master_debitos_automaticos_delta1	8.2332164727188e-05	0.000349925914558873	0.000182648401826484
ccajas_trx_lag1	8.22276831043025e-05	0.000120068720598324	0.000365296803652968
mvr_msaldodolares2_lag3	8.21646086847851e-05	0.000146361795553141	0.000182648401826484
mvr_mpagado_lag3	7.99532033682647e-05	0.000607131695489926	0.000182648401826484
Master_mpagominimo_delta1	7.93637043805339e-05	0.00021516206473577	0.000547945205479452
ccajas_extracciones_delta2	7.89825781373019e-05	0.000260728383130834	0.000365296803652968
mv_status05_mean6	7.82753269250863e-05	6.31903243108031e-05	0.000182648401826484
Visa_Fvencimiento_delta3	7.67419048603807e-05	0.000151696867504215	0.000182648401826484
ctransferencias_recibidas_lag2	7.49323769424186e-05	0.0002978015511561	0.000365296803652968
mvr_msaldopesos_delta1	7.47586316105751e-05	5.28263465542303e-05	0.000182648401826484
mtarjeta_visa_consumo_delta1	7.45744788244511e-05	3.05658687875421e-05	0.000182648401826484
Master_msaldototal_delta2	7.45149479351343e-05	7.36008190231954e-05	0.000182648401826484
ccajas_consultas_delta2	7.42875850877759e-05	0.000189912661116974	0.000182648401826484
ccuenta_debitos_automaticos_lag3	7.41357478756982e-05	5.78324167632359e-05	0.000182648401826484
mv_mpagosdolares_delta1	7.40905018914934e-05	0.00143477828868619	0.000365296803652968
Visa_mpagado_delta1	7.29248031282017e-05	0.00122230067518262	0.000365296803652968
mvr_Master_mlimitecompra_lag1	7.25418835639601e-05	0.000142764766224049	0.000182648401826484
mpagomiscuentas_delta1	7.19879320996059e-05	0.000167781585063747	0.000365296803652968
mvr_Master_mlimitecompra_delta2	7.14677356214698e-05	0.00136538091094341	0.000182648401826484
mvr_mconsumosdolares_mean6	7.13307309652416e-05	0.000174898679304123	0.000182648401826484
mv_mfinanciacion_limite_delta1	7.08519169991593e-05	0.000378566827138324	0.000182648401826484
catm_trx_other_lag2	7.05075659209973e-05	0.00014653433117109	0.000182648401826484
mvr_Master_mlimitecompra_delta3	7.03770093557628e-05	0.00117773996879609	0.000365296803652968
mvr_mconsumospesos_lag3	7.01048879490329e-05	3.25652521249453e-05	0.000182648401826484
matm_other_mean6	6.98894772654776e-05	0.000128028194620448	0.000182648401826484
thomebanking_lag3	6.91809050026282e-05	3.94945870163767e-05	0.000182648401826484
Visa_Fvencimiento_delta1	6.91084687863928e-05	0.000169451120896249	0.000365296803652968
mextraccion_autoservicio_delta2	6.89555111896004e-05	0.000564151719838423	0.000182648401826484
cpayroll_trx_mean6	6.86274893006008e-05	0.000152375169296346	0.000365296803652968
mv_Finiciomora_mean6	6.85116078955057e-05	0.000670614653740975	0.000547945205479452
Visa_status_mean6	6.84137173887177e-05	6.36005192848473e-05	0.000182648401826484
mcheques_depositados_mean6	6.8357518389765e-05	0.0011485408527468	0.000182648401826484
thomebanking_delta3	6.7120187249691e-05	0.0009809495643205	0.000182648401826484
ccomisiones_mantenimiento_lag2	6.70036839615252e-05	2.84311633968461e-05	0.000182648401826484
mvr_mconsumosdolares	6.69706158902825e-05	6.63390993383631e-05	0.000182648401826484
mv_mpagado_mean6	6.69260848371161e-05	0.000297003151041672	0.000365296803652968
mv_msaldopesos_lag3	6.68729584763471e-05	0.000143825352816732	0.000182648401826484
Master_msaldopesos_lag1	6.68188330252245e-05	5.71211302206149e-05	0.000182648401826484
Master_msaldopesos_delta3	6.66165868620666e-05	0.000186623489459123	0.000182648401826484
ccallcenter_trx_lag3	6.64935953758517e-05	0.000488357837789049	0.000182648401826484
ctarjeta_debito_trx_delta1	6.63183377336704e-05	0.000104182757304566	0.000365296803652968
cliente_vip_lag3	6.56960026946658e-05	0.000114037585835624	0.000182648401826484
mtarjeta_master_consumo	6.52923213931061e-05	0.00140267651459377	0.000182648401826484
mv_mlimitecompra_delta1	6.52445210989735e-05	0.000562213231425001	0.000182648401826484
Master_msaldopesos_lag3	6.50790469654807e-05	2.84252430570145e-05	0.000182648401826484
cforex_lag2	6.46802109097579e-05	8.8952260206446e-05	0.000182648401826484
Visa_status	6.4654755601819e-05	0.000938789132854253	0.000182648401826484
Visa_mpagado	6.42966756303624e-05	0.000133007200418795	0.000182648401826484
cextraccion_autoservicio_lag1	6.40569258430429e-05	0.000151880398038994	0.000182648401826484
ccajas_consultas_delta3	6.39394657337891e-05	0.00154236947020807	0.000365296803652968
cpagomiscuentas_delta1	6.36002770999351e-05	0.000119749868010252	0.000182648401826484
ctarjeta_visa_descuentos_lag2	6.28807643639578e-05	0.00140267651459377	0.000182648401826484
cliente_vip_delta3	6.27095336269124e-05	5.6348948754012e-05	0.000182648401826484
cpayroll_trx_delta2	6.25078936420516e-05	0.000141633135553386	0.000182648401826484
cproductos_delta1	6.22874788521401e-05	0.000387886287796042	0.000182648401826484
ctarjeta_debito_delta1	6.17296903052935e-05	0.00140267651459377	0.000182648401826484
mpayroll_sobre_edad_delta2	6.0608979586462e-05	0.000244063472267809	0.000547945205479452
catm_trx_lag3	6.04094548768738e-05	0.000146503883709099	0.000182648401826484
ccajas_extracciones_lag3	5.9914340985409e-05	0.000422210726613795	0.000182648401826484
mv_mconsumosdolares_delta2	5.94992729380785e-05	0.000588114718188103	0.000365296803652968
mttarjeta_master_debitos_automaticos_mean6	5.88440600424003e-05	7.91684757533666e-05	0.000182648401826484
ctarjeta_master_descuentos_lag2	5.8834465703146e-05	0.000269311184360939	0.000182648401826484
Master_mconsumosdolares_delta3	5.86253383711808e-05	0.000249589686619159	0.000182648401826484
ccajas_extracciones_mean6	5.80024880806237e-05	0.00010428255731887	0.000365296803652968
mv_mpagado_delta3	5.6737531932361e-05	0.000673630644003741	0.000182648401826484
cpayroll_trx_delta3	5.58782553837686e-05	0.000162016019830635	0.000182648401826484
ccallcenter_trx_lag1	5.55262162925832e-05	9.87292785568607e-05	0.000182648401826484
Visa_msaldopesos_mean6	5.5475704979627e-05	0.000177293033884574	0.000547945205479452
Master_mfinanciacion_limite_delta1	5.53049319503559e-05	2.84218600056822e-05	0.000182648401826484
mv_mpagado_delta2	5.32697071302174e-05	0.000965382453614814	0.000182648401826484
mvr_mconsumototal_mean6	5.25579994249597e-05	8.94411111239667e-05	0.000547945205479452
ccomisiones_mantenimiento_lag3	5.23272273846707e-05	0.000105775328719257	0.000365296803652968
mvr_msaldopesos_delta3	5.21711072093834e-05	6.40673803687079e-05	0.000182648401826484
ctransferencias_emitidas_lag3	5.19318089203817e-05	4.24970450738138e-05	0.000182648401826484
cextraccion_autoservicio_delta3	5.10544180920555e-05	0.000108722812192544	0.000182648401826484
ctarjeta_master_debitos_automaticos_mean6	5.0092563633971e-05	0.000759977954684298	0.000182648401826484
mvr_msaldodolares_mean6	4.97351854853854e-05	0.000318871194853811	0.00091324200913242
Master_cconsumos_delta2	4.92161343298401e-05	9.85905734522354e-05	0.000182648401826484
Master_madelantopesos_lag1	4.81431485774643e-05	3.78774884795261e-05	0.000182648401826484
Visa_mpagominimo_delta1	4.80498995429379e-05	8.2404364352734e-05	0.000365296803652968
mcaja_ahorro_adicional_lag3	4.71652575680161e-05	0.00132179621486625	0.000182648401826484
ctarjeta_master_trx_lag1	4.70937020739768e-05	0.000192139554656476	0.000365296803652968
mvr_msaldodolares_delta2	4.61419057991216e-05	0.00069824403397206	0.000365296803652968
Visa_mconsumototal_mean6	4.57141712382189e-05	0.000118383961034827	0.000365296803652968
mcheques_depositados_delta3	4.54072610761188e-05	0.000109033207152285	0.000182648401826484
mvr_mconsumototal_lag2	4.40889988625698e-05	5.37812127927786e-05	0.000182648401826484
mv_status01_delta3	4.40863400391424e-05	0.000970182157692548	0.000182648401826484
Master_fechaalta_delta3	4.34321775434639e-05	6.87106183223218e-05	0.000365296803652968
catm_trx_delta2	4.17036799474717e-05	0.0001327670037742	0.000365296803652968
mtarjeta_visa_descuentos_delta3	4.08372912552381e-05	0.000254096756756647	0.000182648401826484
mtarjeta_visa_debitos_automaticos_lag2	4.0811655138945e-05	0.000139217636902107	0.000365296803652968
matm_other_delta3	4.08110583668628e-05	0.000100002151620647	0.000182648401826484
cpagomiscuentas_lag1	4.00588300314199e-05	0.000380308252811637	0.000365296803652968
mv_msaldodolares_lag3	4.00445061950293e-05	7.88893740184499e-05	0.000182648401826484
mvr_msaldodolares2_lag1	3.96244810724174e-05	0.000556098366141827	0.000365296803652968
ctarjeta_master_descuentos_mean6	3.92385816976631e-05	2.91297634969709e-05	0.000182648401826484
mttarjeta_master_debitos_automaticos_lag1	3.83226630128801e-05	8.94055890849773e-05	0.000182648401826484
cliente_edad_delta3	3.82569950908725e-05	6.74072977965443e-05	0.000182648401826484
cproductos_lag2	3.61446773190141e-05	0.000554806886295712	0.0010958904109589
cliente_edad_delta2	3.50217065543126e-05	7.14754170236632e-05	0.000182648401826484
Visa_fultimo_cierre_delta1	3.35799302870511e-05	3.04576111449078e-05	0.000182648401826484
mv_cconsumos_delta1	3.2218169555009e-05	5.58617893621575e-05	0.000182648401826484
Master_mconsumosdolares_lag2	3.20526703382763e-05	0.000136669353486035	0.000182648401826484
mvr_msaldopesos	3.15274634198521e-05	0.000579673159351123	0.000547945205479452
catm_trx_delta3	2.89594637237506e-05	5.03491072161365e-05	0.000182648401826484
mvr_mpagosdolares_delta2	2.83531432882748e-05	0.000513547192246696	0.000182648401826484
cforex_sell_mean6	2.64437380896478e-05	9.05930401026228e-05	0.000182648401826484
Master_Fvencimiento_delta1	2.63071347652576e-05	7.98230961861712e-05	0.000182648401826484
Master_msaldototal_delta3	2.55019915063002e-05	8.50110054042892e-05	0.000365296803652968
Visa_mconsumototal_lag2	2.51388306110652e-05	7.41894699550196e-05	0.000182648401826484
mvr_mpagosdolares_delta1	2.49861886450413e-05	0.000521055874678788	0.000182648401826484
mpayroll_lag2	2.46223797159895e-05	0.000192653778458989	0.000547945205479452
ccheques_emitidos_mean6	2.40858654646542e-05	9.85542056504129e-05	0.000182648401826484
ctrx_quarter_lag2	2.30118429383633e-05	3.57580068198255e-05	0.000182648401826484
ccallcenter_trx_lag2	2.256896071341e-05	0.000401086108331934	0.000182648401826484
Master_msaldopesos_mean6	2.18635677645783e-05	7.43002648861532e-05	0.000365296803652968
mvr_mconsumosdolares_delta2	2.1080203537852e-05	4.5187416645844e-05	0.000182648401826484
ccajas_consultas_lag3	2.06534898543311e-05	0.00026621230934053	0.000365296803652968
matm_lag3	2.01055749172908e-05	9.57268204994236e-05	0.000365296803652968
mv_mconsumospesos_delta2	1.95879263476307e-05	3.52970660757965e-05	0.000182648401826484
mplazo_fijo_dolares_mean6	1.69007736217453e-05	0.000111222887127131	0.000365296803652968
tmobile_app_lag2	1.56524234927768e-05	6.20409326206462e-05	0.000182648401826484
mvr_mconsumospesos_lag1	1.50175740073418e-05	3.40258845376759e-05	0.000182648401826484
ctarjeta_visa_trx_lag2	1.42750639822557e-05	0.000145655583587519	0.000547945205479452
mvr_mconsumosdolares_lag2	1.41299084568794e-05	2.61442206961954e-05	0.000182648401826484
mpayroll_lag1	1.34003353681424e-05	0.000365997099913076	0.00091324200913242
Master_mconsumototal_delta1	1.33286222686211e-05	6.12061647043954e-05	0.000182648401826484
cpagomiscuentas_lag3	1.28090887979975e-05	7.21486442387955e-05	0.000182648401826484
mtarjeta_visa_debitos_automaticos	1.24502322912396e-05	3.09067112092737e-05	0.000182648401826484
ccuenta_debitos_automaticos_lag2	1.2341250839633e-05	2.7017893702768e-05	0.000182648401826484
Master_mpagospesos_lag1	1.19465305255207e-05	7.77526687707893e-05	0.000182648401826484
mtarjeta_master_consumo_mean6	1.13800223520896e-05	8.00835911387601e-05	0.000365296803652968
mtarjeta_master_consumo_delta2	9.31954713579215e-06	8.09750251648273e-05	0.000182648401826484
ctarjeta_visa_debitos_automaticos_delta1	8.75278244704074e-06	0.000105884432124725	0.000182648401826484
Visa_mpagado_delta2	8.56154766288809e-06	0.00056238576704295	0.000365296803652968
mforex_sell_delta1	8.07905968803312e-06	0.000105015833695151	0.000182648401826484
cpagomiscuentas	7.60761758163826e-06	5.57467656168585e-05	0.000182648401826484
ccajas_consultas	7.58730486044239e-06	0.00037179057531968	0.000182648401826484
Visa_msaldodolares	7.03877777735422e-06	0.000157394771710681	0.000182648401826484
mv_mconsumototal_lag1	6.85096963158511e-06	4.18568026091716e-05	0.000182648401826484
Visa_msaldopesos_lag3	6.65102485568625e-06	3.36520573654542e-05	0.000182648401826484
ctransferencias_emitidas	6.35236560163259e-06	0.000511620544512938	0.000547945205479452
matm_other_delta1	6.34911200656494e-06	5.05216428340849e-05	0.000182648401826484
Master_mconsumospesos_lag1	4.86089464323185e-06	9.16240249961484e-05	0.000182648401826484
ccheques_depositados_delta1	4.69424264259961e-06	0.000265057843073375	0.000182648401826484
Master_mpagosdolares_mean6	3.81199559451894e-06	3.12348671885091e-05	0.000182648401826484
cforex_sell_lag3	3.65388313064732e-06	0.000130005588124191	0.000182648401826484
catm_trx_lag2	3.33903516826005e-06	0.000270311721792473	0.000182648401826484
catm_trx_other_delta1	2.52806658812405e-06	0.000163529089539017	0.000182648401826484
ccajas_depositos_lag3	2.12206234339603e-06	7.68155635517357e-05	0.000182648401826484
tcallcenter_delta1	1.97539815761808e-06	0.000245653506394001	0.000182648401826484
mvr_mpagado_lag1	1.97055186664614e-06	0.000184601270525226	0.000182648401826484
Visa_mlimitecompra_delta2	1.82448562872722e-06	8.39258916894464e-05	0.000182648401826484
mvr_mconsumosdolares_lag1	1.16742179897285e-06	4.58504947069794e-05	0.000182648401826484
mtarjeta_visa_descuentos_mean6	9.62367750008917e-07	0.000180107732593068	0.000182648401826484
Master_cconsumos_delta1	9.55149917091376e-07	3.00254263372035e-05	0.000182648401826484
mtarjeta_visa_descuentos	8.92069422726761e-07	0.000225093857684638	0.000182648401826484
mvr_mpagosdolares_delta3	8.66430432312475e-07	3.72262510980539e-05	0.000182648401826484
Master_mconsumospesos_lag2	7.60927908499661e-07	5.44519027194117e-05	0.000182648401826484
mvr_mpagosdolares	6.19650936374524e-07	0.000222757014976836	0.000182648401826484
Visa_mpagado_lag2	5.38234724299006e-07	0.0001609055332308	0.000182648401826484
ccajas_trx_delta2	5.3733897828733e-07	9.20418318356903e-05	0.000182648401826484
Master_mconsumosdolares_lag1	4.00834190530898e-07	2.63573529301318e-05	0.000182648401826484
mv_mpagado	1.86465354669747e-07	0.00024812397962943	0.000365296803652968
mvr_Visa_mlimitecompra_delta3	1.65450797588033e-07	0.000214764556204222	0.000182648401826484
mv_mconsumospesos_delta1	1.46861699961773e-07	3.74952036789736e-05	0.000182648401826484
Master_mconsumosdolares	1.59229113683088e-11	2.80531074104589e-05	0.000182648401826484
ccaja_ahorro_lag2	3.5802713061394e-12	0.000190073356055259	0.000182648401826484
mv_msaldodolares_lag1	2.43825478408372e-13	0.000114109475676436	0.000182648401826484
