Feature	Gain	Cover	Frequency
ctrx_quarter_normalizado	0.224016262574303	0.016780817321573	0.00691722388747983
mcuenta_corriente_lag1	0.0861825705561611	0.00329790977675542	0.00668664975789716
cpayroll_trx	0.0342147659090717	0.0159254552051195	0.00714779801706249
mpasivos_margen_mean6	0.0262338453848625	0.00207952001949239	0.00438090846207056
Visa_Finiciomora_mean6	0.025347811892998	0.00589956904318019	0.00184459303666129
mtarjeta_visa_consumo	0.0201044743706395	0.0168628637740457	0.0112981323495504
mpasivos_margen	0.0156280175622879	0.00725176986941187	0.00760894627622781
mv_mfinanciacion_limite	0.0151922046335008	0.00115403806777208	0.00161401890707863
mcaja_ahorro	0.0138914946783867	0.0094982464211081	0.012912151256629
mprestamos_personales	0.0123273157630481	0.00744281135316166	0.00345861194373991
mpayroll_sobre_edad	0.0123040679354906	0.0103920103862707	0.00184459303666129
mcuentas_saldo	0.0114746936667636	0.00588783696923683	0.00783952040581047
mcuenta_corriente_delta1	0.0108575568822915	0.00710444733716921	0.00461148259165322
cprestamos_personales_delta3	0.00859079224335519	0.00187547511538333	0.000922296518330643
ctrx_quarter	0.00651618922080745	0.00650585506634254	0.00783952040581047
Visa_Finiciomora	0.00643328126293252	0.00395734452357414	0.0011528706479133
foto_mes	0.00616702650742157	0.00589243661630884	0.00507263085081854
mv_Finiciomora_lag1	0.00593942531865686	0.00425288300011197	0.00161401890707863
mcuentas_saldo_delta2	0.00583066000774172	0.00373976956925516	0.00391976020290523
mv_Finiciomora	0.00579029808781633	0.00593720015361384	0.00138344477749596
mprestamos_personales_delta2	0.00561119527636799	0.00787746561017548	0.00276688955499193
mcaja_ahorro_delta3	0.0054238307874935	0.00240890282805546	0.0041503343324879
mv_Finiciomora_delta1	0.00539469510817072	0.00620874537415619	0.00161401890707863
mdescubierto_preacordado_delta3	0.00499050039248922	0.00443033867284413	0.00138344477749596
tmobile_app_delta2	0.00469650554709295	0.00109908393307479	0.00207516716624395
cliente_vip_lag1	0.00450800387966554	0.00562059896130824	0.00161401890707863
mactivos_margen	0.00446747173756912	0.00571652365925681	0.00830066866497579
mcuenta_corriente_mean6	0.00438356425226795	0.00296506484159775	0.00461148259165322
mprestamos_personales_delta3	0.00398874396913214	0.00271875572349841	0.00184459303666129
mv_mfinanciacion_limite_mean6	0.00383161746295418	0.00126146188340066	0.00207516716624395
mactivos_margen_mean6	0.00358964003876209	0.00402840237953968	0.0053032049804012
mv_fechaalta_delta2	0.00337045261495139	0.00438607946106669	0.0011528706479133
mv_msaldototal	0.00321350863166408	0.00204032760644271	0.00207516716624395
mcuenta_corriente_lag2	0.00319159503847998	0.002188977245909	0.00253631542540927
ctrx_quarter_normalizado_delta1	0.00314846006687998	0.0020707544205195	0.00253631542540927
cproductos_delta3	0.00309997262671741	0.00482387491024849	0.00138344477749596
cprestamos_personales_delta2	0.00300205593730709	0.00141263067224664	0.000691722388747983
mrentabilidad_annual_delta1	0.00297693848415162	0.00491376628880223	0.00553377910998386
mcomisiones_mantenimiento_mean6	0.00291533639088058	0.000780361351817886	0.00207516716624395
mdescubierto_preacordado_mean6	0.00278801082659763	0.0010693882051436	0.000691722388747983
mv_mpagominimo	0.00272117255481549	0.00423238904458291	0.00322803781415725
ctrx_quarter_normalizado_delta3	0.00270146424265616	0.00110706640248154	0.00138344477749596
ccomisiones_mantenimiento_delta3	0.00250938695264734	0.00157792677150962	0.0011528706479133
ccaja_ahorro	0.00249359358350701	0.008700324132247	0.00253631542540927
mcuenta_corriente	0.00244787395762696	0.000954636180252134	0.00322803781415725
cproductos	0.00234095781828354	0.00802139540705092	0.00553377910998386
chomebanking_trx_mean6	0.00229814668133305	0.00117650471676521	0.00368918607332257
thomebanking_mean6	0.00228791238206393	0.000748529365386656	0.00184459303666129
Visa_msaldototal	0.00224397531179266	0.000354889041141227	0.0011528706479133
chomebanking_trx_lag3	0.00215512099185404	0.00136956474175431	0.00484205672123588
mrentabilidad_annual_delta2	0.00214974111243246	0.00245520288539529	0.00461148259165322
mcuentas_saldo_delta1	0.00211673750862356	0.00460913880060676	0.00507263085081854
mcuentas_saldo_lag1	0.00210735506983223	0.00449114893148061	0.00368918607332257
mactivos_margen_delta3	0.00210090160345728	0.00328928791675354	0.00438090846207056
mcaja_ahorro_dolares_delta1	0.00202283307989325	0.00334485046381945	0.00322803781415725
ccomisiones_mantenimiento_mean6	0.00200714690821052	0.00690145197537426	0.00322803781415725
mrentabilidad_delta3	0.00198120406944328	0.00145262232354024	0.00507263085081854
mpayroll	0.00196205637448817	0.00645890322711697	0.00184459303666129
mv_msaldopesos	0.00190302757000209	0.000793027729072743	0.0011528706479133
mcomisiones_lag1	0.00187257321444276	0.00141906670858607	0.00322803781415725
mactivos_margen_delta2	0.00186575253378975	0.00201892289105429	0.00368918607332257
mpasivos_margen_delta3	0.00183553133249979	0.00165422242601324	0.00391976020290523
ctrx_quarter_delta1	0.00181022459472261	0.00122728546478725	0.00299746368457459
mcuenta_debitos_automaticos	0.00179438547556616	0.0104704596470812	0.00207516716624395
ctarjeta_visa_trx	0.00178870396252539	0.00223911364681966	0.00461148259165322
mrentabilidad_annual	0.00178222882894081	0.00193237468270536	0.00184459303666129
mtarjeta_visa_debitos_automaticos_delta3	0.00177251670088353	0.00326475687874586	0.00161401890707863
cliente_edad_lag2	0.00176899677957243	0.00755579761914213	0.00576435323956652
mv_mlimitecompra_lag2	0.00171981934370995	8.0400889080553e-05	0.000461148259165322
mcuentas_saldo_delta3	0.0017072334915121	0.00152001483574528	0.00345861194373991
mprestamos_personales_delta1	0.00169989656980599	0.00299881128242722	0.00207516716624395
chomebanking_trx_lag2	0.00169834774725994	0.00247741551293105	0.00322803781415725
Visa_mpagominimo	0.00167287855719042	0.00290792612236708	0.00322803781415725
mpayroll_lag2	0.00166598146571595	0.000513415778347538	0.000461148259165322
mpasivos_margen_lag1	0.00162792654288195	0.0016473551727608	0.00322803781415725
cliente_edad	0.00159047086324689	0.00246452237505815	0.00438090846207056
chomebanking_trx_delta1	0.00157331878537375	0.00287531348462783	0.00345861194373991
Master_Fvencimiento_delta3	0.00156167376028648	0.000245814705604267	0.000691722388747983
mcuenta_corriente_delta3	0.00155504660928509	0.00503374372094118	0.00391976020290523
cliente_edad_mean6	0.00152168625735971	0.0059510945077675	0.00553377910998386
mrentabilidad_delta1	0.00151588946130714	0.0010151032001389	0.00391976020290523
chomebanking_trx_delta3	0.00150122670794591	0.00313396308903916	0.00438090846207056
ctrx_quarter_normalizado_delta2	0.00148005617164752	0.00158731813065798	0.00230574129582661
mrentabilidad_annual_lag1	0.00146901759663709	0.00147652388398526	0.00345861194373991
cproductos_delta2	0.00146541984356343	0.000184859468867724	0.000230574129582661
mrentabilidad_annual_delta3	0.00146401297372632	0.00119955375641671	0.00391976020290523
mv_status07_delta1	0.0014628491644473	0.00232171894649857	0.000461148259165322
ctrx_quarter_delta2	0.00143466012489799	0.00135282286901997	0.00230574129582661
mv_status01_delta2	0.00142713491619916	7.4489004333642e-05	0.000230574129582661
mcomisiones_mean6	0.00141994558284089	0.00295903523959011	0.00322803781415725
mpasivos_margen_delta2	0.00140736751877945	0.000839223699571504	0.00322803781415725
mpagomiscuentas	0.00140222064373796	0.00527054500176049	0.00161401890707863
internet_mean6	0.00138937858018458	0.00128885283127961	0.00207516716624395
cliente_edad_lag1	0.00137293830673722	0.00165201429802771	0.00368918607332257
ctransferencias_emitidas_mean6	0.00134886190254962	0.000899006720216959	0.00184459303666129
ccaja_seguridad	0.00130609350860646	0.00265091464657352	0.000691722388747983
mv_mpagospesos	0.00129326097269439	0.00294393521286073	0.00322803781415725
mv_fechaalta	0.00129209043435085	0.00105739963148475	0.00230574129582661
mtransferencias_recibidas_lag3	0.00129078316585863	0.00642627448069994	0.00299746368457459
Master_Fvencimiento	0.00128097951118987	0.00100600179719066	0.00345861194373991
internet_delta3	0.00127637549704665	0.000268184702530694	0.0011528706479133
Master_Fvencimiento_lag1	0.00125564097935767	0.000949563185879078	0.00253631542540927
ctrx_quarter_normalizado_lag1	0.00125316404316407	0.00122407983790814	0.00161401890707863
mvr_mpagospesos_delta2	0.00124961109302605	0.00124875709314493	0.0011528706479133
mactivos_margen_delta1	0.0012471186438811	0.00220690000863784	0.00276688955499193
chomebanking_trx_lag1	0.00123609158668623	0.000912399227101179	0.00322803781415725
mautoservicio	0.0012125194376235	0.00434183635796703	0.00161401890707863
mv_fechaalta_mean6	0.00121135784425654	0.00195684004687283	0.00230574129582661
mcuentas_saldo_lag2	0.00120922872121557	0.00138460405115973	0.00322803781415725
mrentabilidad_lag3	0.00120812064819891	0.00068820608447089	0.00276688955499193
mtransferencias_recibidas	0.00120566179404509	0.0032062365306129	0.00230574129582661
mcaja_ahorro_mean6	0.00119227816788011	0.0021429324491556	0.00484205672123588
mcomisiones_delta2	0.00118279809761676	0.00285866330744396	0.00207516716624395
mrentabilidad_delta2	0.00116029871779856	0.00098312375734949	0.00322803781415725
mpayroll_delta3	0.00115410350926261	0.00238331729121743	0.000922296518330643
numero_de_cliente	0.00114069560250441	0.00183616994158915	0.00461148259165322
mcuentas_saldo_lag3	0.00113400124975858	0.000903545649965007	0.00253631542540927
cprestamos_personales_mean6	0.00112828458614599	0.00194961716358008	0.00184459303666129
cmobile_app_trx_delta2	0.00111579124523098	0.00201024774850281	0.00184459303666129
mactivos_margen_lag1	0.00111103259328495	0.0021876897908153	0.00368918607332257
mrentabilidad_mean6	0.00110871844479552	0.00146924400075572	0.00207516716624395
mpasivos_margen_lag3	0.00110327783735244	0.000583977982688943	0.00207516716624395
mv_status07_delta3	0.00108133333711246	0.00142844195905665	0.000691722388747983
mv_mfinanciacion_limite_lag2	0.00106883891836891	0.000428228133706868	0.000922296518330643
mvr_msaldopesos	0.00106523280786215	0.00142780876410681	0.00161401890707863
tmobile_app_delta3	0.00106350635099655	0.000540662987255487	0.00161401890707863
mrentabilidad_lag1	0.00105034646776732	0.00112347371036958	0.00253631542540927
ctrx_quarter_delta3	0.001048353080833	0.000528997826281389	0.00253631542540927
mcomisiones_otras_delta2	0.0010447532264656	0.00326344835845814	0.00230574129582661
Visa_mconsumospesos_mean6	0.00104438463312418	0.00102203117071529	0.00184459303666129
mcomisiones_lag2	0.00102562257874069	0.000901646065115496	0.00230574129582661
Visa_mpagominimo_delta2	0.00102115903704715	0.00136715711399006	0.00230574129582661
cmobile_app_trx_lag3	0.0010160801367012	0.0017514816659598	0.00230574129582661
mcuenta_corriente_delta2	0.0010140862790757	0.00216190599332762	0.00276688955499193
mcomisiones_mantenimiento_lag3	0.00101336265339025	0.00330545235534575	0.00184459303666129
Master_Fvencimiento_mean6	0.000990345949725604	0.00164330569899159	0.00276688955499193
mrentabilidad_annual_lag3	0.000987267497972983	0.00301020135674992	0.00461148259165322
mcomisiones_mantenimiento_delta3	0.00098466001432304	0.00308637062008939	0.00184459303666129
Master_Fvencimiento_lag2	0.000984487575953432	0.000815257704415351	0.00184459303666129
mvr_mpagominimo_lag1	0.000982606541928875	0.0011950792613798	0.00230574129582661
ccomisiones_otras	0.000965943001105437	0.000783010609748906	0.00230574129582661
mcomisiones_otras_lag2	0.00096284398397643	0.00136263057553261	0.00161401890707863
ctrx_quarter_lag1	0.000961069057138165	0.00147443719064764	0.00230574129582661
mactivos_margen_lag2	0.000951840098151732	0.00116886424697912	0.00276688955499193
mcomisiones	0.000948479119108016	0.000793792271702977	0.00161401890707863
mtarjeta_visa_debitos_automaticos_lag1	0.000940850739812196	0.0018218629574584	0.00161401890707863
ctransferencias_recibidas_mean6	0.000931923413099172	0.00105058937816909	0.00276688955499193
cliente_edad_lag3	0.000926045557836035	0.00453767946682566	0.00368918607332257
cliente_antiguedad_mean6	0.000924328372563536	0.0014697446088961	0.00184459303666129
mvr_mpagominimo_mean6	0.000913341236233473	0.00139084182684951	0.00345861194373991
mv_cconsumos_mean6	0.000909065312128043	0.00120513851109169	0.0011528706479133
mcaja_ahorro_dolares_delta3	0.000906759452608189	0.00335555034325554	0.00161401890707863
mv_mlimitecompra	0.000902954142067384	0.000253821957592223	0.000922296518330643
mpasivos_margen_delta1	0.000893320335390275	0.000896388440512448	0.00207516716624395
ctarjeta_visa_debitos_automaticos_mean6	0.000893074763520358	0.00172289743679574	0.00299746368457459
Visa_mconsumospesos_lag3	0.000892948816960928	0.000647141347411022	0.00207516716624395
mtarjeta_visa_consumo_delta3	0.000884848756482095	0.000777521268011573	0.000922296518330643
mv_fultimo_cierre_mean6	0.000883668658254082	0.00194768660050406	0.00161401890707863
Master_msaldototal	0.00087854778414747	0.0019386855670097	0.00184459303666129
mcomisiones_otras_delta3	0.000866193508474259	0.000942925171502804	0.00253631542540927
mtarjeta_visa_debitos_automaticos_delta2	0.000865177152996286	0.00303649071889422	0.0011528706479133
mtransferencias_recibidas_lag2	0.000863889715064023	0.00112563846883801	0.00207516716624395
mcomisiones_otras_lag3	0.00086073702017107	0.000647400325384635	0.00138344477749596
chomebanking_trx_delta2	0.000858987067396966	0.000914784550542345	0.00207516716624395
ccajas_consultas_mean6	0.000858149774418968	0.00455351677534595	0.00161401890707863
mpasivos_margen_lag2	0.000855498307260574	0.00224553357448131	0.00299746368457459
Visa_Fvencimiento_mean6	0.000855011884995806	0.000546629393681053	0.00230574129582661
Visa_cconsumos_delta2	0.000854545833531661	0.00178303113096527	0.0011528706479133
mcuentas_saldo_mean6	0.000854334522007845	0.000923169736893707	0.00230574129582661
ctarjeta_visa_trx_delta2	0.000853324476743453	0.00801958875688093	0.00184459303666129
mv_fultimo_cierre_lag2	0.000852856970296748	0.00101637578568388	0.00207516716624395
mvr_mpagominimo_delta2	0.000852470359940669	0.00370034667820025	0.00184459303666129
mcuenta_corriente_lag3	0.000848466657964507	0.00118281684019862	0.00138344477749596
mv_mfinanciacion_limite_lag3	0.000835829389549605	0.000439224164988379	0.00161401890707863
mv_mpagospesos_delta3	0.000833780124921666	0.00154276524529324	0.00138344477749596
Visa_fultimo_cierre_mean6	0.000829152479791373	0.000680653592848081	0.00253631542540927
Master_mpagominimo_lag1	0.000828802173626533	0.00213657447794697	0.00184459303666129
mv_fechaalta_lag2	0.000822896556861336	0.000581098246752699	0.00276688955499193
mdescubierto_preacordado	0.000816522025379562	0.00128598920402115	0.000691722388747983
tmobile_app_delta1	0.000814999729502519	0.00168603830376669	0.00184459303666129
mcaja_ahorro_lag1	0.000814505879310674	0.00180651262665883	0.00299746368457459
mv_mpagominimo_mean6	0.000810416751623614	0.00268802160541464	0.00299746368457459
mactivos_margen_lag3	0.000792080746102239	0.00116930413779554	0.00230574129582661
ccomisiones_otras_mean6	0.000786778922049839	0.00326868120047998	0.00230574129582661
internet_delta1	0.00078601292809018	0.000644908436844279	0.000922296518330643
ctarjeta_visa_debitos_automaticos_delta3	0.000782939560776283	0.00263148262464917	0.00161401890707863
mv_msaldototal_delta3	0.000778616517861942	0.00333370449792164	0.00161401890707863
ctarjeta_visa_trx_delta3	0.000773429736163018	0.000735145532405859	0.00207516716624395
mrentabilidad	0.000773130908050728	0.00081288972878103	0.00184459303666129
mvr_mpagospesos_delta1	0.000770655625650007	0.000918319785751512	0.00184459303666129
mrentabilidad_lag2	0.000766537392872054	0.000542921919532498	0.00253631542540927
internet_delta2	0.000765500888981929	0.00164142222281987	0.00161401890707863
cliente_antiguedad_lag3	0.000760860258106005	0.00190642855931077	0.00230574129582661
mcomisiones_mantenimiento_delta2	0.000759245244099653	0.00148552367835055	0.0011528706479133
Visa_fultimo_cierre	0.000754148907487357	0.00032549813895888	0.00138344477749596
Master_mpagominimo_delta3	0.000750785158528706	0.00201749045786053	0.000461148259165322
mcaja_ahorro_lag3	0.000746370954611917	0.000805577628195928	0.00230574129582661
cprestamos_personales_delta1	0.000744871534066446	0.00229647293102308	0.000461148259165322
chomebanking_trx	0.000742412766448715	0.000826137257565189	0.00161401890707863
mcaja_ahorro_lag2	0.000740491815961286	0.00202500205822435	0.00299746368457459
cpagomiscuentas_mean6	0.000740346106400191	0.000893894073713971	0.00184459303666129
mtransferencias_recibidas_lag1	0.000737882090223244	0.00315079789645302	0.00138344477749596
mcomisiones_mantenimiento_lag1	0.000730010802269582	0.00368584019429078	0.00207516716624395
ctarjeta_visa_debitos_automaticos_delta2	0.000729994036111848	0.00117236106918742	0.000922296518330643
mvr_msaldopesos2	0.00072565143994862	0.000767895713470805	0.00184459303666129
Visa_fultimo_cierre_lag2	0.000721543055818063	0.00126553737888014	0.00161401890707863
ctarjeta_master_trx_delta3	0.000713981552686099	0.00372961366747656	0.00230574129582661
Visa_msaldototal_mean6	0.000710979577960858	0.000278893255870204	0.0011528706479133
ccallcenter_trx_mean6	0.000707423663912162	0.00228434805316759	0.00253631542540927
ccaja_seguridad_lag2	0.000706825060515625	0.00286654416826776	0.000922296518330643
Visa_cconsumos_lag1	0.000705788045598529	0.000518463990139388	0.00161401890707863
mcaja_ahorro_dolares	0.000705152797423575	0.000802707805292166	0.0011528706479133
Visa_mconsumosdolares_mean6	0.000700934463094819	0.000987562317643649	0.00184459303666129
cliente_antiguedad_lag1	0.000694387584612943	0.00075441646755236	0.00230574129582661
Master_fechaalta_mean6	0.000691959629898415	0.000629717953693497	0.00184459303666129
tcallcenter_delta3	0.000691243326805554	0.00407106311482928	0.000922296518330643
Master_fultimo_cierre_mean6	0.000690350379190353	0.000588815542540534	0.00184459303666129
Master_mfinanciacion_limite	0.000689947598883735	0.00237642401625473	0.0011528706479133
cmobile_app_trx_lag1	0.000685070512131677	0.00102870016331808	0.00184459303666129
mautoservicio_mean6	0.000685041272004513	0.000650872365011724	0.00161401890707863
Visa_fechaalta_mean6	0.000685001151519947	0.00105754584871387	0.0011528706479133
cproductos_mean6	0.000683918773394464	0.00165252110181339	0.00276688955499193
mcomisiones_otras_lag1	0.000681890390405403	0.000724357674806486	0.0011528706479133
Visa_mpagado_mean6	0.000675338895136501	0.000444416115751229	0.000922296518330643
Visa_mconsumospesos_lag1	0.000674870899844893	0.000808831581108396	0.00184459303666129
mpayroll_delta2	0.000673845753352779	0.00278488432406189	0.000691722388747983
Master_fultimo_cierre_delta2	0.000672637869477913	0.00057121990988362	0.00138344477749596
mvr_mpagominimo	0.000671541926076011	0.00383016155594928	0.00322803781415725
mcomisiones_delta3	0.000670178093792238	0.00122756426882583	0.00276688955499193
mtransferencias_emitidas_lag1	0.000669855191387727	0.00155025330220491	0.00138344477749596
Master_Fvencimiento_lag3	0.000668392254900802	0.000591203344239821	0.00161401890707863
Master_fechaalta	0.000667896329596755	0.000587306283345033	0.00230574129582661
mcomisiones_mantenimiento	0.000660669393651683	0.00177222096904282	0.000922296518330643
mcaja_ahorro_dolares_delta2	0.000658764516168051	0.000353988194314356	0.000691722388747983
Visa_fechaalta_lag1	0.000654000658277511	0.000176634130165147	0.000922296518330643
ccomisiones_otras_lag2	0.000653092818389031	0.00172051087422551	0.00207516716624395
internet_lag1	0.000651744068543572	0.000165226708035602	0.000461148259165322
mv_fultimo_cierre_delta2	0.000650795995925654	0.000283419794327649	0.000922296518330643
ccallcenter_trx_delta2	0.000646538550604569	0.00418988443955492	0.00161401890707863
mv_status04_delta2	0.000643442260340937	0.000991297052631532	0.000230574129582661
Visa_mpagospesos_lag2	0.000642140308022592	0.00183113783847509	0.00184459303666129
mtransferencias_recibidas_delta1	0.000640444736155256	0.00277424144456258	0.00161401890707863
Visa_mconsumospesos_delta1	0.000637485820172925	0.000607465674027803	0.00161401890707863
cplazo_fijo	0.00063655995859724	0.0017866332791437	0.000461148259165322
mv_msaldopesos_lag3	0.000633578369150687	0.00272934779870625	0.0011528706479133
Visa_msaldopesos	0.000633195521467574	0.00155645390402288	0.00230574129582661
mv_fultimo_cierre_lag3	0.000624490755432356	0.000994676157579096	0.00184459303666129
mcaja_ahorro_delta1	0.000617588465071932	0.00392350266980703	0.00230574129582661
ccomisiones_otras_delta1	0.000613697127193761	0.000428432590001825	0.00138344477749596
Visa_mpagominimo_lag1	0.00061355721228002	0.00108614246916854	0.0011528706479133
Visa_mpagospesos_lag3	0.000609310531712684	0.000428083155606808	0.00138344477749596
Master_fechaalta_lag3	0.000605908306999727	0.00259416501386779	0.00253631542540927
tcallcenter	0.000598260696354612	0.000870245295597267	0.000922296518330643
mtransferencias_emitidas_mean6	0.000595627844546884	0.000807831603956697	0.00184459303666129
mv_Finiciomora_lag2	0.000594520358252427	0.00266002224516707	0.000691722388747983
ctransferencias_recibidas_delta3	0.000589058364140648	0.00205025055195796	0.00161401890707863
mvr_mpagospesos	0.000588508648847877	0.000908317535976399	0.00161401890707863
cliente_antiguedad	0.000585926632726592	0.000727332823680377	0.0011528706479133
Visa_fechaalta_lag3	0.000584095787127413	0.000492677714393587	0.00230574129582661
mvr_Master_mlimitecompra_lag2	0.000580917598428512	0.000749577668571709	0.00138344477749596
mvr_msaldopesos2_delta2	0.000578973310941982	0.000960246956637381	0.00253631542540927
mvr_mconsumospesos_delta3	0.000575942878127259	0.00242702509056302	0.00184459303666129
mtarjeta_visa_consumo_delta1	0.000575543186655021	0.00132267857636893	0.00184459303666129
Visa_mpagospesos_lag1	0.00057313243033955	0.00165482588186563	0.00161401890707863
ctarjeta_visa_trx_lag1	0.000571413045418642	0.00107686882728091	0.0011528706479133
mpayroll_sobre_edad_delta1	0.000570748424037623	0.00475915396029755	0.00138344477749596
ctarjeta_visa_descuentos_mean6	0.000569437471812783	0.00556855058425747	0.00138344477749596
Visa_mpagospesos_delta1	0.000558720731983897	0.000423705312636605	0.00207516716624395
Visa_Fvencimiento_lag1	0.000555963951541483	0.000420950728735456	0.00138344477749596
mv_mconsumospesos	0.000550748377364294	0.000402097380082291	0.000691722388747983
mvr_msaldopesos2_lag3	0.000548191152750277	0.000464490006528835	0.00230574129582661
tmobile_app_lag2	0.000542513832645763	0.000539902162012435	0.000922296518330643
Visa_mconsumosdolares_delta3	0.000539601665644593	0.000244305446408765	0.000922296518330643
mv_mconsumospesos_lag3	0.000539181248778386	0.000547604588251546	0.0011528706479133
ccaja_ahorro_lag1	0.000538648633416416	0.00153857822819833	0.00138344477749596
ccaja_ahorro_mean6	0.000538311119336235	0.00122156812330282	0.00138344477749596
Visa_mconsumospesos_delta2	0.00053610702975499	0.00120496255476512	0.0011528706479133
Visa_Fvencimiento	0.000535969564064692	0.00120766013872949	0.00138344477749596
mrentabilidad_annual_mean6	0.000535762177548335	0.000889382404805251	0.0011528706479133
Visa_msaldopesos_lag2	0.000535291494806986	0.00034261670692756	0.000922296518330643
Master_mpagominimo_lag2	0.000534656858265768	0.00162091711512926	0.000922296518330643
Visa_msaldopesos_delta3	0.000531564421966797	0.00106664972992024	0.00161401890707863
Visa_cconsumos_mean6	0.000530470213246283	0.00109334676552539	0.000922296518330643
mv_fultimo_cierre_lag1	0.000529216787862791	0.000290417156131423	0.000922296518330643
Visa_fechaalta_lag2	0.000525368915976499	0.000364784725817151	0.0011528706479133
mplazo_fijo_dolares_delta2	0.000524985834684025	0.00575367646587317	0.000691722388747983
Master_fechaalta_lag2	0.000520501056302528	0.000628294194403159	0.00230574129582661
cproductos_lag1	0.000518287204398797	0.00102297290880116	0.00138344477749596
Visa_mfinanciacion_limite_mean6	0.00051557125098031	0.000279780472277412	0.00138344477749596
Visa_mfinanciacion_limite_lag3	0.000513533534714773	0.00045741829698144	0.000691722388747983
Master_mpagospesos_lag3	0.000512156269966852	0.000416056168947089	0.0011528706479133
matm_mean6	0.000506520035518381	0.000345565834091184	0.00161401890707863
mv_mpagospesos_delta1	0.000504445049922462	0.000259393081847539	0.000691722388747983
Visa_cconsumos_delta3	0.000503136507937815	0.00160074657228495	0.00161401890707863
mv_mlimitecompra_lag3	0.000497030597255159	3.9904912259384e-05	0.000230574129582661
mv_mlimitecompra_mean6	0.000496214758506662	0.000501372683010035	0.00138344477749596
Visa_cconsumos	0.000495440877076296	0.000612468038044419	0.00184459303666129
mcuenta_debitos_automaticos_lag3	0.000488734112282401	0.000178958736282356	0.000691722388747983
Master_mpagospesos_delta3	0.000488231706922103	0.00275978824320271	0.000922296518330643
mv_mpagospesos_lag1	0.000487440622953915	0.000784516151557226	0.00161401890707863
mtransferencias_emitidas_delta3	0.000485876450584712	0.00182805984188919	0.00161401890707863
Visa_mconsumosdolares_lag3	0.000484435874351765	0.00040420885600112	0.00138344477749596
Master_mfinanciacion_limite_mean6	0.000483791477211525	0.000549968846498686	0.000691722388747983
mv_msaldopesos_mean6	0.00048182879160224	0.000440090316201561	0.000922296518330643
catm_trx_mean6	0.000481787800043694	0.00056323372308969	0.00184459303666129
ccomisiones_otras_lag3	0.000479927893098515	0.000288389940988697	0.00161401890707863
mvr_mconsumospesos_lag1	0.000478957696814613	0.000429938131810146	0.000922296518330643
mrentabilidad_annual_lag2	0.00047867274539475	0.000286043030548401	0.000922296518330643
mtransferencias_emitidas_delta2	0.000476692735091869	0.0014680135455988	0.0011528706479133
Master_fechaalta_delta2	0.00047587653070738	0.00106724822925638	0.000922296518330643
Visa_mconsumospesos_delta3	0.000474082532655149	0.000814961552569928	0.00184459303666129
Visa_mpagospesos_mean6	0.000471311358339212	0.000739928570578794	0.000922296518330643
ctarjeta_debito_mean6	0.000471215291179137	0.00036739433161824	0.0011528706479133
Master_mfinanciacion_limite_lag1	0.000471137054822772	0.00290128934711986	0.0011528706479133
mv_status07_delta2	0.000470162202056978	0.00102860970689667	0.000230574129582661
ctrx_quarter_mean6	0.000469287220971425	0.000327567484489657	0.00161401890707863
Master_fultimo_cierre	0.000467976688195883	0.00131843208107913	0.0011528706479133
Visa_fultimo_cierre_lag1	0.000464588007097	0.00129161732821324	0.00138344477749596
Master_mfinanciacion_limite_lag3	0.000464488639131127	0.000744156478932695	0.000922296518330643
mforex_sell_mean6	0.000463383192480875	0.00236396085616577	0.0011528706479133
cmobile_app_trx	0.000458975806829782	0.000472033824248222	0.000922296518330643
ccomisiones_otras_lag1	0.000455995385536452	0.00241425090907991	0.00138344477749596
mplazo_fijo_dolares_delta1	0.00044942582354797	0.00300623490462775	0.000461148259165322
mvr_msaldopesos2_mean6	0.000449400698664399	0.000619114726324116	0.00230574129582661
internet	0.000449113376839247	0.000721879416685794	0.000691722388747983
mpagomiscuentas_delta2	0.000447244788727771	0.00122226823122191	0.0011528706479133
Visa_fultimo_cierre_delta2	0.000447048254005348	0.000795375878642099	0.000922296518330643
thomebanking	0.000446855440166839	0.000899657262973641	0.000922296518330643
mextraccion_autoservicio_mean6	0.000446639628899866	0.000276759475628289	0.000922296518330643
mv_mconsumosdolares_lag3	0.000445127172260469	0.000224331925085048	0.000691722388747983
Master_msaldopesos	0.000443613738351345	0.00439896020764899	0.000691722388747983
Visa_mfinanciacion_limite_lag1	0.000442737201339761	0.000393943910865214	0.000461148259165322
tmobile_app_mean6	0.000441509492466357	0.000319390471820434	0.000922296518330643
mtarjeta_visa_consumo_lag3	0.000440965060475038	0.000597042120372172	0.000922296518330643
cmobile_app_trx_mean6	0.000439654592852311	0.000587305044215972	0.00184459303666129
mtarjeta_visa_consumo_delta2	0.000438163905669033	0.00128662983374535	0.00161401890707863
mv_Finiciomora_mean6	0.000436161062025449	0.00084737221227234	0.000691722388747983
mdescubierto_preacordado_delta1	0.000434736354574117	0.00219282226338325	0.000461148259165322
mpagomiscuentas_lag3	0.000432080095127987	0.00116121634241866	0.000922296518330643
ctransferencias_recibidas_lag1	0.000431524628028815	0.00100054715106702	0.00184459303666129
mvr_mpagominimo_delta1	0.00043106933901243	0.00115304304713662	0.000922296518330643
mcaja_ahorro_dolares_lag2	0.000430252334576559	0.000273132544868656	0.000922296518330643
cmobile_app_trx_lag2	0.000429882282723928	0.000651304821053785	0.0011528706479133
mvr_msaldopesos_delta1	0.000429065964078192	0.00127805010413151	0.000691722388747983
mcuenta_debitos_automaticos_mean6	0.000422608235621605	0.000490001195623239	0.000922296518330643
ctransferencias_recibidas_delta1	0.000421308211476886	0.00113957990989596	0.0011528706479133
Master_mconsumospesos_delta3	0.000421014611152724	0.000587642087320386	0.000691722388747983
Visa_Fvencimiento_lag3	0.000420619569693175	0.000278252626146006	0.00138344477749596
tcallcenter_mean6	0.000418575396995038	0.000765391433639845	0.000922296518330643
mcomisiones_otras	0.000417869689957976	0.000280670166942741	0.00138344477749596
ccallcenter_trx_delta3	0.000417782916302846	0.00170212839461528	0.0011528706479133
mvr_mconsumospesos_lag3	0.000416310365371295	0.000213523002291649	0.000922296518330643
mv_msaldopesos_delta2	0.000416208460469669	0.000293744217658452	0.000691722388747983
ctarjeta_debito_trx	0.000415996069310679	0.000317164996028052	0.0011528706479133
mv_mpagospesos_lag3	0.000415910262810615	0.000306102051777283	0.000691722388747983
cforex_sell_mean6	0.000413480751449203	0.00068340693762017	0.000691722388747983
Visa_mpagominimo_delta3	0.000405972767213329	0.000248032746622286	0.000922296518330643
ctransferencias_emitidas_delta1	0.000403956441997543	0.00121849260497504	0.0011528706479133
mvr_msaldototal_mean6	0.000403278921528369	0.000247307856121984	0.0011528706479133
mextraccion_autoservicio_delta2	0.000403222301385143	0.00198647753573819	0.0011528706479133
mv_Finiciomora_delta2	0.000403197884428711	0.00481896300265328	0.000691722388747983
mv_Fvencimiento	0.000401096316289661	0.000358130602763093	0.0011528706479133
mvr_mconsumospesos_delta1	0.000400230336009144	0.0020016952797283	0.0011528706479133
mcuenta_debitos_automaticos_lag2	0.000399842018151876	0.000470322587015884	0.0011528706479133
ccaja_ahorro_delta3	0.000399154574094888	0.000840000633492341	0.000230574129582661
mv_mpagominimo_delta1	0.00039802183476351	0.00117185054801455	0.000691722388747983
mvr_mpagospesos_mean6	0.000396606532148237	0.000389339307276968	0.000922296518330643
mv_Fvencimiento_lag3	0.000393898250228319	0.000308950809487018	0.0011528706479133
Master_fechaalta_lag1	0.000393765180340239	0.000145154056387056	0.000922296518330643
cextraccion_autoservicio_mean6	0.00039371658291055	0.000354793628203581	0.000922296518330643
tmobile_app_lag1	0.000392867129847335	0.000524146636010135	0.0011528706479133
ccaja_seguridad_lag1	0.00039114744699339	0.000482427638806404	0.000230574129582661
cextraccion_autoservicio_lag2	0.000390959695600263	0.000350429415653042	0.000922296518330643
ctarjeta_debito_trx_delta1	0.000387475452107168	0.000563833461554898	0.000922296518330643
mvr_mconsumospesos_lag2	0.000387200223647329	0.000280966318788163	0.000922296518330643
Visa_mconsumospesos_lag2	0.000386788608929916	0.000494651646986718	0.0011528706479133
mcaja_ahorro_dolares_mean6	0.000386760119649959	0.000524976852480566	0.00138344477749596
mvr_Master_mlimitecompra_mean6	0.000385590720897818	0.000343713336145966	0.0011528706479133
Visa_msaldopesos_lag1	0.000383519269335066	0.000268220637273444	0.000691722388747983
mtransferencias_recibidas_delta2	0.000382574511637571	0.000406575592506381	0.0011528706479133
mtransferencias_recibidas_mean6	0.000378391055179012	0.000252680719727644	0.0011528706479133
mcuenta_debitos_automaticos_delta3	0.00037442478313877	0.00158074331186378	0.000922296518330643
mv_status01_mean6	0.000372988415080351	0.000745245673376739	0.000461148259165322
mcaja_ahorro_delta2	0.000370338876548001	0.000281621818061086	0.0011528706479133
mtransferencias_emitidas_lag2	0.000369518623618669	0.00189913876304876	0.0011528706479133
cmobile_app_trx_delta1	0.000369415139055298	0.00171139212347043	0.000922296518330643
mv_status04_delta1	0.000368761017778815	0.000662738264893598	0.000230574129582661
mautoservicio_delta2	0.000368362184190105	0.00222509661888903	0.000922296518330643
Master_mconsumospesos_lag1	0.000368065353045159	0.000232565937691047	0.000691722388747983
cproductos_lag3	0.000363779138674353	0.000303200011517952	0.000691722388747983
ctrx_quarter_normalizado_lag3	0.000362454106103216	0.000306652225080077	0.0011528706479133
mv_mconsumospesos_mean6	0.000362030070519166	0.000322721250734644	0.00161401890707863
Visa_cconsumos_lag3	0.000360913963963589	0.000233780284170186	0.000691722388747983
mvr_msaldopesos2_delta3	0.000357651049883589	0.000347780157722022	0.000691722388747983
Visa_cconsumos_lag2	0.000356820962085423	0.000998534805473014	0.0011528706479133
mv_msaldopesos_delta1	0.000356118981309274	0.00208751735844787	0.000461148259165322
Visa_Fvencimiento_lag2	0.000354581500784585	0.000386381506209922	0.000922296518330643
minversion1_pesos_delta3	0.000354491384955184	0.00411012913671481	0.000461148259165322
cseguro_accidentes_personales_mean6	0.000354333634532858	0.000641338506021422	0.000691722388747983
Visa_mfinanciacion_limite	0.000354039932045699	0.000988236403852478	0.000691722388747983
cextraccion_autoservicio	0.000352982781608322	0.000152569004684167	0.000461148259165322
ctarjeta_visa_trx_lag3	0.000350380456159435	0.000230885678685218	0.000922296518330643
Master_delinquency_delta2	0.00034795237239149	0.00112814274866897	0.000230574129582661
mvr_msaldopesos2_lag2	0.000347568491969681	0.00066550276182723	0.00184459303666129
cliente_vip_lag2	0.000347061468036241	0.00109196637575217	0.000461148259165322
mprestamos_personales_lag1	0.000346408565826449	0.000305714204381395	0.000922296518330643
ctransferencias_emitidas_delta2	0.000345564000624152	0.0023500603063668	0.00138344477749596
Visa_mconsumototal_lag1	0.000343905139536259	0.000372758521320478	0.000461148259165322
mv_mconsumospesos_delta3	0.00034002083019731	0.0014441491590256	0.0011528706479133
Visa_mpagospesos	0.000336260411724013	0.000932764313207966	0.00322803781415725
ctrx_quarter_normalizado_lag2	0.000335599289173968	0.000819297265152079	0.0011528706479133
mvr_mconsumosdolares_mean6	0.000335374001035582	0.000223507904259917	0.000922296518330643
mv_fechaalta_lag1	0.000334388562210419	0.00212949285536709	0.000691722388747983
cmobile_app_trx_delta3	0.000333789454195873	0.000831734403530772	0.000922296518330643
mv_msaldototal_lag3	0.00032619621362048	0.00371779485449898	0.000922296518330643
mv_fultimo_cierre	0.000326153563231228	0.000377050864385516	0.000691722388747983
Visa_mpagospesos_delta2	0.000325138509829965	0.000147193662820386	0.000691722388747983
mpayroll_lag3	0.000323941325680756	0.0005732235815742	0.000461148259165322
mtransferencias_emitidas_delta1	0.000323939886325102	0.00185125262051169	0.000922296518330643
Master_fultimo_cierre_lag2	0.000321507227738451	0.000226843639690369	0.000691722388747983
Master_mlimitecompra_delta3	0.000320812250504638	0.0012867624205548	0.000691722388747983
cextraccion_autoservicio_delta3	0.000320429080116563	0.00114591557678151	0.000691722388747983
Visa_mlimitecompra_delta3	0.000318629753140473	0.00122642303096125	0.000461148259165322
ctarjeta_visa_trx_mean6	0.000318468093639238	0.000141330104106828	0.000691722388747983
mtarjeta_visa_debitos_automaticos	0.000318050661007961	0.000405589245774346	0.000461148259165322
mcuenta_debitos_automaticos_delta2	0.000317948831384333	0.00289209253123397	0.000922296518330643
mprestamos_hipotecarios_mean6	0.000316515645837715	0.00411012913671481	0.000461148259165322
Visa_Fvencimiento_delta3	0.000314496060815755	0.00147922270707869	0.000691722388747983
Master_mlimitecompra_lag3	0.000314026457843193	0.000302388381983426	0.000691722388747983
mvr_Master_mlimitecompra	0.000312495093655862	0.000233736914653074	0.000691722388747983
mvr_msaldopesos_lag2	0.000312249410466084	0.000365241964440419	0.000691722388747983
mv_mpagominimo_lag1	0.000310757018282497	0.000927303471439021	0.00161401890707863
mpayroll_sobre_edad_lag3	0.000307005459076226	0.000217315976345368	0.000461148259165322
Master_mlimitecompra	0.000305458227362264	0.000555531296850579	0.000922296518330643
mvr_Visa_mlimitecompra_lag1	0.000305417491211213	0.000446827460902662	0.000691722388747983
Visa_mconsumototal_delta3	0.000303096428392244	0.000204942033548753	0.000691722388747983
mvr_Visa_mlimitecompra_lag2	0.000302849823215019	0.000355382214507245	0.0011528706479133
Visa_mconsumospesos	0.000302201373161123	0.000216868650754583	0.000691722388747983
mpagomiscuentas_delta3	0.000301445345470732	0.000240352624706262	0.000461148259165322
mvr_mpagospesos_delta3	0.000298619761610046	0.000352224913661483	0.0011528706479133
mvr_mpagominimo_lag3	0.000297901235805282	0.000221550080344571	0.000691722388747983
Master_mpagospesos_mean6	0.000296628597729112	0.00109828593395993	0.0011528706479133
Visa_msaldototal_delta1	0.000293446195465961	0.000544556330763094	0.0011528706479133
ccomisiones_mantenimiento_delta2	0.000292849856288939	0.00057659153436022	0.000461148259165322
mcaja_ahorro_dolares_lag3	0.000291165344391174	0.000271905807098913	0.000691722388747983
mtransferencias_emitidas	0.000289086279130811	0.00265230371025017	0.00322803781415725
Master_mpagospesos_delta2	0.000288594175968062	0.00231158782730118	0.000691722388747983
ccuenta_debitos_automaticos_mean6	0.000285301337539509	0.000901958325638703	0.000922296518330643
mv_msaldototal_mean6	0.000284220154520209	0.00101187279067858	0.0011528706479133
mvr_msaldopesos2_delta1	0.000284068236917497	0.000428935676400326	0.000691722388747983
mv_cconsumos_delta3	0.000284030490340359	0.00027543980317902	0.000922296518330643
Master_fultimo_cierre_lag3	0.000283962335522697	0.00040836117748234	0.000922296518330643
mautoservicio_delta1	0.000282056889421329	0.0021465259234306	0.000691722388747983
ctrx_quarter_lag3	0.000281753115607564	0.00061759059757989	0.000922296518330643
ctarjeta_visa_trx_lag2	0.000279448759501077	0.000149232030124655	0.000691722388747983
Visa_mlimitecompra_mean6	0.000278928862760186	0.000216602238006609	0.000691722388747983
cprestamos_personales_lag2	0.000277617619505228	0.00107479328610483	0.000691722388747983
mvr_msaldototal_delta2	0.000275555575003757	0.000853416683828707	0.000461148259165322
mv_cconsumos_delta1	0.000274910263773538	0.000776885594803615	0.000691722388747983
ctrx_quarter_lag2	0.000273467828442885	0.000265478444662898	0.000461148259165322
mv_Fvencimiento_lag1	0.000271635548523062	0.000115182002675406	0.000691722388747983
ctransferencias_emitidas_lag1	0.000271430950989328	0.00256968230189348	0.000922296518330643
Visa_mlimitecompra	0.00027120072936269	0.000442469443997425	0.000691722388747983
Master_cconsumos_delta3	0.00027076280229639	0.000903001672307515	0.000691722388747983
Visa_msaldototal_lag2	0.000270664752703674	0.000261805666128033	0.000461148259165322
mvr_mconsumospesos_delta2	0.000269961070107064	0.000218247801398748	0.000922296518330643
mtarjeta_master_consumo_delta2	0.000269721304305649	0.00021191585190038	0.000230574129582661
Visa_mpagospesos_delta3	0.000269492115062987	0.00070210043862455	0.000461148259165322
mautoservicio_lag1	0.00026372049179042	0.00144323468177906	0.000461148259165322
mcomisiones_otras_mean6	0.000263113048081819	0.000573779950522295	0.000922296518330643
mvr_mpagospesos_lag3	0.000262225766480235	0.000312891239898919	0.000691722388747983
mpayroll_sobre_edad_delta2	0.000262201559226799	0.000902743933462963	0.000461148259165322
Master_msaldototal_mean6	0.000262089615466406	0.000498782903273911	0.000691722388747983
mv_msaldototal_lag1	0.000261901163382983	0.000460771380218736	0.000691722388747983
ctarjeta_visa_debitos_automaticos_lag2	0.000259993319620517	0.00396526999304411	0.00138344477749596
mvr_Master_mlimitecompra_lag3	0.000258899457571712	0.000245465271209249	0.000461148259165322
Visa_mconsumosdolares_lag2	0.000257728045886996	7.71283492321791e-05	0.000461148259165322
ccajas_extracciones_lag2	0.000257135430599799	0.00141647445059183	0.000461148259165322
mvr_mpagospesos_lag1	0.000256748348444315	0.000174411132630887	0.000691722388747983
tcallcenter_lag1	0.000256638375354377	0.000889046600829898	0.000461148259165322
mv_mpagospesos_mean6	0.000251748961828261	0.000197909976131289	0.000691722388747983
Master_mpagospesos	0.000251515716471634	0.00289540596234134	0.00138344477749596
ccajas_trx_mean6	0.000249974675540588	0.00186166254374765	0.00138344477749596
ccaja_ahorro_lag2	0.000249607523235139	0.000712599579152863	0.000461148259165322
Visa_msaldototal_lag3	0.000248527117273304	0.000813817836447229	0.000461148259165322
matm_delta3	0.000248492688343106	0.00138992115395767	0.000691722388747983
mvr_Visa_mlimitecompra	0.000246298278907843	0.000306799681438258	0.000691722388747983
Visa_mconsumototal_lag3	0.000245806387598676	0.000856500876059909	0.000461148259165322
mcomisiones_delta1	0.000242878869262863	0.000288782744900826	0.000691722388747983
Visa_mpagado_lag2	0.000242304207778248	0.000312033762589159	0.000691722388747983
mplazo_fijo_dolares_lag2	0.000241703876496231	0.00347523162354906	0.000461148259165322
mvr_msaldodolares_lag3	0.000241148304705422	0.00116672551022096	0.000691722388747983
mv_mpagominimo_delta3	0.000241055985650322	0.000383380335625764	0.000461148259165322
mcomisiones_mantenimiento_lag2	0.000239276871488886	0.000627419369286555	0.000691722388747983
catm_trx_lag3	0.000238422825123529	0.000210322331928775	0.000461148259165322
Visa_mpagominimo_lag3	0.000236537547476565	0.000191524744083326	0.000691722388747983
mpayroll_mean6	0.000236073348430885	0.000650753408621931	0.000691722388747983
Visa_msaldopesos_mean6	0.000235598602651998	0.000158401585171216	0.000691722388747983
Master_cconsumos_mean6	0.00023445224392198	0.00103660952411027	0.0011528706479133
Master_mconsumospesos_mean6	0.000233841030771916	0.00174876797331765	0.00161401890707863
mv_mpagado_lag3	0.000233117012022237	0.000414586561881519	0.000461148259165322
mpagomiscuentas_lag1	0.000232236674553337	0.000641604918769396	0.00138344477749596
mextraccion_autoservicio_lag3	0.000232182346953507	0.00172540543401388	0.000922296518330643
Master_Fvencimiento_delta2	0.000228877769189977	0.000564117222109717	0.000691722388747983
cprestamos_hipotecarios_mean6	0.000228256118103457	0.00188623942953056	0.000230574129582661
mtarjeta_visa_consumo_lag1	0.000228172978090045	0.00062994471431154	0.00138344477749596
mtarjeta_visa_debitos_automaticos_lag3	0.000226336814129161	0.000179930213465668	0.000691722388747983
mtarjeta_visa_debitos_automaticos_mean6	0.000224191591682417	0.00020120729856087	0.000691722388747983
Visa_Fvencimiento_delta1	0.000223939645421996	8.7000490455956e-05	0.000461148259165322
mvr_msaldopesos2_lag1	0.000223657966702003	0.000554797732446854	0.00161401890707863
mvr_msaldodolares2_mean6	0.000223510920842306	0.000522773681011271	0.00138344477749596
mplazo_fijo_dolares_lag1	0.000217974724380931	0.00209130785424346	0.000461148259165322
ccajas_depositos_mean6	0.00021602732827079	0.00397098733452855	0.000691722388747983
Master_mlimitecompra_mean6	0.000214075270301757	0.000515951036405006	0.000691722388747983
mcaja_ahorro_dolares_lag1	0.000213075051539054	0.000197945910874039	0.000691722388747983
Master_fultimo_cierre_lag1	0.000212129452341079	0.000144983056576728	0.000691722388747983
ccajas_consultas_delta2	0.000212009771077867	0.000326185855587372	0.000461148259165322
Visa_delinquency_mean6	0.000210361602920692	0.00278833901588214	0.00230574129582661
mcomisiones_otras_delta1	0.000209358638601117	0.000357088495223341	0.000691722388747983
mcheques_depositados_lag3	0.000209162069264258	0.00307390374261325	0.000691722388747983
cextraccion_autoservicio_delta1	0.000208536094733776	0.000295407128857436	0.000461148259165322
mvr_msaldodolares2_delta1	0.000207698664642281	0.000956959547240283	0.000461148259165322
cliente_edad_delta2	0.000207678500892751	0.000257552975192925	0.000461148259165322
mtarjeta_master_consumo_lag1	0.000207444289532206	5.06258568894979e-05	0.000230574129582661
mcuenta_debitos_automaticos_delta1	0.000205584511635024	0.00119111652664481	0.000691722388747983
ctarjeta_debito_trx_mean6	0.000205106723332965	0.000529272912932786	0.00161401890707863
ctrx_quarter_normalizado_mean6	0.000205074430607405	0.000251436634151057	0.000230574129582661
mpayroll_delta1	0.000203876112415316	0.000357061234384014	0.000691722388747983
Visa_Finiciomora_lag2	0.000203376546110952	0.000688593931866779	0.000230574129582661
Master_cconsumos_lag3	0.00020282022557291	0.000257036258374761	0.000461148259165322
Master_msaldototal_delta2	0.000202690235256687	0.000326407659689174	0.000691722388747983
mv_Fvencimiento_lag2	0.00020176845112722	0.00029971929798744	0.000691722388747983
mplazo_fijo_dolares	0.000201176019666206	0.00131526238894276	0.000230574129582661
mvr_mpagominimo_delta3	0.000200281770817035	0.000273193262192613	0.000461148259165322
cforex_mean6	0.000199693973321726	0.000236368824777249	0.000461148259165322
mv_mconsumosdolares_mean6	0.000198943207108886	0.000336618083146425	0.000922296518330643
Master_mpagospesos_delta1	0.000198870195432914	0.00114490692572639	0.000461148259165322
mvr_mconsumospesos_mean6	0.000197097382443206	0.000106464729735872	0.000461148259165322
mv_msaldototal_delta1	0.00019685272078594	0.00136686715778994	0.000922296518330643
Visa_mpagominimo_delta1	0.00019588544229406	0.000306145421294395	0.000691722388747983
mvr_mpagominimo_lag2	0.000194101258965992	0.000126779011551185	0.000461148259165322
Visa_mpagado_lag3	0.000190924621243427	0.000386863527414397	0.000691722388747983
Visa_fultimo_cierre_lag3	0.000190331113674301	0.000491499302657197	0.000691722388747983
ctarjeta_visa_debitos_automaticos	0.000189763724576022	0.000369196025271983	0.000461148259165322
mcomisiones_mantenimiento_delta1	0.000189636784362978	0.000876865962166696	0.000230574129582661
mv_mpagominimo_delta2	0.000189292783942117	0.00032331603268361	0.000691722388747983
mv_status02_delta3	0.000189003825445721	8.04938237600789e-05	0.000230574129582661
mextraccion_autoservicio_delta3	0.000187235367825912	0.000118728390046116	0.000461148259165322
matm_lag1	0.000185498096805377	0.0004010565116716	0.000691722388747983
Visa_cconsumos_delta1	0.000185056330561166	0.000253916131400809	0.000922296518330643
mv_cconsumos_lag3	0.000185051477818779	0.000132109744768793	0.000461148259165322
Visa_mfinanciacion_limite_delta3	0.000184163987858451	0.00150274881141842	0.000230574129582661
mv_Fvencimiento_delta3	0.000181703139341769	8.12843881005797e-05	0.000461148259165322
Visa_mfinanciacion_limite_lag2	0.000181524526159929	0.000137301695531643	0.000691722388747983
mextraccion_autoservicio_lag2	0.000181391015452335	0.000545515416655802	0.00138344477749596
ccuenta_debitos_automaticos_lag1	0.00018041895583868	9.5129177091826e-05	0.000461148259165322
mtarjeta_visa_consumo_lag2	0.000178631167904321	0.00010735566353026	0.000461148259165322
mv_mpagado	0.000178222936159986	0.000685786065416034	0.000461148259165322
ctarjeta_visa_descuentos_delta2	0.000177898858160378	0.000372109217692856	0.000230574129582661
ccajas_trx_lag2	0.000177304124335231	0.0011191578238524	0.000461148259165322
catm_trx_other_lag2	0.000177166962445426	0.000704868652945364	0.000461148259165322
mv_mpagado_delta2	0.000175716000537221	0.00101866197880021	0.000230574129582661
mtarjeta_visa_descuentos_delta3	0.000172882085015229	0.000281766796161147	0.000230574129582661
mpagomiscuentas_delta1	0.000172565266805608	0.000881072805326571	0.000461148259165322
Master_msaldopesos_delta3	0.000172162389712992	0.000264167446117052	0.000461148259165322
mvr_Visa_mlimitecompra_mean6	0.000170492696826883	7.98110636478283e-05	0.000230574129582661
mvr_Master_mlimitecompra_lag1	0.00016994713566559	4.21118011158603e-05	0.000230574129582661
mforex_sell_lag2	0.000168860885030914	0.000183578209419327	0.000691722388747983
Master_delinquency_mean6	0.000168206084614142	8.04777150822944e-05	0.000230574129582661
ctarjeta_master_trx_lag2	0.000168182757844436	0.000132803657042587	0.000461148259165322
Visa_mpagosdolares_delta3	0.000167954946457992	0.000836108529113794	0.000230574129582661
mv_mfinanciacion_limite_lag1	0.000166930813488346	0.00015673371745599	0.000691722388747983
mprestamos_personales_lag3	0.000165464868569991	0.00033434428132069	0.000230574129582661
Master_mconsumototal_mean6	0.000164381403095227	0.000154818023928695	0.000230574129582661
ctarjeta_visa_debitos_automaticos_lag3	0.000164098454607817	0.000252182589845385	0.000230574129582661
mvr_msaldototal_lag3	0.000163551780407551	0.000192647395011999	0.000461148259165322
Master_mpagominimo_mean6	0.000161827758314706	0.000231961242709598	0.000461148259165322
Visa_mconsumosdolares	0.00016147607585881	0.000368233221992094	0.000691722388747983
mprestamos_personales_lag2	0.000161382870722069	0.000254234587569318	0.000461148259165322
Master_mpagospesos_lag1	0.00016047862737438	0.000218521648921085	0.000461148259165322
mpagomiscuentas_mean6	0.000159782506183844	0.000225811445183101	0.000691722388747983
mautoservicio_delta3	0.000159571967065248	0.000583137853186029	0.000461148259165322
cpayroll_trx_mean6	0.000158296674656747	0.00132458559599281	0.000691722388747983
mvr_mconsumospesos	0.000157834873697591	0.000337657712428055	0.0011528706479133
ccomisiones_otras_delta2	0.000155914698437433	0.000636793380628073	0.000461148259165322
ccheques_depositados_lag1	0.000155398285992462	0.0020550645683574	0.000230574129582661
mpayroll_sobre_edad_lag1	0.000154961844128448	0.000276292323972538	0.000922296518330643
mcheques_emitidos_mean6	0.000154065499787505	8.91801184731047e-05	0.000230574129582661
Master_mpagominimo_lag3	0.000153364497625333	0.000440904423994208	0.000691722388747983
Visa_mconsumosdolares_delta2	0.000153128205365837	0.000207932051971368	0.000461148259165322
Visa_mpagado	0.000151880469268289	0.000847900081252047	0.000461148259165322
thomebanking_delta3	0.000150665085066708	0.000124227644815932	0.000230574129582661
mvr_Visa_mlimitecompra_lag3	0.000148873737558432	0.000172765569238747	0.000461148259165322
mv_cconsumos_delta2	0.000147841235288481	5.6548893797952e-05	0.000230574129582661
mvr_msaldodolares_lag2	0.00014773351247299	0.000478655729946711	0.000461148259165322
mv_mpagosdolares_mean6	0.000146218938471861	0.000495460798263124	0.000922296518330643
ccuenta_debitos_automaticos_lag2	0.000146060265389963	0.000653667840171865	0.000230574129582661
ccuenta_debitos_automaticos	0.000144894596341114	8.10997578705881e-05	0.000230574129582661
mcomisiones_lag3	0.000144563798310201	0.000385805311196861	0.000922296518330643
Master_delinquency_lag1	0.000144450768017451	0.000133402156378734	0.000230574129582661
matm_other_mean6	0.000144322244279572	0.000505962417049557	0.000922296518330643
ccajas_consultas_lag3	0.000143799825724113	0.00189702976538805	0.000461148259165322
Visa_msaldototal_delta2	0.000142952302667791	0.000330603350687505	0.0011528706479133
matm_other_delta2	0.000142249571128034	0.0011625025583833	0.000461148259165322
Visa_msaldopesos_delta2	0.000141058886595455	0.000183050340439619	0.000461148259165322
Master_mpagominimo_delta1	0.000139992557619292	0.000768191865316227	0.000691722388747983
ctransferencias_recibidas_lag3	0.000139267705774175	0.000278559930152971	0.000922296518330643
ctarjeta_debito_trx_lag3	0.000138085905725702	8.80611849316122e-05	0.000230574129582661
ctransferencias_emitidas_lag2	0.000137624134353457	0.000151409179883683	0.000461148259165322
Visa_status_delta2	0.000137433320758902	0.00126388066332645	0.000230574129582661
Visa_mconsumosdolares_delta1	0.000137102769481562	0.0012754132374911	0.000922296518330643
Master_msaldodolares_delta1	0.00013641032502473	0.000654431143673038	0.000230574129582661
mprestamos_personales_mean6	0.000134591404261096	0.000693621078464603	0.000230574129582661
mpagomiscuentas_lag2	0.000134285571262219	0.000418627361747307	0.000461148259165322
Master_mconsumospesos	0.000133475592099335	0.000149002791248491	0.000461148259165322
mvr_mconsumototal_delta3	0.00013330023603517	5.525276480083e-05	0.000230574129582661
ctarjeta_debito_delta3	0.000130584679034421	0.00102270649605318	0.000230574129582661
ctarjeta_debito_trx_delta2	0.000130570916939304	0.000425575158388667	0.000922296518330643
ccomisiones_otras_delta3	0.000130152045624497	7.59226766564624e-05	0.000461148259165322
Master_fultimo_cierre_delta1	0.000129185669699006	5.7196958296513e-05	0.000230574129582661
mtransferencias_recibidas_delta3	0.000128608556365594	0.000581551767988786	0.000461148259165322
mvr_msaldototal_delta3	0.000127565180394501	0.000546972632430769	0.000461148259165322
mpayroll_sobre_edad_delta3	0.00012569459203907	0.000372418999957943	0.000922296518330643
mextraccion_autoservicio_delta1	0.000124997378645435	0.000865524213877349	0.000691722388747983
ccomisiones_mantenimiento	0.00012498665220281	0.00103443609173842	0.000230574129582661
Visa_mconsumosdolares_lag1	0.000124808375671572	0.000115651632589277	0.000691722388747983
mforex_sell_lag3	0.000124242034506153	0.00198322606108384	0.000230574129582661
mvr_mpagado_lag1	0.000124241539822165	0.00028922759223349	0.000230574129582661
mv_cconsumos_lag2	0.0001241112443612	0.000177064107949087	0.000230574129582661
mvr_msaldototal	0.000122948178952872	0.000307073528960594	0.000691722388747983
ctransferencias_recibidas	0.00012233768396851	0.00135135574021252	0.000230574129582661
matm_lag2	0.000120984660248306	0.000160233017922407	0.000691722388747983
ctarjeta_debito_trx_lag2	0.000119856950879894	0.000449297045119932	0.0011528706479133
ccallcenter_trx_lag3	0.000119130755211205	0.00147841727318947	0.000230574129582661
tpaquete9	0.000119056864478927	0.000674138252248782	0.000230574129582661
mv_mpagominimo_lag3	0.000118787358491204	0.000658245182920783	0.000230574129582661
cpagomiscuentas	0.000118545084151316	0.000281826274356044	0.000461148259165322
ctransferencias_emitidas_delta3	0.000117277058700882	0.000197695606803849	0.000461148259165322
mvr_mpagospesos_lag2	0.000116760573666412	6.73516209460488e-05	0.000230574129582661
ccajas_extracciones_delta3	0.000116666497676603	0.000571690778926552	0.000230574129582661
Master_mpagosdolares_mean6	0.000115865808625253	0.000966177428320197	0.000230574129582661
ccajas_consultas_delta3	0.000115736190666272	0.00193865582791225	0.000230574129582661
Master_mpagospesos_lag2	0.000115521454799273	0.000307970658400285	0.000691722388747983
ccajas_trx_lag3	0.000115230645138047	0.00022480651151516	0.000230574129582661
ctarjeta_master_debitos_automaticos_mean6	0.000114633271205961	0.000176872042944734	0.000230574129582661
cliente_antiguedad_lag2	0.000112919890195869	0.000134278220624399	0.000230574129582661
ccajas_extracciones_mean6	0.000112811951124164	0.00052720976304731	0.000461148259165322
Master_mconsumosdolares_lag1	0.000112572267153966	0.000165351860070697	0.000461148259165322
mv_cconsumos	0.000112487772977934	0.000115756958559407	0.000461148259165322
mv_msaldopesos_lag2	0.000111043790415567	0.000452451867707573	0.000230574129582661
Visa_fechaalta_delta3	0.000110891976201103	0.000104785709859103	0.000230574129582661
mv_mpagado_mean6	0.000110739194141775	0.000150010203174552	0.000461148259165322
ccajas_depositos_lag3	0.00011053233018748	0.00137837494937337	0.000230574129582661
Visa_mpagado_delta1	0.000110428941233888	0.000979330783295771	0.000230574129582661
mvr_msaldodolares2_lag1	0.000109744937196586	0.000204937077032511	0.000461148259165322
ccheques_depositados_mean6	0.000109548651076392	0.00110575168654852	0.000230574129582661
mvr_msaldototal_lag1	0.000109107683316663	0.00106589510032248	0.000230574129582661
mvr_mconsumosdolares_lag1	0.000108047890500193	0.000692096949720377	0.000922296518330643
Master_cconsumos_delta1	0.000107863251973648	0.000304430466674876	0.000230574129582661
ctarjeta_debito_lag2	0.000107406188164794	0.000132210114222681	0.000461148259165322
ccajas_depositos_lag1	0.000107021643953251	0.000835954877110311	0.000230574129582661
Visa_mpagosdolares	0.000106734415373941	0.000468493632522813	0.000230574129582661
ctransferencias_recibidas_lag2	0.000106656477105006	0.000594850101064419	0.000691722388747983
mdescubierto_preacordado_lag2	0.00010614930100157	0.000221058146107613	0.000230574129582661
Master_mfinanciacion_limite_delta2	0.00010585346922246	9.19247893417712e-05	0.000230574129582661
catm_trx_delta1	0.00010504290799934	8.96881613878466e-05	0.000230574129582661
Master_mlimitecompra_delta2	0.000105011022390082	0.0020550645683574	0.000230574129582661
mvr_mpagado_delta2	0.000104544363324952	0.000355856800937358	0.000230574129582661
mvr_mconsumosdolares	0.000104327369118006	0.000142002951186596	0.000230574129582661
ctransferencias_recibidas_delta2	0.000103749631989463	0.000400780185891143	0.000230574129582661
mvr_msaldototal_delta1	0.000103088884736853	0.000364492291358909	0.000230574129582661
Visa_mpagominimo_mean6	0.000102301569847956	0.000352905195515613	0.000922296518330643
ccajas_depositos_delta3	0.000101289826610756	9.59048718836027e-05	0.000230574129582661
mpayroll_lag1	0.000101254142911043	0.000937616742608281	0.000922296518330643
Master_fechaalta_delta1	0.000100306104483669	7.90911296637672e-05	0.000230574129582661
cplazo_fijo_mean6	9.81326028402946e-05	0.000366696701957265	0.000230574129582661
catm_trx_other_mean6	9.76878947050277e-05	0.000204458773215218	0.000691722388747983
mvr_mconsumosdolares_lag3	9.6658342391633e-05	7.74071532707569e-05	0.000461148259165322
Master_mlimitecompra_lag1	9.64359765618124e-05	5.0085596619187e-05	0.000230574129582661
mttarjeta_master_debitos_automaticos_lag2	9.6122282389119e-05	0.000515742862722868	0.000230574129582661
mtarjeta_master_consumo_lag3	9.58505933394471e-05	0.000150188637759242	0.000461148259165322
mv_mpagominimo_lag2	9.55764416238327e-05	4.43112551979745e-05	0.000230574129582661
mv_msaldopesos_delta3	9.53219267117609e-05	5.36096796668112e-05	0.000230574129582661
Master_mconsumospesos_lag3	9.53136138699545e-05	0.000262955577896034	0.000230574129582661
mv_status06_delta1	9.50914684971287e-05	9.92269768943904e-05	0.000230574129582661
Visa_status	9.50840482373015e-05	0.000492937931496259	0.000230574129582661
ccuenta_debitos_automaticos_lag3	9.4883744237967e-05	0.000290575764651147	0.000230574129582661
Visa_mlimitecompra_lag1	9.45619415494624e-05	0.000152098135641235	0.000230574129582661
mv_mlimitecompra_delta2	9.42172758574904e-05	0.00163770359650977	0.000230574129582661
ctarjeta_debito	9.3192348436113e-05	0.000280034493734783	0.000461148259165322
ctarjeta_debito_trx_lag1	9.28369167075532e-05	0.000296431888590342	0.000922296518330643
Visa_fechaalta_delta2	9.25363934346415e-05	7.44518304618316e-05	0.000230574129582661
cpagomiscuentas_delta2	9.251542313513e-05	0.00166488513157752	0.000230574129582661
Master_mconsumospesos_lag2	9.18355875329647e-05	0.000106545273124794	0.000230574129582661
mvr_mpagosdolares_delta2	9.12161517703926e-05	0.00088296743365984	0.000461148259165322
ccheques_depositados_delta1	9.08802021952175e-05	0.0020550645683574	0.000230574129582661
mvr_msaldopesos_lag3	8.92928042921912e-05	0.000273999935210898	0.000230574129582661
matm	8.86630446898596e-05	0.000327256463095511	0.000230574129582661
mv_Fvencimiento_delta1	8.81756841752112e-05	5.53432212222353e-05	0.000230574129582661
Visa_mlimitecompra_lag2	8.75142755516167e-05	5.20805944063442e-05	0.000230574129582661
Master_cconsumos_delta2	8.66684573403176e-05	0.000114567394661474	0.000230574129582661
cpagomiscuentas_delta3	8.63965451451509e-05	0.000163776927034997	0.000461148259165322
mvr_mpagosdolares_mean6	8.58858668924753e-05	0.00053562344936706	0.000461148259165322
mv_status03_mean6	8.57218096273669e-05	3.26671594179027e-05	0.000230574129582661
Visa_msaldototal_lag1	8.4709770706658e-05	8.89496404678803e-05	0.000461148259165322
mv_mpagospesos_delta2	8.44501068131124e-05	0.000244128250953136	0.000691722388747983
mprestamos_prendarios	8.31993030531211e-05	0.00202789914196744	0.000230574129582661
mcaja_ahorro_adicional	8.30028221006976e-05	0.0020550645683574	0.000230574129582661
ctarjeta_debito_delta2	8.23950759358532e-05	0.00195594291743314	0.000230574129582661
ccajas_trx	8.15308522539827e-05	0.000211586243570328	0.000230574129582661
mvr_mpagosdolares_lag2	8.12207606712054e-05	0.000145611295010324	0.000230574129582661
ccomisiones_mantenimiento_delta1	7.9388902845873e-05	0.000551771779281489	0.000230574129582661
mv_msaldopesos_lag1	7.87185784843612e-05	0.000183724426648447	0.000461148259165322
minversion1_pesos_mean6	7.86794883673967e-05	0.0020550645683574	0.000230574129582661
ccajas_consultas_lag2	7.82008063305462e-05	0.00194104734699872	0.000230574129582661
Master_mpagominimo	7.81891353963424e-05	0.000409483828411014	0.000461148259165322
catm_trx_other_delta2	7.76226121570134e-05	5.64410895697019e-05	0.000230574129582661
ccallcenter_trx_lag2	7.66941655886388e-05	0.000243008078282583	0.000230574129582661
thomebanking_lag3	7.64389086505843e-05	4.45987331399748e-05	0.000230574129582661
mcaja_ahorro_adicional_lag2	7.560017732512e-05	0.00200937168425714	0.000230574129582661
ccajas_trx_delta1	7.55372610495855e-05	0.000215651826017324	0.000230574129582661
mvr_mconsumototal_lag3	7.49864734444144e-05	4.70113174204685e-05	0.000230574129582661
Visa_msaldopesos_delta1	7.47619675686436e-05	5.45712438176397e-05	0.000230574129582661
ccajas_depositos_delta2	7.37673247548108e-05	5.30644628802589e-05	0.000230574129582661
Master_msaldopesos_lag2	7.25579245659802e-05	0.000229900571082243	0.000230574129582661
mv_fultimo_cierre_delta3	7.00618029301199e-05	3.33015934967999e-05	0.000230574129582661
mv_mconsumototal_lag2	6.91735064198101e-05	0.000249126897582572	0.000230574129582661
mvr_mconsumosdolares_delta3	6.86845575057924e-05	0.000614506405348689	0.000461148259165322
mtarjeta_visa_descuentos_lag2	6.75026773064146e-05	0.00049691429665091	0.000461148259165322
mtarjeta_master_consumo_mean6	6.74390637012087e-05	9.00289218794417e-05	0.000230574129582661
ctarjeta_debito_lag1	6.68694082034772e-05	0.00020683046623672	0.000230574129582661
Visa_msaldopesos_lag3	6.68467871650041e-05	5.27720284220173e-05	0.000230574129582661
mpayroll_sobre_edad_mean6	6.57665583926885e-05	0.00182081837166053	0.00161401890707863
ccajeros_propios_descuentos_lag2	6.55029512253047e-05	0.000174127372076067	0.000230574129582661
mv_status07_mean6	6.53802480881627e-05	4.32034738180251e-05	0.000230574129582661
mv_Fvencimiento_mean6	6.46644726188346e-05	3.63597640177339e-05	0.000230574129582661
mcaja_ahorro_adicional_lag1	6.43090744351125e-05	0.000392072825984091	0.000230574129582661
Master_mlimitecompra_lag2	6.43029299041513e-05	0.000265646966215105	0.000691722388747983
Visa_msaldodolares	6.36623020051771e-05	0.000130225029468007	0.000230574129582661
catm_trx_delta3	6.2119888083103e-05	8.21567349590633e-05	0.000230574129582661
Master_mconsumototal_delta1	6.17041599607862e-05	0.000141388343172665	0.000461148259165322
ctarjeta_visa_trx_delta1	6.0679997417641e-05	7.42002872625814e-05	0.000230574129582661
active_quarter	6.05620905643873e-05	4.4266646551802e-05	0.000230574129582661
mv_mconsumospesos_delta2	6.04043186340621e-05	0.00014627794644479	0.000230574129582661
mvr_msaldopesos_mean6	5.98543859718711e-05	3.71255457770278e-05	0.000230574129582661
matm_other_lag2	5.95939509829372e-05	0.000198446519014419	0.000230574129582661
Visa_mconsumototal	5.74752517222859e-05	0.000146327511607204	0.000230574129582661
mautoservicio_lag2	5.70923017942755e-05	7.20404853103982e-05	0.000461148259165322
Visa_mpagosdolares_delta2	5.65172585395995e-05	0.000777994615312625	0.000230574129582661
mautoservicio_lag3	5.61458584042502e-05	3.91614348231763e-05	0.000230574129582661
Master_msaldototal_delta1	5.60991161443389e-05	9.23560062547716e-05	0.000230574129582661
cextraccion_autoservicio_delta2	5.50639468824501e-05	8.36907767357717e-05	0.000230574129582661
mvr_msaldodolares_lag1	5.44167174075254e-05	0.00154667717573675	0.000461148259165322
mvr_msaldopesos_lag1	5.32691258322551e-05	4.04612812074793e-05	0.000230574129582661
mv_fultimo_cierre_delta1	5.15244022898932e-05	3.26275072879716e-05	0.000230574129582661
mvr_msaldodolares2_lag2	5.02048542586281e-05	0.00014362744938471	0.000230574129582661
Visa_mpagosdolares_lag3	4.91422246583789e-05	5.73729146230821e-05	0.000230574129582661
mv_msaldototal_lag2	4.84313798979359e-05	4.62727965005023e-05	0.000230574129582661
Master_fechaalta_delta3	4.73866987232686e-05	5.12640083555761e-05	0.000230574129582661
Visa_mpagominimo_lag2	4.50347065608637e-05	0.000124097536264596	0.000461148259165322
mcuenta_debitos_automaticos_lag1	4.4834820287207e-05	0.000119847323587609	0.000230574129582661
active_quarter_mean6	4.43293285289809e-05	3.63572857596132e-05	0.000230574129582661
mtarjeta_visa_debitos_automaticos_delta1	4.32953395185646e-05	0.00018903409467203	0.000230574129582661
Visa_delinquency	4.30056354937482e-05	0.000406298027596864	0.000461148259165322
Visa_mpagado_delta2	4.30034087528642e-05	0.000197025237982202	0.000230574129582661
matm_lag3	4.12614583981878e-05	9.35046788937124e-05	0.000461148259165322
mv_mconsumosdolares	4.11755001220952e-05	0.000807074496100826	0.0011528706479133
Visa_msaldototal_delta3	4.10049263550223e-05	9.48429382788861e-05	0.000461148259165322
mv_mconsumosdolares_delta3	4.07416947380441e-05	3.26312246751527e-05	0.000230574129582661
Master_mconsumospesos_delta2	3.84752657764834e-05	0.000186973423044675	0.000691722388747983
mcajeros_propios_descuentos_lag3	3.80999289950761e-05	9.82022171614842e-05	0.000230574129582661
mv_msaldototal_delta2	3.6426741059048e-05	0.000123893079969639	0.000230574129582661
Visa_fechaalta_delta1	3.46285029254326e-05	3.35717236319553e-05	0.000230574129582661
mvr_msaldopesos_delta3	3.44114140328797e-05	0.000204953185710296	0.000461148259165322
mvr_mconsumosdolares_delta2	3.22798401341377e-05	0.000608945194125856	0.000230574129582661
ctarjeta_master_trx_mean6	3.04526253481972e-05	6.7764250923144e-05	0.000230574129582661
tmobile_app	3.03616223138168e-05	4.53583192539669e-05	0.000230574129582661
mv_mconsumosdolares_delta2	3.03007842487339e-05	0.000111951593215084	0.000230574129582661
mv_fechaalta_lag3	2.94252010123076e-05	0.000748378191641294	0.000922296518330643
mvr_msaldopesos_delta2	2.8892228050042e-05	0.000128979704762359	0.000230574129582661
Master_msaldototal_lag2	2.77888085287428e-05	0.000132558309488639	0.000230574129582661
Visa_mconsumototal_delta1	2.49244833839587e-05	4.17772362695668e-05	0.000230574129582661
mvr_msaldodolares_mean6	2.26130079511077e-05	0.000540599791673409	0.000922296518330643
mextraccion_autoservicio	2.11090301410783e-05	7.98184984221903e-05	0.000230574129582661
cliente_edad_delta3	1.99186363025549e-05	6.72400993306177e-05	0.000230574129582661
matm_delta1	1.71529670072229e-05	0.000204707838156347	0.000230574129582661
ctransferencias_emitidas	1.65116700176772e-05	0.0016540018610405	0.00138344477749596
catm_trx_lag2	1.5779877499705e-05	0.000276598388850444	0.000230574129582661
cpagomiscuentas_lag3	1.52300577545114e-05	5.51957648640541e-05	0.000230574129582661
mvr_msaldodolares2_delta2	1.39501126715739e-05	0.000494318321269485	0.000230574129582661
mttarjeta_master_debitos_automaticos_delta3	1.19863113348147e-05	0.00060548678491843	0.000230574129582661
mvr_msaldodolares_delta2	1.12272899997439e-05	0.000644274002765382	0.000230574129582661
ctarjeta_debito_lag3	1.08674121030011e-05	6.35809512154158e-05	0.000230574129582661
active_quarter_lag2	1.07086783618234e-05	6.41249288729077e-05	0.000230574129582661
Visa_mpagosdolares_mean6	9.85579846937616e-06	9.35703527339107e-05	0.000461148259165322
mttarjeta_master_debitos_automaticos_delta1	9.4542599136663e-06	9.83471952615447e-05	0.000230574129582661
Master_mconsumosdolares_delta2	9.0008726284766e-06	3.20252905646435e-05	0.000230574129582661
mv_mconsumototal_delta2	7.98826660231222e-06	4.82343378030301e-05	0.000230574129582661
ccallcenter_trx	6.1461108464499e-06	0.000678487595250596	0.000461148259165322
Visa_fechaalta	4.91244698306236e-06	0.000118029521256081	0.000691722388747983
mvr_Visa_mlimitecompra_delta1	2.18031934315348e-06	0.000235044195811739	0.000230574129582661
mv_mconsumospesos_delta1	1.81191167626569e-06	0.00017621282628463	0.000230574129582661
ctarjeta_visa_debitos_automaticos_delta1	1.79434434554987e-06	0.000450834804283821	0.000230574129582661
ctarjeta_master_trx_lag1	1.64532281039588e-06	9.89295859199073e-05	0.000230574129582661
mforex_sell_lag1	1.63248085438249e-06	7.22300720566312e-05	0.000230574129582661
mvr_Master_mlimitecompra_delta1	1.50125433228277e-06	0.000287319333480558	0.000230574129582661
mv_mconsumospesos_lag2	1.35145834111557e-06	3.19472254338417e-05	0.000230574129582661
ctarjeta_debito_trx_delta3	1.29480618641949e-06	5.85996523928247e-05	0.000230574129582661
Master_mconsumospesos_delta1	1.14237470917305e-06	5.66232415415728e-05	0.000230574129582661
mtarjeta_visa_descuentos_lag3	1.04290626061487e-06	8.1407061877554e-05	0.000230574129582661
mtarjeta_visa_consumo_mean6	9.49460135932041e-07	3.18988994004882e-05	0.000230574129582661
mv_mconsumototal_delta3	8.97791451932384e-07	3.35803975353778e-05	0.000230574129582661
Master_msaldodolares_delta3	8.09012143062732e-07	6.07929108296372e-05	0.000230574129582661
Visa_cadelantosefectivo_delta1	1.2765014768351e-08	7.42448959087538e-05	0.000230574129582661
mv_msaldodolares_lag1	1.84459248296495e-12	0.000464788636632378	0.000461148259165322
mv_msaldodolares_mean6	2.54047714216977e-13	0.00013929421506068	0.000230574129582661
Visa_fultimo_cierre_delta3	8.82419195371722e-14	5.13581821641624e-05	0.000230574129582661
mpayroll_sobre_edad_lag2	6.07552780961008e-14	4.51241238615615e-05	0.000230574129582661
ctarjeta_visa_debitos_automaticos_lag1	4.82468714801267e-14	0.000110365508017841	0.000230574129582661
ccajas_trx_lag1	2.17527403831227e-14	0.000142808385075821	0.000461148259165322
Master_cadelantosefectivo_mean6	5.49531318113617e-15	3.82370445441582e-05	0.000230574129582661
cpayroll_trx_lag2	3.39631675468708e-15	3.7735197274718e-05	0.000230574129582661
