Feature	Gain	Cover	Frequency
rf_015_031	0.124831897154193	0.00227032782482011	0.0017910447761194
rf_029_050	0.0529178740813648	0.003533607569183	0.00208955223880597
rf_040_043	0.0494789816530807	0.00726008323376949	0.00388059701492537
rf_039_033	0.0432343309330089	0.00123346816235393	0.0017910447761194
ctrx_quarter_rank	0.0412695884466037	0.00308340522795497	0.00238805970149254
cproductos_sobre_ctrx_q_rank	0.0337485698299677	0.00172503826063934	0.00119402985074627
rf_008_046	0.0328131266013649	0.00198847159885055	0.00298507462686567
rf_037_029	0.0277871722561506	0.000945526800730858	0.0017910447761194
ctrx_quarter_normalizado	0.0180875082887019	0.00519769677615514	0.0026865671641791
rf_012_036	0.0177303988627448	0.00439193270119102	0.00208955223880597
mprestamos_personales_ratioavg6	0.0157657864283318	0.0105058610951946	0.00955223880597015
rf_026_036	0.0151878799067874	0.00695606371555731	0.00447761194029851
rf_026_027	0.0145036256462033	0.00201585470929137	0.00358208955223881
mtarjeta_visa_consumo_rank	0.0127800906801894	0.00301176531669467	0.00149253731343284
rf_014_039	0.00963833524314873	0.0073750169312619	0.00507462686567164
mprestamos_personales_ratiomax6	0.00960099909760673	0.00756128349188531	0.00626865671641791
mpayroll	0.00919421617281296	0.0032893926525197	0.0026865671641791
rf_003_050	0.00836083237135782	0.00122548491099198	0.0017910447761194
mpayroll_ratioavg6	0.00787357763430662	0.00241740387875758	0.0026865671641791
rf_032_036	0.0078187998193248	0.00104914158763841	0.0017910447761194
rf_039_035	0.00765287966558236	0.0028937611379092	0.00238805970149254
cpayroll_trx_ratioavg6	0.00747055686828376	0.00547073234677374	0.00388059701492537
cproductos_ratiomax6	0.00682883686236466	0.00107644095768032	0.0017910447761194
ctrx_quarter_normalizado_rank	0.00665945447887221	0.00368753637909725	0.0017910447761194
mcomisiones_mantenimiento_ratiomax6	0.00628593087191378	0.00244933688420538	0.00597014925373134
rf_038_045	0.00561564707448087	0.000962260923778023	0.000597014925373134
mdescubierto_preacordado_delta2	0.00553669046345375	0.00888357230400752	0.00507462686567164
ratio_totalcomisiones_antiguedad	0.00545277099027764	0.0136215901171256	0.0113432835820896
mv_status01	0.00524975131198173	0.00121023020165874	0.00149253731343284
rf_039_047	0.00502167086286765	0.00706118582964509	0.00358208955223881
cpayroll_trx_ratiomax6	0.0048134537882968	0.00480799687313351	0.00388059701492537
ratio_totalcomisiones_antiguedad_rank	0.00471446822951761	0.00723716627793676	0.00805970149253731
mdescubierto_preacordado_delta6	0.00447622280648998	0.00309350990275576	0.0026865671641791
cproductos_sobre_ctrx_q	0.00431186859271755	0.00136316808351932	0.00119402985074627
total_deuda_acumulada	0.00425979849884887	0.00488921110333489	0.00328358208955224
rf_013_034	0.00425117627417723	0.00039979062108928	0.00149253731343284
cproductos_ratioavg6	0.00421036737546636	0.0018184088054146	0.00208955223880597
Master_status_max6	0.00416956047985841	0.00103193293566414	0.00208955223880597
exp_totalcomisiones_lag6	0.00406813551595956	0.00400403321674576	0.00567164179104478
ratio_totalcomisiones_antiguedad_lag2	0.00386967318196139	0.00656859688983971	0.00597014925373134
rf_041_040	0.00381415065465656	0.00119538023758686	0.0026865671641791
rf_034_041	0.0037956097165472	0.00343638496605827	0.00238805970149254
exp_totalcomisiones_lag2	0.00372816654194858	0.00830888985981229	0.00776119402985075
mcuentas_saldo_ratioavg6	0.003592882348709	0.00801511458373241	0.00716417910447761
rf_003_048	0.00358848713099994	0.000458911342713793	0.000895522388059701
Visa_status_max6	0.00348279888330294	0.00692766176359653	0.00447761194029851
rf_033_051	0.00302301960774884	0.00149370540867373	0.000895522388059701
ccomisiones_mantenimiento_ratioavg6	0.00300106089843815	0.00178471725158986	0.00417910447761194
rf_035_056	0.00298425230219345	0.00172859722759266	0.00149253731343284
mv_status04	0.00294932331252684	0.000324326564945808	0.00119402985074627
cpayroll_trx_rank	0.00293432864003807	0.00255917637409795	0.00208955223880597
cproductos_sobre_antiguedad_delta6	0.00293406086937333	0.0119554353136472	0.00776119402985075
mpayroll_sobre_edad_lag2	0.0028650715309908	0.0028828469725857	0.00149253731343284
cproductos_sobre_edad_delta6	0.00285881177731663	0.00371970664900861	0.00388059701492537
mpayroll_lag2	0.00285557140903696	0.000346336333123773	0.000597014925373134
mpayroll_sobre_edad_rank	0.00281138128327833	0.00175853442019997	0.00208955223880597
mtarjeta_visa_consumo	0.00280544949315542	0.00200339134658818	0.00119402985074627
exp_totalcomisiones_lag1	0.00271833745528764	0.00512863886052764	0.00537313432835821
mcaja_ahorro_ratioavg6	0.00271789777775944	0.000270341921120592	0.00149253731343284
mcaja_ahorro_dolares_ratiomax6	0.00267691577816469	0.00463025787646491	0.00447761194029851
exp_totalcomisiones	0.00266449276905235	0.00725105322742127	0.00656716417910448
mcuentas_saldo_min6	0.00255365538489115	0.00799981800419972	0.00567164179104478
mdescubierto_preacordado	0.00245669407211096	0.00104622463041	0.00208955223880597
total_deuda_acumulada_lag1	0.00243993742110124	0.00309357968642152	0.0026865671641791
rf_039_046	0.00243637992099592	0.000541102544235691	0.000895522388059701
mcaja_ahorro	0.00237609071444478	0.0011761757727721	0.00208955223880597
total_comisiones	0.00237205821162779	0.00380061383108068	0.00447761194029851
ratio_totalcomisiones_antiguedad_lag1	0.00235136699777221	0.00684891787516274	0.00567164179104478
thomebanking	0.00234265542651228	0.00334227471442605	0.00537313432835821
Visa_status_avg6	0.00232642288274985	0.00120020926725686	0.000895522388059701
mcomisiones_mantenimiento_ratioavg6	0.00217836195808359	0.00195912058903555	0.00388059701492537
ccallcenter_trx_ratioavg6	0.00211152084779136	0.0028564408334654	0.0026865671641791
mrentabilidad_annual_min6	0.00204674736742843	0.000357822724506439	0.00149253731343284
tcallcenter_ratioavg6	0.00204332122739138	0.00160026506627599	0.00238805970149254
mdescubierto_preacordado_tend6	0.00204085741079138	0.000228276327405699	0.000298507462686567
mcaja_ahorro_dolares_ratioavg6	0.00202155149052567	0.0065836143347094	0.00686567164179105
rf_007_023	0.00200055444170338	0.00303645477763749	0.00149253731343284
mcaja_ahorro_dolares_delta1	0.00194718528568729	0.00590978325821471	0.00328358208955224
total_comisiones_lag6	0.0018995733860857	0.00164407525163466	0.00298507462686567
ccajas_consultas_ratioavg6	0.00189467836568247	0.00515459838418713	0.00477611940298508
ratio_totalcomisiones_antiguedad_lag6	0.00173097641853801	0.000928150667958781	0.00208955223880597
mtarjeta_visa_debitos_automaticos_tend6	0.00172062375174168	0.00670844335600535	0.00447761194029851
ratio_deuda_acumulada_cproductos_sobre_ctrx_q_delta6	0.00167239581957681	0.00724809439999341	0.00417910447761194
mcomisiones_sobre_antiguedad	0.00166955414897498	0.00440006947661762	0.00477611940298508
mv_status07_delta6	0.00160576765837261	0.000235087213183028	0.000597014925373134
mcuentas_saldo_tend6	0.00159983571498737	0.000918743829815504	0.000895522388059701
mrentabilidad_annual_sobre_antiguedad_delta6	0.00158816124975614	0.00344607093886455	0.00447761194029851
total_comisiones_lag1	0.00157824263611715	0.00233846459605969	0.00238805970149254
mcomisiones_mantenimiento_rank	0.00156736540941504	0.00413856216758115	0.00298507462686567
ratio_totalcomisiones_ctrx_lag6	0.00154720977074922	0.00296214913034549	0.00417910447761194
cpayroll_trx	0.00152880476562816	0.00137900897564487	0.000597014925373134
mcomisiones_sobre_antiguedad_rank	0.0014819430565866	0.00373776666170505	0.00298507462686567
total_comisiones_lag2	0.00147240385452236	0.00293247711566803	0.00477611940298508
ratio_totalcomisiones_antiguedad_delta1	0.00143992465795313	0.0012317654409096	0.00238805970149254
rf_046_056	0.00142488966678054	0.0011363292996281	0.00119402985074627
ratio_totalcomisiones_ctrx	0.00141855117904292	0.00555895285701655	0.00507462686567164
mcuentas_saldo_rank	0.00138181998127754	0.00131780870078097	0.000895522388059701
thomebanking_max6	0.00135811032120472	0.00337659432124255	0.00388059701492537
cplazo_fijo_ratiomax6	0.00135204344281841	0.00425496132205434	0.00328358208955224
rf_037_031	0.00134749448874183	0.0008787298758737	0.00119402985074627
mpayroll_rank	0.00133458138236108	0.000849741741120604	0.00119402985074627
total_deuda_acumulada_delta6	0.00130570445097051	0.00101342630750689	0.00149253731343284
ctarjeta_visa_trx_ratiomax6	0.00128520310596629	0.000299190488542185	0.00149253731343284
Master_msaldototal_avg6	0.00127106236124516	0.00143143046535726	0.00238805970149254
mpayroll_min6	0.00125544425683069	0.00317840871050881	0.0017910447761194
mrentabilidad_exp_lag6	0.0012539369789061	0.000711597996399302	0.000895522388059701
ctarjeta_visa_trx_rank	0.00124074545547548	0.000276203749043702	0.000895522388059701
ccaja_ahorro	0.00123653860429057	0.00620554039040193	0.0026865671641791
mcomisiones_sobre_edad_rank	0.00121618048470986	0.00290655946220799	0.00328358208955224
ratio_totalcomisiones_ctrx_rank	0.00119686367925493	0.0027528679167573	0.00358208955223881
cliente_edad_lag6	0.00119666081340211	0.00256969975089325	0.00358208955223881
total_deuda_acumulada_delta2	0.00118242753744418	0.00510919713124933	0.0026865671641791
mrentabilidad_annual_exp_delta6	0.00117314951041841	0.00280950433988106	0.00388059701492537
thomebanking_ratioavg6	0.00116258814310823	0.00422449377358732	0.00358208955223881
ccajas_consultas_tend6	0.00113151740768941	0.00929198818618366	0.00447761194029851
mcuenta_debitos_automaticos_ratiomax6	0.00112090671486073	0.00524341903395541	0.00417910447761194
rf_001_025	0.00111863369559663	0.00601342595858856	0.00328358208955224
mrentabilidad_annual_exp_lag6	0.00110049171000829	0.00186965792954236	0.00298507462686567
Visa_cconsumos_delta6	0.00109380119297036	0.004505247417638	0.00328358208955224
ratio_comisiones_lag6	0.00109244024848663	0.00263846457512459	0.00417910447761194
ccallcenter_trx_tend6	0.0010894180152643	0.00371932981721355	0.0026865671641791
mtarjeta_visa_debitos_automaticos_ratioavg6	0.0010759102296826	0.000753468195850091	0.0017910447761194
ctarjeta_visa_debitos_automaticos_ratiomax6	0.00106260586953943	0.000381116512134228	0.00119402985074627
Master_Fvencimiento_avg6	0.00104705594903776	0.00146237254275139	0.0026865671641791
mplazo_fijo_dolares_rank	0.00104480011475722	0.0114642141336906	0.00537313432835821
mplazo_fijo_dolares_delta6	0.00102826543570929	0.00361680365549172	0.00208955223880597
exp_totalcomisiones_rank	0.00102769570975317	0.00349547777421648	0.00298507462686567
rf_028_040	0.00102178898693077	0.00354193973887371	0.00328358208955224
mcuentas_saldo_delta6	0.00100975876776834	0.00138230276466833	0.00208955223880597
ratio_deuda_acumulada_antiguedad	0.00100939191479352	0.00515759908181444	0.00328358208955224
rf_017_041	0.00100495371591329	0.000437766891991145	0.000895522388059701
mrentabilidad_annual_sobre_ctrx_q_delta1	0.000996090983449308	0.00366943449620136	0.00447761194029851
chomebanking_trx_delta1	0.000991933482732598	0.00609664995836358	0.00388059701492537
mcaja_ahorro_rank	0.000990982090819878	0.00133687359826423	0.00119402985074627
mcuenta_corriente_lag6	0.000981908237723038	0.00788288849386682	0.00447761194029851
mcomisiones_mantenimiento_max6	0.000969328708571686	0.00216147926298121	0.00149253731343284
Master_mpagospesos_tend6	0.000955114722281086	0.00765819904688074	0.00417910447761194
rf_004_035	0.000948417604270527	0.000532323759084176	0.000895522388059701
tcallcenter_tend6	0.000941227302359639	0.00325317492999477	0.00238805970149254
mv_status01_rank	0.000938811627950448	0.000117976265319172	0.000895522388059701
cpagomiscuentas_ratioavg6	0.000920428721117911	0.00492763398969756	0.00328358208955224
mvr_msaldopesos_delta6	0.000910957159419854	0.00638475880078445	0.00298507462686567
ctrx_quarter_delta6	0.000910707042436247	0.000891318849175237	0.00208955223880597
mcomisiones_sobre_ctrx_q_rank	0.000908177975293045	0.000962958760435537	0.00208955223880597
mrentabilidad_sobre_ctrx_q	0.000880474070956291	0.00180813664981601	0.00238805970149254
ccomisiones_mantenimiento	0.000879171426747599	0.00682598696259686	0.00298507462686567
mtarjeta_visa_debitos_automaticos_delta6	0.000874224439723953	0.00238827617667298	0.00238805970149254
chomebanking_trx_ratioavg6	0.000872549261141752	0.00176055814650676	0.0026865671641791
cliente_edad_rank	0.000870172875351	0.00151366353707861	0.00238805970149254
Visa_cconsumos_lag2	0.000861839831734278	0.00337913444667589	0.0026865671641791
mrentabilidad_annual_delta6	0.000840617016816632	0.00353263059786248	0.00298507462686567
ctarjeta_visa_trx_ratioavg6	0.000838040958732171	0.000299274228941087	0.00119402985074627
Master_Fvencimiento_max6	0.000836702750535928	0.00062013952406563	0.00238805970149254
ctrx_quarter_ratioavg6	0.000831945708994803	0.000280307028589879	0.00119402985074627
cproductos_rank	0.000826448627849417	0.00328280507447278	0.00238805970149254
ratio_total_mcaja_ahorro_antiguedad_rank	0.000822563966146846	0.0036608371485808	0.00298507462686567
mactivos_margen_ratioavg6	0.000822108124789869	0.00353856220945135	0.00358208955223881
cproductos_sobre_antiguedad_delta2	0.000815433664653521	0.00205610592769673	0.00238805970149254
mpasivos_margen_por_antiguedad_delta6	0.000812062118081824	0.00177540811057864	0.00238805970149254
Visa_mpagospesos_ratiomax6	0.000808405186370896	0.00472672681599952	0.00388059701492537
Visa_fechaalta	0.000790926940699347	0.00154029298392931	0.00238805970149254
mcomisiones_por_edad_lag1	0.000790290695330553	0.00606284675067364	0.00358208955223881
ccallcenter_trx_ratiomax6	0.000787104403701427	0.00129345420143376	0.0017910447761194
cliente_edad_lag2	0.000777176091765173	0.00283049526653906	0.00298507462686567
mautoservicio_ratioavg6	0.000768506908230433	0.00156935090234816	0.00298507462686567
mcomisiones	0.00076810338991788	0.00154732717743704	0.0017910447761194
Master_fechaalta_min6	0.000760094927388586	0.00167891125757772	0.00208955223880597
rf_015_048	0.000757764081893378	0.00065838097289735	0.00119402985074627
mcuentas_saldo_ratiomax6	0.00075586145133026	0.000917557507497732	0.00208955223880597
cliente_edad_min6	0.000751239754677819	0.00243402634793954	0.0026865671641791
Visa_fechaalta_lag1	0.000749864620954312	0.00156760631070437	0.00238805970149254
mcomisiones_sobre_antiguedad_lag6	0.000746679043955323	0.00772826184729506	0.00388059701492537
mcaja_ahorro_ratiomax6	0.0007407893742396	0.00175663630449154	0.00328358208955224
cextraccion_autoservicio_tend6	0.000740561833152681	0.00647138824344813	0.00388059701492537
ratio_total_mcaja_ahorro_ctrx_q_rank	0.000738942328000582	0.00105267264112543	0.00238805970149254
mcuenta_corriente_lag2	0.000733548969805861	0.00361631516983146	0.00298507462686567
mcuentas_saldo	0.0007312252777405	0.00128129788685988	0.00238805970149254
Master_fechaalta_rank	0.000729969713579069	0.00267814356747079	0.00208955223880597
mrentabilidad_annual_por_edad_delta6	0.000729626028164795	0.00356461943024289	0.00328358208955224
mtarjeta_master_consumo_ratioavg6	0.000727574055942185	0.00183734809229951	0.00149253731343284
mcomisiones_mantenimiento_delta6	0.000727058506435334	0.000953412354960757	0.00149253731343284
mrentabilidad_annual_por_edad_lag6	0.000716283359569203	0.000854612640990046	0.00208955223880597
mcaja_ahorro_min6	0.000712145929088402	0.00342785740210346	0.00238805970149254
mpasivos_margen_sobre_edad_rank	0.00070411400316664	0.000272435431093131	0.000597014925373134
mrentabilidad_annual_sobre_ctrx_q	0.000701803791057274	0.000965177881006428	0.00149253731343284
mautoservicio_ratiomax6	0.00070162438146844	0.000920320940661484	0.0017910447761194
Master_Fvencimiento_lag2	0.000700267575067442	0.000598660111747375	0.0017910447761194
mcomisiones_mantenimiento_avg6	0.000699392258295059	0.000713803160237044	0.00119402985074627
Master_fechaalta_lag2	0.000695481552690199	0.00106032093089177	0.00208955223880597
Visa_msaldopesos	0.000694653191216674	0.000114780173427762	0.000597014925373134
total_comisiones_rank	0.000662474472561312	0.00260999283949806	0.0026865671641791
Visa_mpagominimo_min6	0.000660177993468987	0.00162358676737008	0.0026865671641791
mv_mpagospesos_delta6	0.000650230149497076	0.00172516387123769	0.00119402985074627
mrentabilidad_annual_por_ctrx_q_delta6	0.000648309348438014	0.00324230263487072	0.0026865671641791
thomebanking_avg6	0.000646293859776898	0.00135705503439951	0.00238805970149254
mrentabilidad_ratiomax6	0.000646260644623561	0.00414615463041489	0.00298507462686567
ccuenta_debitos_automaticos_ratiomax6	0.000641314548659936	0.000832812223809335	0.0017910447761194
cproductos_sobre_edad_lag6	0.000633684537142689	0.00168262374859569	0.0026865671641791
Master_cconsumos_min6	0.000631551628156268	0.000991025750800715	0.0017910447761194
Visa_mpagospesos_max6	0.000631335437391894	0.00235903682072318	0.0026865671641791
Visa_msaldopesos_lag1	0.000628139324499219	0.000300628032056662	0.00119402985074627
mcomisiones_por_edad	0.000619865358161878	0.00117550584958089	0.0017910447761194
tpaquete9_rank	0.00061916559447056	0.00228667115933907	0.00208955223880597
mactivos_margen_sobre_antiguedad	0.000617273471287208	0.00192048835167562	0.0017910447761194
ratio_totalcomisiones_antiguedad_delta2	0.000611988562225502	0.000559706869524992	0.00119402985074627
mv_fechaalta	0.000609665337075592	0.000813775239792377	0.0017910447761194
rf_009_032	0.000609519313723619	0.000323182112827487	0.000895522388059701
rf_030_046	0.000607979027371611	0.00011468247629571	0.000597014925373134
Master_mpagominimo_max6	0.00060217969510292	0.00153669214677654	0.0017910447761194
Master_fechaalta_lag1	0.000601807171422132	0.00082029303417355	0.00208955223880597
mvr_Master_mlimitecompra_lag1	0.000599899426174495	0.00364143728950193	0.00298507462686567
mpayroll_delta2	0.000598603404323877	0.00441808761911461	0.00208955223880597
mcomisiones_mantenimiento	0.000597798491985861	0.00336695021863571	0.0017910447761194
ratio_total_mcaja_ahorro_ctrx_q	0.0005910225721913	0.000687229540318944	0.00208955223880597
Visa_mpagominimo_ratioavg6	0.000590482609421998	0.00325327262712682	0.00298507462686567
ctransferencias_recibidas_ratiomax6	0.000586740708009603	0.00230149320994465	0.0026865671641791
Master_mlimitecompra_ratioavg6	0.000585905492502398	0.00449360750219068	0.0026865671641791
Visa_mconsumosdolares_max6	0.000585398536378387	0.00119782266588816	0.00238805970149254
ratio_total_mcaja_ahorro_ctrx_q_delta1	0.000584607791894702	0.00213320292161878	0.00238805970149254
ratio_deuda_acumulada_cproductos_sobre_ctrx_q_delta2	0.000580915870038876	0.00370699206510872	0.0017910447761194
mcuenta_corriente_ratioavg6	0.000572235149058986	0.00107013251429641	0.00208955223880597
mactivos_margen_avg6	0.000571723049736535	0.00104675498626971	0.0017910447761194
total_mcaja_ahorro_lag2	0.000565722958080911	0.00094665729611603	0.00149253731343284
ratio_total_mcaja_ahorro_antiguedad_lag6	0.000563907255769185	0.00115514297591466	0.0017910447761194
mrentabilidad_sobre_ctrx_q_delta6	0.000558140461448215	0.00056227490842464	0.00208955223880597
Visa_cconsumos_delta2	0.000557153890485872	0.00331108141583521	0.00208955223880597
mactivos_margen_por_ctrx_q_delta6	0.000549842632523516	0.00271899492540161	0.0017910447761194
mcomisiones_otras_ratioavg6	0.000536259855330472	0.000725568686282716	0.00208955223880597
cliente_edad_avg6	0.000533721068504562	0.00350729912719476	0.0026865671641791
mrentabilidad_annual_ratioavg6	0.000533663188809849	0.0015106628394513	0.00208955223880597
mpasivos_margen_sobre_ctrx_q_lag6	0.000530534409758708	0.00598237222732922	0.00328358208955224
mcomisiones_sobre_edad	0.000529832247333813	0.00278699212930969	0.0017910447761194
mcaja_ahorro_dolares_delta2	0.000527729784086184	0.00148350303674089	0.00119402985074627
ratio_total_mcaja_ahorro_antiguedad	0.000521955219721832	0.00324438218811011	0.0026865671641791
ccomisiones_otras_ratioavg6	0.000521871552750116	0.00394820628414471	0.0026865671641791
mv_cconsumos_delta6	0.000521791546252966	0.000956887581515172	0.000895522388059701
cplazo_fijo_ratioavg6	0.000516068485157818	0.00143027205650579	0.00149253731343284
ccaja_ahorro_max6	0.000515431366550204	0.00344752243911218	0.00149253731343284
mv_mpagominimo_rank	0.00051219852238135	3.47103953447037e-05	0.000298507462686567
chomebanking_trx_ratiomax6	0.000510453046291986	0.00145063493017202	0.00238805970149254
rf_014_038	0.000509509681047933	0.000830579146505293	0.0017910447761194
mtarjeta_visa_debitos_automaticos_ratiomax6	0.000507528017025207	0.000376120001666434	0.00119402985074627
mcuenta_debitos_automaticos	0.000506668119155425	0.00228608497654676	0.00149253731343284
mv_msaldopesos_delta6	0.000504636662698736	0.00124534534226481	0.00119402985074627
Visa_msaldototal_ratiomax6	0.000501272369355609	0.00053306346594114	0.0017910447761194
Visa_fechaalta_lag6	0.000501225973642444	0.000492923901400984	0.00149253731343284
mdescubierto_preacordado_delta1	0.000500582927703572	0.00206851346346731	0.000895522388059701
ratio_deuda_acumulada_cproductos_sobre_ctrx_q_lag6	0.000500262702117526	0.000198311221332085	0.000895522388059701
chomebanking_trx_max6	0.000496983922022478	0.00494121389105276	0.0026865671641791
rf_022_038	0.000494251461518921	8.60013896719198e-05	0.000298507462686567
mrentabilidad_sobre_ctrx_q_delta1	0.000491686007048708	0.00124258190910105	0.0026865671641791
mrentabilidad_annual_sobre_antiguedad_lag6	0.000491546306658643	0.00237374721746356	0.0017910447761194
mcaja_ahorro_lag6	0.000487048271315892	0.00061910672581251	0.00149253731343284
Visa_cconsumos_max6	0.000481809408671823	0.0021771387175758	0.0017910447761194
mpasivos_margen_por_edad	0.000474742835791188	0.000546838761560449	0.000597014925373134
mcuenta_corriente_rank	0.000473812633285762	0.000512756419207508	0.00149253731343284
rf_047_025	0.000469715175757496	0.000277962297420635	0.000298507462686567
Visa_cconsumos_avg6	0.000468794015729162	0.00190080935793375	0.00208955223880597
mrentabilidad_annual_sobre_antiguedad_delta2	0.000466994192107008	0.00207302148827484	0.0017910447761194
mactivos_margen_por_antiguedad	0.000466498716400305	0.00267558948530429	0.0017910447761194
mactivos_margen_sobre_edad	0.000465503245530474	0.001364438146236	0.00119402985074627
thomebanking_rank	0.000464013535745249	0.00129434743235538	0.00149253731343284
ctarjeta_visa_debitos_automaticos_avg6	0.000460881413436909	0.00316537312174647	0.00208955223880597
mactivos_margen_sobre_ctrx_q	0.000460569827568825	0.000358199556301496	0.000895522388059701
ratio_total_mcaja_ahorro_ctrx_q_lag6	0.000459913907594772	0.000638353060826723	0.00149253731343284
total_deuda_acumulada_rank	0.000457565529602594	0.000462009737473152	0.000895522388059701
mactivos_margen_sobre_antiguedad_delta1	0.000457381600557334	0.000510928087164823	0.00119402985074627
mvr_Visa_mlimitecompra	0.000456450293137483	0.00057182131389942	0.00119402985074627
rf_010_041	0.000450636675394538	0.00314170250232362	0.00208955223880597
ccaja_ahorro_rank	0.000446894080737447	0.000763642654316633	0.00119402985074627
ratio_comisiones	0.000446411610942808	0.000522414478547489	0.00149253731343284
mcuenta_corriente_tend6	0.000446276611785413	0.000705024375085529	0.0017910447761194
mpayroll_delta6	0.000444226083080037	0.000193663629193048	0.000597014925373134
ctarjeta_visa_debitos_automaticos_ratioavg6	0.000444201774962669	0.000431974847733786	0.00119402985074627
mpasivos_margen_ratioavg6	0.000444078587696909	0.000465038348566759	0.00119402985074627
mcuenta_corriente_ratiomax6	0.000442987962309574	0.00333859013687438	0.0026865671641791
mrentabilidad_annual_lag6	0.000439738601452173	0.00186171654837986	0.0017910447761194
rf_037_047	0.000439023732511382	7.04117187430762e-05	0.000298507462686567
ctarjeta_master_trx_rank	0.000433729666916903	0.000344424260682187	0.000298507462686567
Visa_cconsumos_ratioavg6	0.000432226042338392	0.000303014633425357	0.000895522388059701
mtarjeta_visa_consumo_delta6	0.000429837124679507	0.000121632929404541	0.000895522388059701
mcomisiones_por_edad_rank	0.000425475410827223	0.000546420059565941	0.00119402985074627
cproductos_sobre_edad	0.000423531891301869	0.00124734115510529	0.00119402985074627
Visa_msaldopesos_ratiomax6	0.000421811354200368	0.000563405403809811	0.0017910447761194
mcuentas_saldo_delta1	0.000421515344061448	0.00258976953316333	0.00208955223880597
mtransferencias_recibidas	0.000421304337484275	0.00119390082387294	0.00119402985074627
chomebanking_trx_delta2	0.000418555559889617	0.00293532428923068	0.0017910447761194
Master_fechaalta	0.000417955680462394	0.000334054407951542	0.00119402985074627
mcaja_ahorro_delta6	0.000417107377065603	0.000642009724912092	0.000895522388059701
mrentabilidad_sobre_antiguedad_rank	0.000416109040546745	0.000879218361533959	0.00149253731343284
ccomisiones_mantenimiento_avg6	0.000415443589794709	0.00275801795128975	0.00119402985074627
cproductos_avg6	0.00041095246194924	0.000920195330063131	0.00119402985074627
mtransferencias_emitidas_max6	0.000409640386761287	0.000992658688579296	0.00119402985074627
mactivos_margen_sobre_antiguedad_delta6	0.000408971564238132	0.00157528251393702	0.00149253731343284
ratio_total_mcaja_ahorro_ctrx_q_lag2	0.000407907588673899	0.001014179971097	0.00208955223880597
rf_013_029	0.000407669208732887	0.000160125599432966	0.000895522388059701
total_mcaja_ahorro	0.000404815546245297	0.000804298617983348	0.00119402985074627
chomebanking_trx	0.000404468417775102	0.000299874368466548	0.00119402985074627
Master_mlimitecompra_min6	0.000401856136318675	0.000291193280447084	0.00119402985074627
ratio_deuda_acumulada_cproductos_sobre_ctrx_q_lag2	0.000401078821891623	0.00236083723929956	0.00149253731343284
mrentabilidad_annual_sobre_edad_lag6	0.000399505641167887	0.00151397058520791	0.00149253731343284
mtarjeta_visa_debitos_automaticos_delta2	0.000395845508769364	0.00243464044419815	0.00119402985074627
cprestamos_personales_ratioavg6	0.000394849282280635	0.000152854141461679	0.000298507462686567
cpagomiscuentas_ratiomax6	0.000394650062645418	0.00108464751677268	0.00119402985074627
mactivos_margen_rank	0.000394435003527271	0.00134669913840201	0.0017910447761194
mcaja_ahorro_tend6	0.00039303999560106	0.000322637800234627	0.0017910447761194
mvr_mpagominimo_lag2	0.0003899172971435	0.00322559642528985	0.00208955223880597
ccomisiones_mantenimiento_rank	0.000388335533729643	0.000290397746657519	0.000597014925373134
mcomisiones_min6	0.000387891165661495	0.00138294477439325	0.00149253731343284
Master_mfinanciacion_limite_lag6	0.000384265838067386	0.0004512770096806	0.00149253731343284
Visa_mpagospesos_ratioavg6	0.000383186603991357	0.000318004164828739	0.00119402985074627
ccuenta_debitos_automaticos_ratioavg6	0.000381908834614206	0.00143197477795012	0.00149253731343284
cliente_antiguedad_lag6	0.000381801076943767	0.000355785041466501	0.00119402985074627
mrentabilidad_annual_sobre_edad_delta6	0.000380090209625612	0.00139215621827242	0.00149253731343284
mrentabilidad_ratioavg6	0.00037970510061309	0.000455603596957181	0.00119402985074627
ratio_deuda_acumulada_cproductos_sobre_ctrx_q_lag1	0.00037929101611081	0.00281822729809998	0.00208955223880597
mcomisiones_mantenimiento_lag2	0.000379152283411927	0.000944787093873894	0.00119402985074627
mcuentas_saldo_delta2	0.000379054220474514	0.00172609897235876	0.0017910447761194
mrentabilidad_annual_sobre_ctrx_q_lag6	0.000365318227293008	0.000184396358381273	0.00119402985074627
mforex_sell_avg6	0.000364377353452773	0.00154224692657035	0.00149253731343284
mcaja_ahorro_delta2	0.000364299211053186	0.000244340527261652	0.000895522388059701
ctransferencias_emitidas_delta6	0.000362390321684482	0.00212664325703815	0.0017910447761194
mcaja_ahorro_delta1	0.000357967809024857	0.000932798260097819	0.00119402985074627
mrentabilidad_sobre_ctrx_q_rank	0.000357139044792203	0.000763321649454177	0.00119402985074627
ctarjeta_master_trx_ratioavg6	0.000355861318185933	0.00108415903111242	0.00119402985074627
mrentabilidad_annual_max6	0.000355634908745241	0.00185903685561501	0.00149253731343284
cproductos_sobre_edad_lag1	0.000355135029419915	0.000554068349332285	0.000895522388059701
mcaja_ahorro_dolares_rank	0.000355082460442926	0.00289649665760665	0.0017910447761194
mcuentas_saldo_max6	0.000353227162988115	0.00152199570676932	0.00149253731343284
mcuenta_corriente_delta6	0.000350950561662735	0.000793551933457646	0.00119402985074627
total_mcaja_ahorro_lag6	0.000350042125971498	0.000480223274234245	0.00119402985074627
mcomisiones_mantenimiento_tend6	0.000342364064933688	0.000892909916754367	0.000895522388059701
mcuenta_debitos_automaticos_rank	0.000342296508327149	0.0020864199520991	0.00149253731343284
mcomisiones_sobre_edad_lag6	0.000342174996254228	0.00100413112322881	0.00149253731343284
ctransferencias_emitidas_tend6	0.000338764913118751	0.00206985330984973	0.0017910447761194
mcomisiones_avg6	0.000338756726059279	0.000578869464140303	0.000895522388059701
mtransferencias_recibidas_delta6	0.00033764671477013	0.000908932246410869	0.00119402985074627
mtransferencias_emitidas_avg6	0.000336748775765939	0.000560628013912909	0.00119402985074627
ccallcenter_trx_rank	0.00033122969256652	0.00126862517315944	0.00119402985074627
mrentabilidad_annual_sobre_ctrx_q_delta6	0.000328336360086802	0.000195673398766685	0.00149253731343284
Visa_mpagospesos_tend6	0.000328329577337924	0.000545931573905682	0.00119402985074627
mcaja_ahorro_max6	0.000327673322325302	0.000170076750169103	0.000597014925373134
mcuenta_corriente_min6	0.000327353809587273	0.000271695724236167	0.00149253731343284
mrentabilidad_annual_tend6	0.000326330612493834	0.00134862516757675	0.00119402985074627
mplazo_fijo_dolares_ratiomax6	0.000317468079627294	0.00129323089370336	0.000895522388059701
mcomisiones_otras_max6	0.000315983042560819	0.000782219066139633	0.000895522388059701
mrentabilidad_annual_sobre_ctrx_q_lag2	0.000314711742279419	0.000818073913602658	0.000895522388059701
mcomisiones_max6	0.000314131156083767	0.000656748035118769	0.000895522388059701
Master_mlimitecompra	0.000311161652229229	0.0002760920951785	0.00119402985074627
rf_005_029	0.000306231976719668	0.00160706199532017	0.00149253731343284
mcuenta_debitos_automaticos_delta6	0.000306123299475287	0.00177036972991139	0.00119402985074627
Visa_fechaalta_tend6	0.000304686344007536	0.00223863208383586	0.00149253731343284
ratio_total_mcaja_ahorro_antiguedad_delta2	0.000304057957788126	0.000278311215749392	0.00119402985074627
total_mcaja_ahorro_rank	0.000303071361876102	0.000369057894692401	0.00119402985074627
mrentabilidad_annual_sobre_antiguedad_lag2	0.000302109261204051	0.00353108140048281	0.0017910447761194
mtarjeta_visa_debitos_automaticos_max6	0.000300886382906304	0.00042581992841452	0.000597014925373134
mrentabilidad_annual_sobre_antiguedad	0.000298696966457602	0.00153879961348223	0.00119402985074627
Master_mpagospesos	0.000297880634294358	0.000466294454550282	0.000895522388059701
cproductos_sobre_ctrx_q_lag1	0.000296297202816142	0.00106898806217808	0.00119402985074627
mcomisiones_rank	0.000295423087192668	0.000510648952501818	0.000895522388059701
mcomisiones_otras_min6	0.000294745311298424	0.000564214894332527	0.000895522388059701
Visa_mpagominimo_lag2	0.000293910609041791	0.000388415883571816	0.00119402985074627
mactivos_margen_sobre_antiguedad_rank	0.000292284474403137	0.00131702712372456	0.000895522388059701
mcaja_ahorro_dolares	0.000292227332506121	0.000496734089551006	0.000895522388059701
Visa_msaldopesos_ratioavg6	0.000289360614207106	0.000191974864481866	0.000597014925373134
Visa_cconsumos_lag6	0.000289309011139179	0.000470523344694812	0.000895522388059701
mactivos_margen_delta1	0.000288612989899949	0.00219503124947444	0.00149253731343284
mrentabilidad_sobre_antiguedad	0.000287876510971532	0.000110286105353377	0.000895522388059701
mcomisiones_otras_avg6	0.000284857100627347	0.00119778079568871	0.000895522388059701
mpayroll_delta1	0.000284820695479136	0.00337579878745298	0.00149253731343284
mv_fechaalta_lag1	0.000284707206510643	0.000765512856558768	0.00119402985074627
rf_037_041	0.000284468311536938	0.0047282760133792	0.00208955223880597
mprestamos_personales_min6	0.000284413527384738	0.000157808781730022	0.000298507462686567
mvr_msaldopesos2_lag6	0.000283170124410471	0.000291905073837748	0.00119402985074627
mtransferencias_recibidas_lag1	0.000281967836727685	0.00130180032785762	0.00119402985074627
cproductos_sobre_antiguedad_lag1	0.00027968289329839	0.000709057870965955	0.00119402985074627
Visa_mpagospesos_lag6	0.000279384612738537	0.000406950425195365	0.000895522388059701
Master_Fvencimiento_ratioavg6	0.000278317999636643	0.000416901575931502	0.00119402985074627
mpasivos_margen_tend6	0.000275111890832653	0.00055854846067352	0.000895522388059701
mactivos_margen_sobre_ctrx_q_delta6	0.000273546248476693	0.000673370504300732	0.00119402985074627
ratio_deuda_acumulada_antiguedad_rank	0.000270960880597135	0.00196583377768082	0.00119402985074627
mcomisiones_otras	0.0002702039215452	0.000303614772950818	0.000895522388059701
mrentabilidad_annual_ratiomax6	0.000270128160057989	0.000846643346361246	0.00119402985074627
cproductos_sobre_ctrx_q_delta6	0.000270021218598529	0.000396189783936512	0.00119402985074627
mv_Fvencimiento_lag2	0.000269705319999944	0.000812100431814345	0.00149253731343284
Visa_fechaalta_ratioavg6	0.000266427666204762	0.00034297276043456	0.00119402985074627
Visa_mpagospesos_delta6	0.000265792098041584	0.000744242795237767	0.00119402985074627
mv_fultimo_cierre_rank	0.000265386843944111	0.000253356576876722	0.000895522388059701
mrentabilidad_annual_sobre_antiguedad_delta1	0.000264990789150292	0.000246922522894451	0.00149253731343284
ccomisiones_otras_tend6	0.000264087061820206	0.00104445212529992	0.00119402985074627
mcuenta_corriente	0.000264018742466289	0.000533035552474839	0.00119402985074627
mrentabilidad_exp	0.000263509997093756	0.000185875772095201	0.00119402985074627
rf_020_030	0.000263489356579433	4.08513579308194e-05	0.000298507462686567
cproductos_sobre_edad_delta2	0.000263414243783917	0.00105260285745968	0.000895522388059701
mpayroll_sobre_edad_lag6	0.000260788414650933	0.000333565922291283	0.000895522388059701
Visa_msaldototal_max6	0.000260286330843116	0.000256594538967583	0.00119402985074627
mactivos_margen_tend6	0.000260134975387978	0.000691639867994427	0.000895522388059701
mactivos_margen_por_antiguedad_lag6	0.00025924272312884	0.00095518486007084	0.00119402985074627
mcaja_ahorro_dolares_delta6	0.00025914907450277	0.00034884854509082	0.000597014925373134
Visa_mpagominimo_delta2	0.000259148340269313	7.23098344515119e-05	0.000298507462686567
Visa_mconsumosdolares_lag6	0.000258567989313506	0.000221535225294122	0.00119402985074627
ratio_total_mcaja_ahorro_antiguedad_delta6	0.00025853778950728	0.00095835303849595	0.00119402985074627
mpayroll_sobre_edad	0.000258256225233418	0.000411542190401801	0.000298507462686567
ctransferencias_recibidas_avg6	0.000257274298475904	0.000208025107604668	0.000895522388059701
Visa_fultimo_cierre_ratioavg6	0.000256725113235385	0.000286573601774347	0.000895522388059701
Master_Fvencimiento_rank	0.00025284627550111	0.000360223282608285	0.00119402985074627
mrentabilidad_sobre_antiguedad_lag1	0.000247734625931975	0.00251309124123578	0.00119402985074627
mpayroll_sobre_edad_delta2	0.000246281330205561	0.00195046741448239	0.000895522388059701
mcuenta_debitos_automaticos_ratioavg6	0.000245599697803546	0.00137408224884283	0.00119402985074627
mpasivos_margen_sobre_ctrx_q	0.000242983784386474	0.000200027899509567	0.00119402985074627
chomebanking_trx_lag6	0.000241800114511764	0.000316064178920853	0.00119402985074627
mtransferencias_emitidas_delta2	0.000241485265581883	0.00247838084589108	0.00149253731343284
mcomisiones_por_ctrx_q_delta6	0.00024102826406476	0.00192615478533463	0.00149253731343284
ccallcenter_trx	0.000240803970000557	0.00275801795128975	0.00119402985074627
mactivos_margen_min6	0.000238313745945783	0.00158681077551914	0.000895522388059701
mactivos_margen_por_edad_delta1	0.000236827065764629	0.00289819937905099	0.00149253731343284
mpayroll_tend6	0.000235347389315238	0.00257632919913962	0.00119402985074627
mrentabilidad_annual_por_edad_lag2	0.000234108855092925	5.58129758679012e-05	0.000298507462686567
cproductos_sobre_edad_rank	0.000233482518311563	0.00121180731250472	0.000895522388059701
mpasivos_margen_por_antiguedad_lag1	0.000230388864846443	0.00017948358831238	0.00119402985074627
mcomisiones_sobre_edad_delta6	0.000230241512032918	0.000952379556707637	0.000895522388059701
mplazo_fijo_dolares_ratioavg6	0.000229809055655128	0.000890355834587869	0.000597014925373134
mrentabilidad_sobre_antiguedad_delta6	0.00022868367536274	0.000381116512134228	0.000895522388059701
ctrx_quarter_delta1	0.000228231373296167	0.000292100468101852	0.000895522388059701
mpasivos_margen_por_antiguedad_delta1	0.000228131296563107	0.000647578461439047	0.000895522388059701
mrentabilidad_delta2	0.000227735897589464	0.00103053726234911	0.00119402985074627
ctarjeta_debito_rank	0.000227614018399815	0.000598143712620816	0.000895522388059701
mpasivos_margen_sobre_antiguedad_delta1	0.0002266731196099	0.000193663629193048	0.000895522388059701
cpayroll_trx_avg6	0.000225733660772978	0.000439902272163135	0.000298507462686567
chomebanking_trx_tend6	0.00022544841820335	0.00142852746486201	0.000895522388059701
mcomisiones_por_ctrx_q_lag1	0.000225345144346936	0.000973175089101529	0.00119402985074627
mrentabilidad_annual_sobre_antiguedad_lag1	0.000225189910998587	0.000723321652245523	0.00119402985074627
mactivos_margen	0.000224322136158221	0.000647089975778787	0.000895522388059701
mcomisiones_por_edad_lag6	0.000221945522256103	0.00077624558435132	0.000895522388059701
Visa_mconsumosdolares_lag1	0.000219968031958515	0.00048262383233609	0.000895522388059701
mpasivos_margen_max6	0.000217992298831288	0.000589309100536699	0.000895522388059701
catm_trx_ratioavg6	0.000217066295000681	0.000118632231777234	0.000895522388059701
matm_max6	0.000216588986225683	0.00217786446769962	0.00119402985074627
mtransferencias_recibidas_tend6	0.000216218230407976	0.000646378182388124	0.00119402985074627
mv_fechaalta_lag6	0.000215640360163267	0.000423656634776229	0.000895522388059701
mvr_mpagominimo_lag6	0.000214719538737741	0.000269853435460333	0.000597014925373134
ratio_deuda_acumulada_antiguedad_delta6	0.000214465059124272	0.000260614078114859	0.000298507462686567
Visa_mconsumospesos_avg6	0.000212694672560965	7.41939934267974e-05	0.000597014925373134
cproductos_sobre_antiguedad_lag2	0.000210693127207055	0.00117489175332228	0.000895522388059701
Master_fultimo_cierre_avg6	0.00020967653108625	0.000933775231418337	0.000895522388059701
Master_mpagominimo	0.000209072959106301	0.000338367038494973	0.000597014925373134
ctarjeta_debito_trx_avg6	0.000207229737296892	0.00020121422182734	0.000597014925373134
mactivos_margen_por_edad	0.000207226394039693	0.000140488475890546	0.000597014925373134
tpaquete9	0.000206102214896213	0.00265885536225713	0.00119402985074627
ratio_total_mcaja_ahorro_antiguedad_lag1	0.000203544334436178	0.000696343287066065	0.000895522388059701
mv_mconsumospesos_delta6	0.000200838912257893	0.000305861806988011	0.000895522388059701
mv_fultimo_cierre_lag1	0.000200266858853	0.000513384472199269	0.000597014925373134
Visa_msaldopesos_rank	0.000198419997954466	0.000286057202647788	0.000895522388059701
mpasivos_margen_sobre_edad_lag6	0.000196861975943804	0.000364452172752814	0.000895522388059701
mcaja_ahorro_dolares_lag6	0.000196806961898118	0.00107581290468856	0.000895522388059701
mtransferencias_emitidas_lag2	0.000193076204082344	0.00121151422110857	0.000895522388059701
ctarjeta_visa_debitos_automaticos_tend6	0.000192807681362947	0.000557152787358494	0.000597014925373134
Visa_mconsumosdolares_ratioavg6	0.000192780272356706	7.88834557652857e-05	0.000597014925373134
Visa_mfinanciacion_limite_rank	0.000191649274821947	0.000185778074963149	0.000597014925373134
mrentabilidad_por_edad_lag1	0.000190321794988354	0.000599902260997749	0.000895522388059701
mcuenta_corriente_lag1	0.000189218477342082	0.000743531001847104	0.000597014925373134
Visa_mpagominimo	0.000188760871686265	8.70900148576403e-05	0.000298507462686567
mrentabilidad_annual_sobre_antiguedad_rank	0.000188414391907765	0.000197976259736479	0.000895522388059701
mpasivos_margen_sobre_antiguedad_lag6	0.000188270924115931	0.000713677549638692	0.000895522388059701
cproductos_sobre_ctrx_q_lag6	0.000187678469000801	0.000148527554185097	0.000597014925373134
Visa_mpagado_ratioavg6	0.000186071335326031	0.00236240039341239	0.00119402985074627
mprestamos_personales	0.000184397607389545	0.000829546348252174	0.000597014925373134
Visa_mlimitecompra_lag6	0.000182204434231795	0.000237152809689267	0.000895522388059701
ratio_totalcomisiones_ctrx_delta6	0.000181723742992958	0.000198087913601681	0.000597014925373134
mrentabilidad_annual_por_antiguedad_lag6	0.000181587578329055	0.000333705489622785	0.000597014925373134
rf_033_045	0.000179725669208889	0.00113769705947683	0.000895522388059701
mactivos_margen_ratiomax6	0.00017924020545258	0.000143614784116205	0.000895522388059701
mrentabilidad_sobre_edad_rank	0.000178211776054698	0.000592100447166752	0.000597014925373134
cproductos_sobre_edad_lag2	0.000176557084724497	0.000331639893116546	0.000597014925373134
mcomisiones_sobre_ctrx_q_delta6	0.000175951174603052	0.000165261677232263	0.000895522388059701
mtransferencias_recibidas_rank	0.000175896955382905	0.00171543602823196	0.000895522388059701
ratio_total_mcaja_ahorro_ctrx_q_delta6	0.000173411942247133	0.000425498923552064	0.000597014925373134
ctarjeta_visa_trx_delta6	0.000172814714614531	0.00116408924186397	0.000895522388059701
ratio_total_mcaja_ahorro_antiguedad_delta1	0.000172011131738066	0.000188681075458404	0.000597014925373134
mactivos_margen_por_edad_delta6	0.000171457804850571	0.00107458471217134	0.000895522388059701
mrentabilidad_annual_exp_lag2	0.000171062876356618	0.000607885512359699	0.000895522388059701
mv_fechaalta_rank	0.000169986365360013	0.000249713869524503	0.000597014925373134
mcomisiones_por_antiguedad_lag1	0.000166339221052354	0.000131514296474927	0.000597014925373134
mactivos_margen_por_ctrx_q	0.000165407165142085	0.00147236556368698	0.000895522388059701
Visa_mpagominimo_lag6	0.000163864023833771	0.00104309832218435	0.000895522388059701
mcomisiones_mantenimiento_lag1	0.000163565358335989	0.000979371878620246	0.000597014925373134
mpayroll_max6	0.000163519711113242	0.00239990213538715	0.00119402985074627
rf_027_033	0.000161921249234595	0.00162139556026549	0.000895522388059701
mpasivos_margen_sobre_ctrx_q_rank	0.000161421763757798	0.0020283320287277	0.000895522388059701
Master_mpagominimo_lag1	0.000160440916965029	0.000519762699248939	0.000298507462686567
mpasivos_margen_avg6	0.000160306880152455	0.00129377520629622	0.000895522388059701
ccallcenter_trx_max6	0.000160188889548737	0.000973593791096037	0.000597014925373134
cmobile_app_trx_lag1	0.000159947875634303	0.000318632217820501	0.000597014925373134
mv_status04_delta6	0.000158141832413203	0.0010751011112979	0.000597014925373134
ctarjeta_visa_trx_delta2	0.000157694434740984	0.000160823436090479	0.000597014925373134
rf_031_043	0.00015683743459839	0.000379678968619751	0.000597014925373134
mtarjeta_visa_consumo_avg6	0.000155782654773573	0.000166769004412491	0.000895522388059701
ratio_total_mcaja_ahorro_ctrx_q_lag1	0.000155717721447735	0.00041092809414319	0.000597014925373134
Master_mpagominimo_ratioavg6	0.000154750561336885	0.000190048835307129	0.000597014925373134
mrentabilidad_sobre_edad_lag6	0.000154460945444675	0.000719790598758507	0.000895522388059701
mrentabilidad_annual_avg6	0.000153003837763492	0.00133603619427521	0.000895522388059701
mrentabilidad_sobre_edad	0.00015053336316302	0.000269378906533224	0.000597014925373134
mv_msaldototal_delta2	0.000149998417061634	0.00185190496497523	0.000895522388059701
Master_fultimo_cierre_min6	0.000146827795614035	0.00149151420156914	0.000895522388059701
Master_Fvencimiento_lag6	0.000144122129285304	0.000223768302598165	0.000597014925373134
mtransferencias_emitidas_ratiomax6	0.000143846855895189	0.000110648980415284	0.000597014925373134
ctrx_quarter_ratiomax6	0.000142698471997304	8.85554718384179e-05	0.000298507462686567
mv_mpagominimo_delta6	0.000142042430839087	0.000328192580028431	0.000597014925373134
rf_008_029	0.000139744636542172	0.000850425621044967	0.000597014925373134
mtarjeta_visa_consumo_ratiomax6	0.000138469829048531	0.00046406137724624	0.000597014925373134
mrentabilidad_annual_delta1	0.000137395880740545	0.00013324493138556	0.000597014925373134
mpayroll_sobre_edad_delta6	0.000137138332316364	0.00042422886083539	0.000597014925373134
mrentabilidad_sobre_ctrx_q_delta2	0.000135627515101366	0.000163237950925474	0.000597014925373134
Master_Fvencimiento_min6	0.00013533683350137	0.000166838788078242	0.000895522388059701
mcomisiones_sobre_ctrx_q	0.0001343901499498	0.000305736196389658	0.000597014925373134
mcomisiones_por_antiguedad	0.000133280042426169	0.000267843665886695	0.000597014925373134
Visa_mpagominimo_delta1	0.000132731338358062	0.000239064882130853	0.000597014925373134
chomebanking_trx_min6	0.000132039711826854	0.000553537993472575	0.000597014925373134
total_mcaja_ahorro_lag1	0.000129479521739244	0.000134905782630441	0.000597014925373134
mcaja_ahorro_dolares_lag2	0.000128995080919839	0.00043535237715615	0.000597014925373134
mcomisiones_otras_rank	0.000127543996804397	0.000207131876683051	0.000597014925373134
mpasivos_margen_sobre_antiguedad_lag2	0.000127254669615634	0.000188276330197046	0.000597014925373134
mcaja_ahorro_avg6	0.000126794540477837	0.000207257487281404	0.000597014925373134
mrentabilidad_sobre_ctrx_q_lag6	0.000126419193918903	9.64549828014666e-05	0.000597014925373134
mvr_Master_mlimitecompra_lag2	0.000126145820268752	0.000110830417946237	0.000597014925373134
mcomisiones_sobre_antiguedad_lag2	0.000125379462315717	0.000870830364910652	0.000597014925373134
mcomisiones_por_antiguedad_delta6	0.000124802180170622	0.00035997206141158	0.000597014925373134
mv_Fvencimiento_delta2	0.000123671271741864	0.000895771047050171	0.000597014925373134
mactivos_margen_por_ctrx_q_rank	0.000123652228007099	0.000629671972807259	0.000298507462686567
mcomisiones_por_edad_lag2	0.000121849994958648	0.000140446605691095	0.000597014925373134
mcuenta_corriente_delta2	0.000121089093857181	0.000262037664896185	0.000597014925373134
mcomisiones_ratiomax6	0.000120407165623239	0.000150537323758735	0.000597014925373134
mv_Fvencimiento	0.000119978294870974	0.000293789232813033	0.000597014925373134
mrentabilidad_annual_sobre_ctrx_q_rank	0.000118623577114664	0.000129141651839382	0.000298507462686567
mactivos_margen_sobre_edad_lag2	0.000118561035393922	0.000377920420242818	0.000597014925373134
chomebanking_trx_delta6	0.00011758519279423	3.31472412318743e-05	0.000298507462686567
ccajas_extracciones_avg6	0.000116648464165212	0.00137285405632561	0.000597014925373134
rf_006_046	0.000116105633964763	0.000643628705957522	0.000597014925373134
Visa_mfinanciacion_limite_lag2	0.000113480107792186	0.000554068349332285	0.000597014925373134
mv_mpagominimo_lag2	0.000112894324934492	0.000740418650354595	0.000597014925373134
rf_008_042	0.000112646952415749	0.000867620316286091	0.000597014925373134
mrentabilidad	0.000111909379265627	0.000144870890099729	0.000597014925373134
Visa_mconsumospesos_lag2	0.000111880519613672	0.000254417288596142	0.000597014925373134
ratio_comisiones_rank	0.000111377719393598	0.000221074653100164	0.000298507462686567
rf_023_031	0.000110629382238424	0.000980293023008163	0.000597014925373134
mrentabilidad_sobre_ctrx_q_lag2	0.000108987917803172	0.000130355887623455	0.000298507462686567
mrentabilidad_annual_por_ctrx_q_delta2	0.000107533084107162	0.000135491965422752	0.000597014925373134
mv_cconsumos_delta2	0.00010738843298762	0.000801381660754943	0.000597014925373134
mtransferencias_emitidas_tend6	0.000106626366379646	5.67899471884196e-05	0.000298507462686567
mv_mpagospesos	0.00010566320178193	0.000168946254783932	0.000597014925373134
mvr_msaldototal_rank	0.000104937830807733	0.000763251865788425	0.000597014925373134
mrentabilidad_annual_sobre_edad_lag1	0.000103240384635611	0.0002866992123727	0.000597014925373134
Visa_mpagominimo_max6	0.000102519128576591	0.000192030691414467	0.000298507462686567
ccajas_trx_ratioavg6	0.00010125847111608	0.000624256760344957	0.000597014925373134
Master_mpagominimo_delta6	9.90573603956648e-05	7.93440279592444e-05	0.000298507462686567
mrentabilidad_tend6	9.78502948490473e-05	5.22819223808847e-05	0.000298507462686567
mrentabilidad_min6	9.6152376415115e-05	0.00020281924613962	0.000298507462686567
Master_msaldopesos_ratiomax6	9.56574674225855e-05	0.000192575004007327	0.000298507462686567
mv_mlimitecompra_lag6	9.47410870402033e-05	8.43265816938882e-05	0.000298507462686567
mcomisiones_tend6	9.46035929147491e-05	7.03279783441746e-05	0.000298507462686567
rf_010_038	9.45199401999935e-05	0.000129504526901289	0.000298507462686567
mrentabilidad_por_antiguedad_delta1	9.4244217715628e-05	0.000318827612084605	0.000597014925373134
mrentabilidad_annual_exp_delta2	9.31695387384252e-05	0.000336231658322983	0.000597014925373134
mcomisiones_mantenimiento_lag6	9.30277996030317e-05	0.000535659418307089	0.000298507462686567
mactivos_margen_por_antiguedad_rank	9.29731099031932e-05	0.000396678269596771	0.000298507462686567
mrentabilidad_rank	9.10504162326464e-05	0.000192393566476374	0.000298507462686567
mrentabilidad_sobre_antiguedad_lag2	9.09155810302944e-05	4.16468917203844e-05	0.000298507462686567
mpasivos_margen_por_antiguedad_delta2	9.04324197730795e-05	0.000117417995993162	0.000298507462686567
mv_mpagominimo	8.92069983900328e-05	0.000106406133537604	0.000298507462686567
ccomisiones_otras_ratiomax6	8.7647180002369e-05	8.37124854352767e-05	0.000298507462686567
rf_019_055	8.75762658816712e-05	0.000117250515195358	0.000298507462686567
cprestamos_personales_rank	8.74660417570945e-05	0.000526950416821325	0.000597014925373134
mv_mpagospesos_delta2	8.66055201452981e-05	0.00132086522534088	0.000597014925373134
mcaja_ahorro_dolares_lag1	8.65843735088837e-05	4.32100458332138e-05	0.000298507462686567
mcaja_ahorro_lag2	8.5452549070425e-05	9.04954577463044e-05	0.000298507462686567
mrentabilidad_annual_por_edad	8.42088431357509e-05	0.000730537283284209	0.000597014925373134
Visa_fultimo_cierre_min6	8.30611649574016e-05	8.83182073748634e-05	0.000298507462686567
mvr_mpagominimo	8.16207129701282e-05	4.01535212733063e-05	0.000298507462686567
mrentabilidad_annual_sobre_edad_delta2	7.99212048851188e-05	0.000422679663455711	0.000298507462686567
ctransferencias_recibidas_rank	7.8873517898067e-05	2.81646874972305e-05	0.000298507462686567
ctarjeta_visa_debitos_automaticos_max6	7.833422698802e-05	0.000619790605736873	0.000298507462686567
mactivos_margen_sobre_ctrx_q_rank	7.76468383382709e-05	0.00121050933632175	0.000597014925373134
rf_048_041	7.74171123721806e-05	8.06280474090686e-05	0.000298507462686567
rf_022_047	7.71203537428432e-05	0.000597557529828505	0.000298507462686567
mcomisiones_sobre_antiguedad_lag1	7.50214511710572e-05	0.000167690148800408	0.000298507462686567
mvr_mpagospesos_delta2	7.44655223883012e-05	0.000247285397956357	0.000298507462686567
mtransferencias_recibidas_lag2	7.34639994388086e-05	5.04815038045008e-05	0.000298507462686567
mcomisiones_otras_lag6	7.34564646352725e-05	0.000496845743416208	0.000298507462686567
mcomisiones_lag2	7.29815153872096e-05	0.000347871573770302	0.000298507462686567
mpasivos_margen_sobre_edad_lag2	7.28677234583095e-05	0.000338883437621533	0.000298507462686567
mvr_msaldototal_lag1	7.27421909225749e-05	2.93928800144536e-05	0.000298507462686567
mcomisiones_delta2	7.24469007601519e-05	0.000156385194948695	0.000298507462686567
mtarjeta_visa_consumo_tend6	7.18509598182206e-05	4.63084405925722e-05	0.000298507462686567
mpasivos_margen_por_ctrx_q	7.11746238769699e-05	0.000277948340687485	0.000298507462686567
mrentabilidad_annual_exp_delta1	6.99264697706717e-05	8.55268607448108e-05	0.000298507462686567
Visa_mfinanciacion_limite_max6	6.99047706770445e-05	4.16468917203844e-05	0.000298507462686567
Visa_mpagado_max6	6.98685579977979e-05	0.000178353092927209	0.000298507462686567
Master_fechaalta_lag6	6.97079604681237e-05	0.000320739684526191	0.000298507462686567
rf_028_041	6.96284850427457e-05	0.00010460571496122	0.000298507462686567
Visa_fechaalta_delta2	6.9366570424463e-05	3.66643379857405e-05	0.000298507462686567
mactivos_margen_por_edad_delta2	6.88160592866337e-05	7.70969939220521e-05	0.000298507462686567
mv_msaldototal	6.8330509988563e-05	0.000374640587952506	0.000298507462686567
ccomisiones_otras_avg6	6.80763155143007e-05	6.32937848364421e-05	0.000298507462686567
mprestamos_personales_max6	6.79822908609027e-05	0.000158339137589732	0.000298507462686567
mrentabilidad_annual_sobre_ctrx_q_lag1	6.7893241886661e-05	5.38869466931649e-05	0.000298507462686567
ratio_deuda_acumulada_cproductos_sobre_ctrx_q_rank	6.68776116749186e-05	8.76203707173503e-05	0.000298507462686567
mvr_msaldopesos_delta2	6.65234545232794e-05	9.95394208276747e-05	0.000298507462686567
Visa_mfinanciacion_limite	6.55980993843674e-05	5.99581256135293e-05	0.000298507462686567
mrentabilidad_annual_por_ctrx_q_rank	6.5275500014426e-05	0.000192993706001835	0.000298507462686567
mcuenta_corriente_avg6	6.4984871878032e-05	0.000238827617667298	0.000298507462686567
mvr_mpagospesos	6.49544261392402e-05	2.9253312682951e-05	0.000298507462686567
mvr_mpagominimo_delta2	6.44418385158975e-05	0.00015554779095968	0.000298507462686567
cproductos_sobre_antiguedad_delta1	6.41356774212203e-05	0.000159413806042302	0.000298507462686567
rf_006_039	6.27143582747141e-05	4.65038348566759e-05	0.000298507462686567
mactivos_margen_por_edad_lag1	6.07379515061117e-05	6.26796885778305e-05	0.000298507462686567
mrentabilidad_annual_por_ctrx_q_lag2	6.05793570793642e-05	2.93230963487023e-05	0.000298507462686567
mv_mpagominimo_delta2	6.01163622925408e-05	2.67969276485047e-05	0.000298507462686567
mtransferencias_emitidas_rank	5.99211702486178e-05	0.000103670613840153	0.000298507462686567
Visa_msaldototal	5.92096410007843e-05	3.55896695331703e-05	0.000298507462686567
mrentabilidad_annual_por_antiguedad_delta6	5.86114688445609e-05	0.000174849952906493	0.000298507462686567
Master_Fvencimiento_tend6	5.73915292627623e-05	0.000119260284768996	0.000298507462686567
Master_fechaalta_tend6	5.73889380602217e-05	0.000118129789383825	0.000298507462686567
Visa_msaldototal_lag2	5.71644871694548e-05	0.000345205837738602	0.000298507462686567
Visa_msaldopesos_delta2	5.69945299453217e-05	4.06280502004152e-05	0.000298507462686567
Master_mfinanciacion_limite_lag1	5.69724173998447e-05	6.40893186260071e-05	0.000298507462686567
mrentabilidad_annual_por_ctrx_q_lag6	5.61606937990291e-05	3.822749209857e-05	0.000298507462686567
Visa_mpagominimo_avg6	5.55235787556552e-05	6.3237957903841e-05	0.000298507462686567
rf_037_050	5.49386584440615e-05	0.000356915536851672	0.000298507462686567
cextraccion_autoservicio_avg6	5.42457131440226e-05	0.000158297267390281	0.000298507462686567
rf_047_032	5.39773151730282e-05	9.18073906624291e-05	0.000298507462686567
mcomisiones_por_antiguedad_lag6	5.30342208112215e-05	0.00010566642668064	0.000298507462686567
Visa_mpagosdolares_ratioavg6	5.26817816233025e-05	0.000379748752285502	0.000298507462686567
mv_fultimo_cierre_lag2	5.2390704392658e-05	0.000149406828373564	0.000298507462686567
mpayroll_avg6	5.20925664024084e-05	0.000420781547747275	0.000298507462686567
numero_de_cliente	5.18172110347714e-05	9.74877810545861e-05	0.000298507462686567
mprestamos_personales_delta6	5.00804316912107e-05	0.000199232365720002	0.000298507462686567
mvr_msaldopesos2_delta2	4.96906000605776e-05	0.000428025092252262	0.000298507462686567
cmobile_app_trx_delta6	4.64512582820515e-05	0.000227662231147088	0.000298507462686567
Master_mpagospesos_lag1	4.61512740154388e-05	8.83042506417131e-05	0.000298507462686567
cliente_antiguedad_ratioavg6	4.55978972285825e-05	0.000498367027329586	0.000298507462686567
mactivos_margen_sobre_ctrx_q_delta2	4.45789843517233e-05	3.10537312593349e-05	0.000298507462686567
cmobile_app_trx_rank	4.45106150984451e-05	0.00011204465373031	0.000298507462686567
mcomisiones_lag1	4.36252792471886e-05	0.000511919015218492	0.000298507462686567
mprestamos_personales_avg6	4.35554664766766e-05	0.000610118589663741	0.000298507462686567
mrentabilidad_annual_por_edad_delta2	4.33778211866837e-05	0.000689504487822436	0.000298507462686567
mtarjeta_visa_consumo_ratioavg6	4.25770112890032e-05	0.000313886928549412	0.000298507462686567
rf_005_028	4.25715116665546e-05	0.000160544301427474	0.000298507462686567
mcomisiones_lag6	4.19035160470989e-05	0.000553942738733933	0.000298507462686567
mcaja_ahorro_lag1	4.1468308075965e-05	0.000607103935303284	0.000298507462686567
Visa_Fvencimiento_tend6	4.13958648962715e-05	0.000462037650939452	0.000298507462686567
Visa_Fvencimiento_ratiomax6	3.97664368997804e-05	0.000558674071271872	0.000298507462686567
mcaja_ahorro_dolares_max6	3.88705330766768e-05	0.000516385169826576	0.000298507462686567
mv_mlimitecompra_lag1	3.71658140726656e-05	9.02163230832992e-05	0.000298507462686567
Visa_fechaalta_rank	3.45793127647609e-05	5.76971348431867e-05	0.000298507462686567
mrentabilidad_annual_exp	3.40541968375253e-05	0.000515143020576202	0.000298507462686567
Master_cconsumos_tend6	3.28660752269506e-05	0.000536622432894457	0.000298507462686567
Visa_msaldopesos_delta1	2.98171315894354e-05	0.000689504487822436	0.000298507462686567
