Feature	Gain	Cover	Frequency
rf_012_048	0.0452614300661386	0.00294245452145707	0.00047978889288713
ctrx_quarter	0.0452146188066494	0.00217919134042776	0.00179920834832674
rf_034_041	0.0358142057161037	0.00484117602341503	0.00131941945543961
mdescubierto_preacordado_tend6	0.0341049338874289	0.00283224961204984	0.000839630562552477
mcuentas_saldo_rank	0.0333107127944722	0.0050129416767323	0.00431810003598417
rf_027_044	0.0315371008092935	0.00384749992017699	0.000839630562552477
cproductos_sobre_ctrx_q_rank	0.0284467531820678	0.00209147659519614	0.0020391027947703
ctrx_quarter_ratioavg6	0.0269077513231286	0.00326992290365511	0.00395825836631882
ctarjeta_visa_trx_rank	0.0239892576925999	0.0057188616664984	0.00419815281276239
ctrx_quarter_normalizado	0.020201088153614	0.00111934882229112	0.000959577785774259
mtarjeta_visa_consumo_ratioavg6	0.0188836362779765	0.00305170207228802	0.00227899724121387
ctrx_quarter_normalizado_rank	0.0171197579540827	0.00259229932845695	0.00191915557154852
mcaja_ahorro_lag1	0.015503649656808	0.00168204796904658	0.00239894446443565
mpasivos_margen_por_ctrx_q	0.0137743930202344	0.00468082622425592	0.00359841669665347
mtarjeta_visa_consumo	0.0133605140071671	0.00253756429245017	0.00143936667866139
ctarjeta_visa_trx	0.013357906219577	0.00444573518230151	0.00395825836631882
rf_024_046	0.0132212379185066	0.00360016503826873	0.00107952500899604
rf_008_023	0.0121186095757891	0.00453645655095375	0.00143936667866139
cproductos_ratioavg6	0.0119145550300385	0.00513402424953049	0.00239894446443565
ratio_totalcomisiones_antiguedad_lag1	0.0108635375379566	0.0091114351410523	0.00923593618807725
mcaja_ahorro_avg6	0.0107192744395459	0.00185720836412621	0.00311862780376634
mcaja_ahorro_ratiomax6	0.0103433396416843	0.00199272893923687	0.00167926112510495
cpayroll_trx_lag1	0.0095720539359347	0.00140404138831897	0.000719683339330694
exp_totalcomisiones_lag2	0.00917776405858446	0.00813711320578868	0.0088760945184119
rf_044_049	0.00867468981589671	0.000631613439513542	0.000359841669665347
cpayroll_trx_rank	0.00803950121144249	0.00621904271076754	0.00323857502698813
rf_044_050	0.00771280007604482	0.00437460085262872	0.00107952500899604
mpasivos_margen_por_ctrx_q_rank	0.0077113150911779	0.00185413446685969	0.00131941945543961
rf_001_040	0.00765178842387918	0.00295957830269432	0.000959577785774259
mprestamos_personales_ratiomax6	0.00749300552864119	0.011280488830394	0.00395825836631882
mpayroll_rank	0.0071090345473322	0.0038552053629882	0.00335852225020991
Visa_mpagospesos_lag1	0.00706553795706756	0.00122307474284702	0.00131941945543961
mprestamos_personales_ratioavg6	0.00677869607855182	0.00810520987809824	0.00299868058054456
rf_014_038	0.00666594262957978	0.00187881361848267	0.000599736116108912
exp_totalcomisiones_rank	0.00662571599035014	0.00808654914822773	0.00863620007196833
rf_035_047	0.00617646107538256	0.00716462836400926	0.0020391027947703
log_totalcomisiones_lag2	0.00566329577656847	0.00717457454338006	0.00839630562552477
total_comisiones_lag1	0.00553598243372225	0.00783986630513357	0.00947583063452081
mcuenta_corriente_rank	0.00514137620246726	0.00206522427056133	0.00347846947343169
rf_024_044	0.00509781788415505	0.000504600418453671	0.000599736116108912
rf_037_050	0.005044826956574	0.00366431323779033	0.00131941945543961
total_comisiones_lag2	0.00492336043915603	0.00315060497558399	0.00383831114309704
ctrx_quarter_ratiomax6	0.00474487262417781	0.002315560600979	0.00323857502698813
ratio_totalcomisiones_antiguedad	0.00460831412167627	0.00626793527200343	0.00575746671464556
rf_047_046	0.00460678404091654	0.00680206890880735	0.00167926112510495
ctarjeta_visa_trx_ratioavg6	0.00453054378592261	0.00411435456721881	0.00467794170564952
ctarjeta_visa_ratioavg6	0.00428184048873686	0.00119553904022888	0.000359841669665347
mdescubierto_preacordado_delta2	0.00409960333337051	0.00365664919426891	0.00119947223221782
cproductos_ratiomax6	0.00407877917910919	0.00209224248205716	0.00107952500899604
mprestamos_personales_min6	0.00400568309599754	0.00104001743324093	0.00131941945543961
cpayroll_trx	0.00395665136851749	0.00398283419848362	0.00143936667866139
cpayroll_trx_ratioavg6	0.00385927854002999	0.00461467015917975	0.00227899724121387
mv_Finiciomora	0.00381431146152745	0.00710633298908099	0.00155931390188317
exp_totalcomisiones_lag1	0.00376464367997967	0.00630232773199218	0.00695693894686338
rf_038_042	0.0037317538156032	0.000377872017511072	0.000239894446443565
mtarjeta_visa_consumo_rank	0.00371740584864794	0.0040888629545338	0.00131941945543961
rf_009_029	0.00359102541683734	0.00517768497551982	0.00119947223221782
total_comisiones_rank	0.00358948488334626	0.00533119871695321	0.00767662228619408
ratio_totalcomisiones_antiguedad_lag2	0.00352922857041991	0.00712462112534344	0.0061173083843109
rf_031_044	0.00350490988576423	0.00322232407022499	0.000719683339330694
rf_019_044	0.00349206604397445	0.0022068408910928	0.000359841669665347
ctarjeta_visa_trx_ratiomax6	0.003471973623191	0.00495539148902016	0.00359841669665347
mv_status07_rank	0.00343434216637422	0.00116106378166056	0.00119947223221782
mv_status01	0.00339823399876544	0.00220599220565221	0.000599736116108912
mvr_msaldopesos_rank	0.00330301850215158	0.00326160164640836	0.00263883891087921
mcomisiones_mantenimiento_max6	0.00329676481280246	0.00211987650798854	0.002758786134101
total_deuda_acumulada_rank	0.00310037521203388	0.00285961971750884	0.00287873335732278
mcomisiones_mantenimiento	0.00309016113556977	0.00205848653614885	0.00311862780376634
total_comisiones	0.00306315103506152	0.00440294384139767	0.00539762504498021
Master_mfinanciacion_limite_ratioavg6	0.00295929169656898	0.00154982381238504	0.00047978889288713
Visa_Finiciomora	0.00295837047942821	0.00909661419530932	0.00167926112510495
log_totalcomisiones_rank	0.00287411403063365	0.0040017122746255	0.0061173083843109
cproductos_tend6	0.00286564283444922	0.00246789963756474	0.00119947223221782
mpayroll_ratioavg6	0.00284963926664386	0.00447272751924123	0.00299868058054456
mpayroll_ratiomax6	0.00278340614955526	0.00587079706000874	0.00311862780376634
mcuenta_corriente	0.00276093451946938	0.0016239285410999	0.00251889168765743
mes	0.00261973593517892	0.0082599500734915	0.00599736116108912
exp_totalcomisiones	0.00260886146393815	0.00476962770084439	0.0061173083843109
log_totalcomisiones	0.00253069693547705	0.00453418476492681	0.0061173083843109
foto_mes	0.00249300454908229	0.0050862494691188	0.0068369917236416
rf_046_040	0.00249097406963362	0.000328653436868127	0.000359841669665347
mv_fechaalta_delta2	0.00241482789614666	0.00493014827207386	0.00215905001799208
ratio_deuda_acumulada_cproductos_sobre_ctrx_q	0.00238224642372801	0.000604372706835121	0.000599736116108912
Master_status_rank	0.00238203004705446	0.000804341626318315	0.00143936667866139
mcomisiones_otras_rank	0.0022664421740371	0.00140026887803733	0.00263883891087921
mcomisiones_mantenimiento_avg6	0.00218814472283587	0.00293588755911495	0.00431810003598417
rf_010_040	0.00213271624365898	0.000176324750104831	0.000119947223221782
log_totalcomisiones_lag1	0.00210513652299209	0.00281165346538189	0.00467794170564952
rf_050_022	0.00207583582320364	0.000939706954092276	0.00047978889288713
mcuentas_saldo_ratiomax6	0.00206787105847187	0.00376814265657069	0.00491783615209308
mcuentas_saldo_tend6	0.00205574304117215	0.00149250132076672	0.002758786134101
ratio_totalcomisiones_antiguedad_rank	0.00199054067806806	0.00541077850174211	0.0040782055895406
mcuentas_saldo_ratioavg6	0.00195505071636079	0.00747896799643428	0.00587741393786734
ccomisiones_mantenimiento	0.00194370829471153	0.000391518258406397	0.000839630562552477
ccomisiones_mantenimiento_rank	0.0019089406275786	0.00134758828178613	0.0020391027947703
mcaja_ahorro_dolares_delta1	0.00183995112412892	0.00931457628111525	0.00347846947343169
ccomisiones_mantenimiento_ratioavg6	0.00182438584065025	0.00148637422587856	0.00239894446443565
ratio_deuda_acumulada_antiguedad	0.00180380025890065	0.00312344186657392	0.00131941945543961
total_deuda_acumulada_delta2	0.00174671870684328	0.00680429929554451	0.00263883891087921
mcuenta_corriente_tend6	0.0017391457831022	0.00178154081222198	0.00263883891087921
rf_016_052	0.00172580518141904	0.000845187200602277	0.000239894446443565
mcomisiones_otras_min6	0.00170257090386731	0.00394511944548963	0.00467794170564952
total_deuda_acumulada_lag1	0.00167772187115814	0.000712352404416414	0.000839630562552477
ctrx_quarter_delta2	0.00167511390428188	0.00174880949873585	0.00227899724121387
Master_status	0.00161246457744379	0.000219788829467683	0.00047978889288713
mdescubierto_preacordado_rank	0.00161143595483587	0.00172375257859358	0.00263883891087921
mpayroll_sobre_edad_rank	0.0015633525166721	0.00191281796012969	0.00143936667866139
mprestamos_personales_tend6	0.00156268190890946	0.00566768696941312	0.00155931390188317
mpasivos_margen_ratioavg6	0.00154301094077215	0.000858704068717025	0.00155931390188317
mv_Finiciomora_delta1	0.00150508233069383	0.00550344563701424	0.000959577785774259
mcomisiones_sobre_ctrx_q	0.00150098354584433	0.00139536306219783	0.00251889168765743
Visa_fechaalta_tend6	0.0014808857877097	0.00553750172777349	0.00347846947343169
ccaja_ahorro	0.00145395156401203	0.00993521373392459	0.0020391027947703
mdescubierto_preacordado	0.0014481495385997	0.0020672787103169	0.000959577785774259
mv_status04_rank	0.00144453762221202	0.000232943453796814	0.00047978889288713
mcomisiones_mantenimiento_rank	0.00139407669008384	0.00270323907525785	0.00347846947343169
mcuentas_saldo	0.00138621931526236	0.00219352066960453	0.00179920834832674
rf_023_046	0.0013656995125609	0.00283704157984244	0.000959577785774259
rf_047_043	0.00133684727748583	0.00257902050625846	0.000839630562552477
mcomisiones_rank	0.00133427631037503	0.000894028012725935	0.00131941945543961
mrentabilidad_annual_ratioavg6	0.00133138981367895	0.0025916162401755	0.0047978889288713
rf_033_038	0.00132699797580501	0.000890897191435957	0.00047978889288713
mrentabilidad_annual_avg6	0.00129890195436403	0.0031801485437567	0.00371836391987526
mactivos_margen_sobre_edad	0.00129791606945633	0.00310438784345045	0.00299868058054456
ccaja_ahorro_rank	0.00128614066404078	0.00475205370233072	0.00335852225020991
mrentabilidad_annual_sobre_ctrx_q_delta1	0.00128485231354564	0.00188250850509597	0.00311862780376634
rf_050_029	0.00128181628904679	0.00348673098425828	0.000719683339330694
mv_mpagominimo_delta2	0.00127679941444754	0.00692256671663733	0.00215905001799208
rf_016_039	0.00126719911503325	0.0022430135205423	0.00107952500899604
ratio_totalcomisiones_ctrx	0.00126334430343927	0.0039338019146447	0.00443804725920595
mv_msaldototal_lag2	0.00126107194475616	0.000558905936828927	0.000959577785774259
rf_048_043	0.00125802938493409	0.00116310787159369	0.000359841669665347
mcomisiones_sobre_edad_rank	0.00124309464662388	0.00131059801636338	0.00227899724121387
mcomisiones_avg6	0.00124177121737987	0.00226840680991407	0.00299868058054456
mactivos_margen_sobre_antiguedad	0.00123570273278656	0.00083909115518146	0.00167926112510495
total_deuda_acumulada	0.00120294543626175	0.0040440223487856	0.00131941945543961
rf_045_040	0.00117969324794215	0.00138472861963435	0.000719683339330694
cplazo_fijo_ratioavg6	0.00117029121148578	0.00769766491963389	0.00131941945543961
rf_040_045	0.00116901800939594	0.00775630701361411	0.00131941945543961
rf_045_027	0.0011525742530926	7.10308314483288e-05	0.000119947223221782
mcomisiones_por_edad_rank	0.00113492739841157	0.00115863674829692	0.002758786134101
Master_fechaalta_lag1	0.0011280369487495	0.00153456299918811	0.002758786134101
Visa_mpagominimo	0.00112426311987312	0.00432339510607611	0.00323857502698813
mv_status07_delta2	0.00112401402750239	0.00266654377977482	0.000719683339330694
Master_fechaalta	0.00111491901958536	0.00232335919219222	0.00335852225020991
mpayroll_sobre_edad	0.00110918953665387	0.00469368587864533	0.00239894446443565
rf_009_049	0.00110556672346795	0.00097967279346831	0.000719683339330694
mactivos_margen_por_ctrx_q_rank	0.00109959328414213	0.00197800114189591	0.00239894446443565
Visa_Finiciomora_rank	0.00109699130055554	0.00141278698828602	0.000599736116108912
mactivos_margen_min6	0.00108219749008366	0.00334896967258802	0.00335852225020991
mv_msaldototal	0.00107942687931935	0.00356076326421601	0.00215905001799208
mactivos_margen_sobre_ctrx_q	0.0010589532042766	0.000744095309858936	0.0020391027947703
mrentabilidad_annual_sobre_ctrx_q_rank	0.00105514734406481	0.00149252719532283	0.00287873335732278
ratio_totalcomisiones_ctrx_lag2	0.00104476405909661	0.00163056277728791	0.00335852225020991
mcaja_ahorro_lag2	0.00103528518310855	0.000199291006112967	0.000599736116108912
Visa_fechaalta_delta2	0.00103244085503651	0.00306505851815486	0.00167926112510495
mrentabilidad_annual_sobre_antiguedad_lag1	0.00102562199221384	0.00376860322366955	0.00431810003598417
Master_status_max6	0.00100977271971362	0.00291797719137179	0.00107952500899604
total_mcaja_ahorro_rank	0.00100280477881162	0.00336734060743004	0.00323857502698813
mcomisiones_mantenimiento_ratioavg6	0.000995995612695014	0.00104034862755921	0.00215905001799208
mcuentas_saldo_delta2	0.000992536056789073	0.00326749587029147	0.00383831114309704
total_mcaja_ahorro	0.000985070915931129	0.00434406887641241	0.00575746671464556
mpasivos_margen_sobre_ctrx_q	0.00096718051956274	0.00107369058056967	0.00167926112510495
mpasivos_margen_sobre_ctrx_q_rank	0.000963455570518699	0.00078089410356643	0.00167926112510495
ratio_totalcomisiones_antiguedad_delta1	0.000960106789664349	0.000805040239333434	0.00131941945543961
mrentabilidad_annual_ratiomax6	0.000942425859909973	0.00188346068876102	0.00371836391987526
ratio_deuda_acumulada_antiguedad_rank	0.00094198846356816	0.00382194620855731	0.00359841669665347
mcomisiones_otras	0.000940652520868738	0.000963982462639858	0.00239894446443565
cliente_edad_min6	0.000930950739066497	0.00397919623589377	0.0047978889288713
thomebanking_ratioavg6	0.000924348719381559	0.00356544655887292	0.0020391027947703
tcallcenter_tend6	0.000922706378999561	0.00338333625802066	0.00119947223221782
mrentabilidad_annual_max6	0.000921447789533222	0.00231177256596369	0.00251889168765743
mcuenta_corriente_lag1	0.000906672199665835	0.00077125841886901	0.00179920834832674
total_mcaja_ahorro_lag2	0.00089737480071628	0.00572736922054918	0.0068369917236416
mv_mpagominimo_delta1	0.000894122116418458	0.00299781054681062	0.00191915557154852
mv_msaldototal_rank	0.0008878542372855	0.00165349280891749	0.0020391027947703
mrentabilidad_annual_tend6	0.000874108863859538	0.00312566707839985	0.00299868058054456
mcomisiones_otras_avg6	0.000865131862264723	0.00243237387201813	0.00347846947343169
mcuenta_debitos_automaticos_ratiomax6	0.00086004318377266	0.00737940787941298	0.00371836391987526
rf_040_043	0.000854092489535526	0.00170013428377133	0.000599736116108912
rf_047_044	0.000841354085831519	0.000743598518381518	0.000719683339330694
ratio_total_mcaja_ahorro_antiguedad	0.000835698631694933	0.00336213982165082	0.00371836391987526
mtarjeta_visa_debitos_automaticos_ratiomax6	0.00082677956768838	0.0027071461332313	0.00323857502698813
Master_fechaalta_lag2	0.00082564131123625	0.00163248266935169	0.00383831114309704
mcaja_ahorro_dolares_ratioavg6	0.000817179503966443	0.0045028920767607	0.00395825836631882
Visa_Fvencimiento_tend6	0.000810080749882484	0.00253131299969266	0.00335852225020991
rf_030_042	0.000808983065272673	0.00013469776422618	0.000119947223221782
mcaja_ahorro_dolares_delta2	0.00080182551827874	0.00156327340665389	0.000839630562552477
ctrx_quarter_tend6	0.000790920477616916	0.00129797123297901	0.00191915557154852
mcaja_ahorro_ratioavg6	0.000783571858551266	0.00111046867463227	0.0020391027947703
mcaja_ahorro_rank	0.000780324486200819	0.0013290362250513	0.00191915557154852
ratio_totalcomisiones_antiguedad_delta2	0.000774867416532887	0.00138114240615674	0.00167926112510495
mtarjeta_visa_debitos_automaticos_tend6	0.000769619832688053	0.0045798067822697	0.00239894446443565
rf_007_042	0.000759249302933423	0.00170732223546022	0.00047978889288713
Visa_fechaalta_rank	0.000758760409088069	0.000781670340249896	0.00179920834832674
cproductos_sobre_antiguedad_delta1	0.000757429292951465	0.0012935570337057	0.00251889168765743
mcomisiones_mantenimiento_tend6	0.000742984305607434	0.000359159538528327	0.000839630562552477
mcomisiones_mantenimiento_ratiomax6	0.000740179182404541	0.00114656885532464	0.00119947223221782
total_deuda_acumulada_lag2	0.000737263438063361	0.000909304350656538	0.00119947223221782
rf_044_035	0.000722999966275881	4.65690260967151e-05	0.000119947223221782
Visa_Finiciomora_max6	0.000713487421742533	0.00110009815254117	0.000359841669665347
cliente_vip_lag2	0.000707001354422668	0.00497741591118569	0.000959577785774259
mcomisiones_min6	0.000702999439755211	0.0013438416460606	0.00191915557154852
mrentabilidad_sobre_ctrx_q	0.000700258227726428	0.00132758724990883	0.00263883891087921
mcuenta_corriente_ratioavg6	0.000694634374580745	0.00113335730697206	0.00263883891087921
Master_fechaalta_tend6	0.000691547903200261	0.00146639389364616	0.00155931390188317
cliente_edad_avg6	0.000687586476421985	0.00375994042228207	0.00371836391987526
cplazo_fijo_ratiomax6	0.000685569051833146	0.00508976840875051	0.000959577785774259
mactivos_margen_por_ctrx_q	0.000672756526442869	0.00226292657892881	0.00299868058054456
chomebanking_trx_ratioavg6	0.000668205596451275	0.00417336925480709	0.00311862780376634
ccaja_ahorro_max6	0.000664136136275167	0.00355620934233968	0.000959577785774259
mcomisiones_mantenimiento_min6	0.000661112654884684	0.00165372567992253	0.00155931390188317
rf_037_043	0.000659619908247825	0.000592625658358675	0.000239894446443565
cprestamos_personales_tend6	0.000657893411640642	0.0044102973902457	0.00119947223221782
ratio_total_mcaja_ahorro_ctrx_q_rank	0.000657327501257223	0.0024628282245661	0.00359841669665347
Master_fechaalta_rank	0.000638725369642186	0.00148558763937265	0.00155931390188317
mrentabilidad_annual_sobre_antiguedad_lag2	0.00063806399308797	0.000739396490468357	0.00167926112510495
mcomisiones_max6	0.000634694260085302	0.0014827776625785	0.00287873335732278
Master_fechaalta_max6	0.000632857928884867	0.00127874643778517	0.00287873335732278
total_mcaja_ahorro_lag1	0.000627292472884858	0.00329758797905382	0.00419815281276239
mtransferencias_emitidas_avg6	0.00062474688432709	0.00340940228585144	0.00491783615209308
ccallcenter_trx_tend6	0.000623248811980916	0.00279614425644624	0.00215905001799208
mactivos_margen_ratioavg6	0.000620929492083349	0.00159337586523869	0.00359841669665347
ctrx_quarter_delta1	0.000613083139423288	0.00302138226743186	0.002758786134101
mrentabilidad_annual_sobre_edad_lag2	0.000610780400250193	0.00149360875176846	0.00383831114309704
mcomisiones_por_edad_lag1	0.0006038837802027	0.0028406174434976	0.002758786134101
Master_fechaalta_min6	0.000602770525818954	0.00134204077695496	0.00179920834832674
mcuentas_saldo_min6	0.000597878986881607	0.00228206340063185	0.00191915557154852
mpasivos_margen_min6	0.000596626169602711	0.0017743994347341	0.00239894446443565
mv_fechaalta	0.000591017769795325	0.000856209761507489	0.0020391027947703
ctarjeta_visa_debitos_automaticos_ratioavg6	0.000578719648064598	0.00251940035405708	0.00239894446443565
mrentabilidad_annual_sobre_antiguedad_delta1	0.000576742312517144	0.00247484436842615	0.00347846947343169
cproductos_sobre_antiguedad_delta2	0.00057583442383084	0.00310438266853923	0.00431810003598417
ccallcenter_trx_rank	0.000575451726316718	0.00294853504214422	0.00167926112510495
mv_mfinanciacion_limite_lag2	0.000573083006718121	0.00139250133629145	0.00299868058054456
mtransferencias_emitidas_max6	0.000566496931560983	0.00352859084114197	0.00395825836631882
ctarjeta_debito_trx_ratioavg6	0.0005576198306668	0.0030979709535338	0.00131941945543961
mrentabilidad_annual_sobre_ctrx_q_lag2	0.000555613757753709	0.000963646093410356	0.00287873335732278
cproductos_sobre_ctrx_q_delta2	0.000549889826488831	0.00164967889934606	0.00299868058054456
ccallcenter_trx_ratioavg6	0.000540514658593741	0.003381395666312	0.000959577785774259
mcomisiones_sobre_antiguedad_rank	0.000535456053210224	0.00192692476812387	0.00263883891087921
mrentabilidad_annual_sobre_edad_delta2	0.000533513983069713	0.00111969554134306	0.00263883891087921
mtarjeta_visa_debitos_automaticos_avg6	0.000527478812941764	0.00148082672104739	0.0020391027947703
mcomisiones_mantenimiento_lag1	0.000524573795367574	0.000616771794125679	0.00131941945543961
ctarjeta_visa_trx_tend6	0.000523822904423357	0.00243613603247733	0.00215905001799208
rf_002_045	0.00052351544600054	0.00156413244191693	0.00155931390188317
mcomisiones_sobre_antiguedad	0.000512373083340098	0.00146162262549845	0.00143936667866139
ratio_totalcomisiones_ctrx_rank	0.000511227161691701	0.00245181601348333	0.00227899724121387
ratio_totalcomisiones_ctrx_lag1	0.000506709753137501	0.00234545606311487	0.00239894446443565
ratio_total_mcaja_ahorro_antiguedad_lag1	0.000503882568979055	0.00216968502851091	0.00311862780376634
cliente_edad	0.00050332584451942	0.00219372766605346	0.00299868058054456
ratio_total_mcaja_ahorro_ctrx_q_lag1	0.000502911969402546	0.00289782608706902	0.00335852225020991
mrentabilidad_annual_sobre_antiguedad_delta2	0.000500807477311793	0.00259444174170331	0.00287873335732278
mcomisiones_otras_max6	0.000499981010041662	0.00102313687283116	0.00191915557154852
mrentabilidad_annual_sobre_ctrx_q_delta2	0.00049956482011584	0.00128670027633508	0.00191915557154852
cliente_edad_rank	0.000499339128735024	0.00316830317196701	0.00347846947343169
ctarjeta_visa_debitos_automaticos_tend6	0.000498226942161578	0.00229640825454229	0.00131941945543961
mcomisiones_sobre_antiguedad_lag1	0.000497776962153522	0.00214479370552778	0.00299868058054456
ratio_total_mcaja_ahorro_ctrx_q	0.000495543369919497	0.00225122092974215	0.00311862780376634
ratio_total_mcaja_ahorro_antiguedad_rank	0.000494262106105859	0.00271159655688317	0.00251889168765743
mrentabilidad_annual_sobre_antiguedad	0.00049062091507408	0.00212332817377435	0.002758786134101
mpasivos_margen_sobre_antiguedad_rank	0.000488058035771369	0.000612580116034964	0.00143936667866139
Visa_mpagominimo_rank	0.000481851269969343	0.0026771109484924	0.00215905001799208
Master_mfinanciacion_limite_min6	0.000481266176256273	0.00105093649592168	0.00251889168765743
mv_Fvencimiento_delta2	0.000478567369928374	0.00153512706451143	0.000719683339330694
mcuenta_corriente_avg6	0.000476438052714892	0.000829212249656554	0.00179920834832674
ratio_total_mcaja_ahorro_ctrx_q_delta2	0.000475522361037438	0.00114222710480846	0.00251889168765743
Master_Fvencimiento_tend6	0.000469681150530564	0.00182860145488489	0.00335852225020991
chomebanking_trx_avg6	0.000468272713119678	0.000875600153860461	0.00227899724121387
mtransferencias_emitidas_ratiomax6	0.000465230748271726	0.00229849891867643	0.00215905001799208
cliente_edad_lag2	0.000465188876538252	0.00321607795237871	0.00287873335732278
Master_Fvencimiento_rank	0.000462901343598238	0.00144277042391269	0.00251889168765743
mcuenta_corriente_min6	0.000462777412342408	0.0010891532153043	0.00167926112510495
rf_028_055	0.000461330489878151	0.00292564123489321	0.000839630562552477
chomebanking_trx_delta2	0.000452807987621546	0.0016868451117504	0.00191915557154852
mrentabilidad_annual_min6	0.000445909660342272	0.00130975968074524	0.00227899724121387
mrentabilidad_annual_sobre_ctrx_q	0.000444128971959708	0.00115956305740586	0.0020391027947703
cliente_edad_max6	0.000439937443619635	0.00257444070982601	0.00311862780376634
cliente_edad_lag1	0.000431932208625921	0.00300490017518627	0.00239894446443565
mvr_msaldopesos	0.000431360006976127	0.00221359415023895	0.0020391027947703
mcomisiones_otras_ratioavg6	0.000427986712511704	0.000709573477089607	0.00215905001799208
mcomisiones_ratioavg6	0.000427314405812873	0.000835742987620112	0.00155931390188317
Master_Fvencimiento_max6	0.000426982810632041	0.00172852384674128	0.00239894446443565
cproductos_sobre_edad_rank	0.0004253733324558	0.00278943239658988	0.002758786134101
mvr_mpagominimo_lag2	0.000420774720102925	0.00275443964689925	0.00227899724121387
chomebanking_trx_tend6	0.000419574562737035	0.00102588992560185	0.00131941945543961
cliente_antiguedad_ratioavg6	0.000417300282102649	0.00165031023851528	0.00191915557154852
mrentabilidad_annual_sobre_antiguedad_rank	0.000417231003201248	0.00162276936098592	0.0020391027947703
Visa_mpagospesos_tend6	0.000417003285612612	0.00137205526204897	0.00179920834832674
ccallcenter_trx	0.000412767996172029	0.00244367587812939	0.00143936667866139
Visa_mpagominimo_delta1	0.000412065971513571	0.00113736786316997	0.00155931390188317
mpayroll_sobre_edad_delta2	0.000408531161942339	0.00377361771264474	0.000719683339330694
mcomisiones	0.000402268911185571	0.000532933057400167	0.000959577785774259
mrentabilidad_avg6	0.000398423750586877	0.00122115485078325	0.00263883891087921
tcallcenter_ratioavg6	0.000398176300590559	0.00120618383261481	0.000839630562552477
mcomisiones_ratiomax6	0.000385513375030423	0.000550320759109797	0.00191915557154852
Visa_cconsumos_avg6	0.000385473977927174	0.00221939005080883	0.00239894446443565
cproductos_sobre_ctrx_q	0.000385272111573604	0.00117729747816744	0.00215905001799208
ratio_comisiones	0.000381424120279339	0.000776924946658309	0.00167926112510495
ratio_comisiones_rank	0.0003811942574702	0.00129181826353473	0.00227899724121387
mactivos_margen_avg6	0.000379003442852895	0.00171084635000315	0.00167926112510495
mtransferencias_recibidas_rank	0.000378915489798116	0.0016198972852571	0.00215905001799208
Visa_fultimo_cierre_avg6	0.000372151257815083	0.00105819689636769	0.00251889168765743
mcaja_ahorro_dolares_ratiomax6	0.000371376781521882	0.00205819674112036	0.00167926112510495
mpagomiscuentas_rank	0.000369654650105308	0.00197356624297771	0.00287873335732278
ccomisiones_otras_ratioavg6	0.000362662757271093	0.000508460902226107	0.00143936667866139
Visa_msaldopesos_min6	0.000357836217796541	0.00189489206765286	0.00287873335732278
Master_Fvencimiento_avg6	0.000357718416266978	0.00114333971072143	0.00155931390188317
Visa_mpagospesos_min6	0.000357634631567503	0.00109137325221901	0.00287873335732278
mactivos_margen_ratiomax6	0.000356308395515131	0.00103683486283872	0.00251889168765743
mcaja_ahorro_delta1	0.000352073448991485	0.00182733877654645	0.00263883891087921
chomebanking_trx_ratiomax6	0.000349991325533059	0.000881722073837393	0.00227899724121387
Visa_mpagospesos_avg6	0.000348477357936597	0.00154370189240811	0.002758786134101
cproductos_sobre_edad_lag2	0.000341973168771377	0.00137094783104722	0.00251889168765743
cproductos_sobre_edad	0.000341889515405373	0.0019237059733431	0.00239894446443565
mcomisiones_otras_tend6	0.000337758059416776	0.000765602240902157	0.00143936667866139
mcomisiones_tend6	0.000332225100218742	0.000595875502606784	0.00143936667866139
Visa_Fvencimiento_min6	0.000324240642910007	0.000853373910157228	0.00215905001799208
mtransferencias_recibidas	0.000319487825378198	0.000915353821876347	0.00215905001799208
Visa_mlimitecompra_min6	0.000318400004406472	0.000742511787024666	0.0020391027947703
mrentabilidad_annual_exp	0.000317652098410493	0.00113527202412461	0.00143936667866139
Master_msaldopesos_max6	0.000311893554708968	0.00139289980445563	0.0020391027947703
Visa_mfinanciacion_limite	0.000311391422080701	0.000644923311179366	0.0020391027947703
mcomisiones_sobre_ctrx_q_rank	0.000310600702545728	0.000474006343302679	0.00107952500899604
mrentabilidad_annual_por_antiguedad_rank	0.000309339566764077	0.000671574103978353	0.00179920834832674
mcaja_ahorro_max6	0.00030783842904346	0.00125891100306701	0.00119947223221782
mtransferencias_recibidas_ratioavg6	0.000305780681665174	0.00172104610002389	0.00299868058054456
mv_fechaalta_rank	0.000304895750341501	0.000800589815681565	0.00119947223221782
ratio_total_mcaja_ahorro_ctrx_q_lag2	0.0003032055785105	0.00219466949989606	0.00239894446443565
ccajas_consultas_ratioavg6	0.000299733945142569	0.00215273719425525	0.00107952500899604
chomebanking_trx_delta1	0.000298685871404516	0.00132389236329553	0.00119947223221782
thomebanking_avg6	0.000298545258612566	0.00247452352393032	0.00107952500899604
mrentabilidad_sobre_antiguedad_lag1	0.000297968332294218	0.00151226948163898	0.00263883891087921
Master_fultimo_cierre_avg6	0.000297760705685059	0.00115641153647099	0.00215905001799208
Visa_mpagominimo_avg6	0.000297212018434356	0.00181523465919561	0.00191915557154852
mrentabilidad_annual_por_ctrx_q_delta2	0.000293004072138035	0.000720958281780437	0.00251889168765743
mrentabilidad_sobre_ctrx_q_lag1	0.000292369202382095	0.000885846478082207	0.00215905001799208
mrentabilidad_sobre_antiguedad_rank	0.000290647414531022	0.00116907971914515	0.0020391027947703
mrentabilidad_min6	0.000290540534672253	0.000845818539771496	0.0020391027947703
mv_cconsumos_delta2	0.000290105375092156	0.000841223218605379	0.000719683339330694
mrentabilidad_por_edad_rank	0.000289921499493402	0.000458605807502721	0.00143936667866139
Master_Fvencimiento_ratioavg6	0.000286576227002564	0.000975284468751117	0.00215905001799208
mcuenta_corriente_delta1	0.000282225062632442	0.000674668700889769	0.00119947223221782
mdescubierto_preacordado_delta1	0.000281488610111948	0.00188165464474416	0.000359841669665347
Master_fultimo_cierre_min6	0.000281418492795023	0.000615198621113855	0.00155931390188317
Visa_Fvencimiento_lag1	0.000280962152741497	0.0006221744014426	0.00167926112510495
Visa_msaldopesos_ratioavg6	0.000279322657112319	0.00107055458436847	0.0020391027947703
mcomisiones_por_edad	0.000278466364479221	0.000724228825673438	0.00155931390188317
Master_mpagospesos	0.000277569697914798	0.00161294737948447	0.0020391027947703
mrentabilidad_annual_exp_lag2	0.000277523570077683	0.00053678836626138	0.00179920834832674
rf_038_029	0.000274443310915311	5.87145427373407e-05	0.000119947223221782
mcuentas_saldo_avg6	0.000270736471157498	0.000988656439351619	0.00167926112510495
mrentabilidad_sobre_antiguedad	0.000270545242501406	0.00120671684847079	0.00191915557154852
mrentabilidad_annual_exp_rank	0.000269707975240181	0.000773302508802136	0.00143936667866139
Master_mpagospesos_tend6	0.000268184062075027	0.00206022013140859	0.000839630562552477
Visa_Fvencimiento_ratioavg6	0.000267022774812702	0.000827985795696679	0.00227899724121387
ratio_totalcomisiones_ctrx_delta1	0.000266642995325298	0.00106013231316513	0.0020391027947703
mpayroll_lag2	0.00026276099213549	0.00137035789116779	0.00167926112510495
cextraccion_autoservicio_avg6	0.000262724726210594	0.000887631822454178	0.00167926112510495
mtarjeta_visa_debitos_automaticos_max6	0.000259886875356363	0.00142930530491017	0.00179920834832674
ratio_total_mcaja_ahorro_antiguedad_lag2	0.000259293066804625	0.00121479488489005	0.00251889168765743
Visa_mpagominimo_min6	0.000258730909194908	0.00121757381221686	0.00143936667866139
mcaja_ahorro_delta2	0.000256421812824765	0.000861928038409019	0.00143936667866139
mcuentas_saldo_delta1	0.000255120770941412	0.00151865014717706	0.00119947223221782
Visa_mconsumosdolares_max6	0.000254216711894826	0.000958698878281068	0.00167926112510495
mcomisiones_sobre_edad	0.000253863122564156	0.000568339799988646	0.00131941945543961
mv_Fvencimiento_lag2	0.000252283451329023	0.000749580715755426	0.00215905001799208
mcomisiones_por_antiguedad	0.000250978722708678	0.000810748166412518	0.00191915557154852
Visa_mconsumospesos_max6	0.000248979471355365	0.00134967377100904	0.00299868058054456
mrentabilidad_por_edad	0.000247860906484832	0.000758134844007217	0.0020391027947703
Master_Fvencimiento	0.000247655524642072	0.000492946518379241	0.00143936667866139
mactivos_margen_sobre_edad_rank	0.000246757199864922	0.00103109071138107	0.00179920834832674
Visa_cconsumos_tend6	0.000245918354510482	0.00102305407425159	0.00191915557154852
mv_Fvencimiento	0.000241997569018984	0.000303291196963693	0.000959577785774259
Visa_mconsumosdolares_ratiomax6	0.000241267539816664	0.000926629953431491	0.00131941945543961
mactivos_margen_sobre_ctrx_q_rank	0.000239108683983243	0.000777556285827528	0.00167926112510495
mpayroll_max6	0.000237271435207989	0.00129033823892493	0.00107952500899604
Master_mpagominimo_lag2	0.000236589237820137	0.000960774017681533	0.00155931390188317
Visa_mfinanciacion_limite_rank	0.000232715673113097	0.000706002788345665	0.00155931390188317
mrentabilidad_sobre_antiguedad_delta2	0.000231825862249804	0.000843422555875198	0.00167926112510495
Visa_Fvencimiento_max6	0.000231627771146277	0.000917351337608465	0.0020391027947703
mrentabilidad_sobre_antiguedad_lag2	0.000227311408060264	0.000742051219925809	0.00107952500899604
Visa_mpagospesos_ratiomax6	0.000227180782973929	0.0011156953349676	0.00215905001799208
Master_Fvencimiento_min6	0.000225112618442993	0.00074271878347359	0.00179920834832674
mrentabilidad_annual_por_ctrx_q_lag1	0.000225088911616452	0.000521506853419553	0.00107952500899604
cmobile_app_trx_ratioavg6	0.000224784681646143	0.00129589091866732	0.00191915557154852
mpasivos_margen_sobre_antiguedad	0.000219246473548465	0.0013179256906553	0.00155931390188317
mcuenta_corriente_delta2	0.000216294562072667	0.000670771992738772	0.00143936667866139
Master_mlimitecompra_ratioavg6	0.000215999894259448	0.0021207872923638	0.000359841669665347
mpasivos_margen_sobre_antiguedad_lag2	0.000215206279172497	0.000804947090931418	0.0020391027947703
Visa_mpagospesos_ratioavg6	0.00021357508930361	0.0012461858963694	0.0020391027947703
mpasivos_margen_ratiomax6	0.000210261169531663	0.000834061141472603	0.00179920834832674
Visa_fechaalta_max6	0.000209737570935495	0.00128705217029826	0.00131941945543961
mactivos_margen_tend6	0.000206746033998333	0.000887611122809285	0.000839630562552477
mrentabilidad_ratioavg6	0.000205886502358992	0.000777918529613145	0.00179920834832674
mrentabilidad_por_antiguedad_delta1	0.000204625859968684	0.000946817282112821	0.00251889168765743
mcomisiones_por_edad_lag2	0.000204591915875109	0.00104411596292963	0.00143936667866139
mtarjeta_visa_debitos_automaticos_ratioavg6	0.000203755347445901	0.00137933118722865	0.00107952500899604
ctransferencias_emitidas_max6	0.000203585850757014	0.00116177791940935	0.00119947223221782
mactivos_margen_sobre_ctrx_q_lag1	0.000200806579036979	0.000971144539772634	0.00227899724121387
Visa_fechaalta_lag2	0.000200319718728148	0.000946522312173104	0.00119947223221782
ratio_total_mcaja_ahorro_antiguedad_delta1	0.000199703344562319	0.00120433638930816	0.00215905001799208
Master_Fvencimiento_lag2	0.000199612866497458	0.00057691462788533	0.00155931390188317
mcaja_ahorro_dolares_max6	0.000199488637911926	0.00116428257644133	0.00167926112510495
rf_039_027	0.000199349311780585	0.0021691675373886	0.000359841669665347
Master_Fvencimiento_lag1	0.000199050614182418	0.000706214959705813	0.00155931390188317
cpayroll_trx_min6	0.000197159989237895	0.000610034059713197	0.000239894446443565
mactivos_margen_por_antiguedad_rank	0.000189933947785628	0.000850921002237477	0.00227899724121387
mrentabilidad_annual_sobre_ctrx_q_lag1	0.000189749137373249	0.000691549261299535	0.0020391027947703
mpasivos_margen_sobre_antiguedad_lag1	0.000185631846834105	0.000569467930635283	0.00119947223221782
Visa_Fvencimiento_lag2	0.000185149671427107	0.000672805732849452	0.00119947223221782
chomebanking_trx_max6	0.000185039552971219	0.00083405596656138	0.00167926112510495
mcuenta_debitos_automaticos	0.000184390221096342	0.00103297437906628	0.00143936667866139
rf_042_023	0.000183494105587016	0.00147122726072854	0.000239894446443565
mcuenta_debitos_automaticos_rank	0.000180994711231236	0.00105826417021359	0.00131941945543961
mcuenta_corriente_ratiomax6	0.000179655986252304	0.000623928696347232	0.00155931390188317
rf_028_058	0.000178141277939059	0.000734107731198344	0.000239894446443565
Visa_fechaalta_ratioavg6	0.000176889082089375	0.000645233805852752	0.00179920834832674
ctarjeta_visa_debitos_automaticos_avg6	0.000173774847112688	0.00125844008614571	0.00191915557154852
Visa_cconsumos_max6	0.000171362657924222	0.00082147058246679	0.00215905001799208
ctarjeta_master_trx_ratioavg6	0.000170890206920911	0.000892599737228358	0.000839630562552477
mcomisiones_sobre_antiguedad_lag2	0.000168766418730299	0.000762647366593764	0.00119947223221782
rf_004_048	0.000167601722037441	0.000475481193001264	0.000719683339330694
mrentabilidad_annual_sobre_edad_lag1	0.000163682090753308	0.000819649013716257	0.00167926112510495
Visa_mconsumospesos_ratiomax6	0.000162067133279241	0.000698597490385403	0.00107952500899604
mcuenta_corriente_lag2	0.00016199410055973	0.000596765587337158	0.000959577785774259
mrentabilidad_max6	0.000152051650852282	0.000754569330174499	0.00131941945543961
ctarjeta_visa_trx_avg6	0.000150544685494673	0.000623421555047368	0.00143936667866139
mrentabilidad_ratiomax6	0.00014563239072918	0.0010581761967228	0.00119947223221782
rf_038_043	0.000145547537463536	0.00177600883212448	0.000839630562552477
Visa_mconsumospesos_ratioavg6	0.000144509410651512	0.000628451568756225	0.00131941945543961
ccajas_consultas_avg6	0.000143647978624425	0.000646962226201269	0.000599736116108912
ctarjeta_debito_max6	0.00014341596813309	0.000411845309690751	0.000599736116108912
mtransferencias_emitidas_tend6	0.000132248143391791	0.00114383132728762	0.00143936667866139
mcuenta_corriente_max6	0.000129976246916617	0.000467537704273799	0.000599736116108912
Visa_cconsumos_min6	0.000128010129899177	0.000676272923368931	0.00131941945543961
mpasivos_margen_max6	0.000127925187523847	0.00036344953993228	0.000959577785774259
Master_fechaalta_ratioavg6	0.000125263379560573	0.000780702631851175	0.00119947223221782
cmobile_app_trx_ratiomax6	0.000124863804924182	0.000709770123716085	0.00143936667866139
mrentabilidad_annual_por_antiguedad	0.00012252518152713	0.00027174493814765	0.000719683339330694
mcaja_ahorro_tend6	0.000122359155299028	0.00037836880898849	0.000719683339330694
mpagomiscuentas	0.000121965921814893	0.001097148453144	0.000839630562552477
ctransferencias_emitidas_tend6	0.000118043017061126	0.000615814435549405	0.000599736116108912
rf_004_030	0.000116892802755716	9.94152195070555e-05	0.000119947223221782
ctarjeta_visa_trx_max6	0.000115709681915948	0.000417832681975883	0.00131941945543961
mcomisiones_sobre_ctrx_q_delta2	0.000115121722497209	0.000259589071684578	0.000719683339330694
ccallcenter_trx_avg6	0.000114452886521101	0.00100410354935259	0.00143936667866139
Visa_mconsumospesos_tend6	0.000109643741260534	0.000181292664879011	0.000599736116108912
Master_mpagospesos_rank	0.00010730036890017	0.000979729717491764	0.000719683339330694
rf_028_056	0.000106937416989147	0.000605868256178598	0.000359841669665347
mactivos_margen_sobre_antiguedad_rank	0.000105161684776676	0.000476738696428478	0.000839630562552477
Visa_mpagado_max6	0.000103974535494337	0.000875206860607505	0.00107952500899604
mrentabilidad_exp_lag2	0.000103321321914508	0.000351454095717124	0.00131941945543961
chomebanking_trx_lag1	0.000103037466965161	0.000399849865475595	0.00119947223221782
cmobile_app_trx_max6	0.000101905488101796	0.000849730772656162	0.00131941945543961
chomebanking_trx_min6	0.000100600270385916	0.000507405220336594	0.00143936667866139
Visa_fultimo_cierre_ratioavg6	0.000100235660383153	0.000859718351316754	0.000959577785774259
ratio_total_mcaja_ahorro_antiguedad_delta2	9.79358242582299e-05	0.000290343569083487	0.000839630562552477
numero_de_cliente	9.78885162456761e-05	0.000815938602369292	0.00107952500899604
ccomisiones_otras_ratiomax6	9.76279591049992e-05	0.000455707857217783	0.000959577785774259
mactivos_margen_sobre_ctrx_q_delta2	9.7105559244831e-05	0.000466844266169903	0.00119947223221782
mvr_Visa_mlimitecompra	9.71035250396899e-05	0.000390980067639195	0.000959577785774259
Visa_mpagospesos_lag2	9.51252028044349e-05	0.000530418050545738	0.00167926112510495
Visa_fechaalta	9.18887605738029e-05	0.000770145812956042	0.00155931390188317
mcomisiones_por_ctrx_q_lag1	9.13581162827734e-05	0.000761550285414466	0.00107952500899604
ccomisiones_otras_tend6	8.83207399060114e-05	0.000193722801636907	0.000719683339330694
mvr_Visa_mlimitecompra_rank	8.46263522324259e-05	0.000349767074658392	0.000959577785774259
Visa_mpagospesos_max6	8.44922364551358e-05	0.000619861216125872	0.00131941945543961
mrentabilidad_por_antiguedad_rank	8.05283015121977e-05	0.000277287268067594	0.000839630562552477
mrentabilidad_sobre_ctrx_q_lag2	8.03582334165445e-05	0.000381660052526384	0.000959577785774259
ccomisiones_otras_avg6	7.89423009554324e-05	0.000319281672643085	0.000839630562552477
mcomisiones_sobre_ctrx_q_delta1	7.86776579621978e-05	0.000746263597661416	0.00155931390188317
ratio_deuda_acumulada_cproductos_sobre_ctrx_q_rank	7.8000049313405e-05	0.000250160383436082	0.000599736116108912
mtransferencias_recibidas_max6	7.46600898466306e-05	0.000318676208029982	0.000839630562552477
rf_034_040	7.31301678983793e-05	0.000708983537210173	0.000239894446443565
mextraccion_autoservicio_min6	6.84725275655068e-05	0.00037475154604354	0.00047978889288713
ccajas_trx_ratioavg6	6.82017593682683e-05	0.000609112925515485	0.000719683339330694
Visa_mpagado_ratioavg6	6.6986227474465e-05	0.000252137199523308	0.00047978889288713
rf_027_034	6.6437934671377e-05	0.000671206685281512	0.000119947223221782
mcomisiones_por_ctrx_q_delta1	6.60495017792705e-05	0.000185091049716769	0.00047978889288713
mrentabilidad_sobre_ctrx_q_delta2	6.59210618108521e-05	0.000459790862172812	0.000839630562552477
mv_Finiciomora_lag1	6.35796753084085e-05	0.00071907978900645	0.000119947223221782
mforex_sell_max6	6.14303967400753e-05	0.000363263243128248	0.00047978889288713
mpasivos_margen_tend6	6.03944904573214e-05	0.000385427387896804	0.00107952500899604
rf_033_034	5.41996748267201e-05	5.28151439430019e-05	0.000119947223221782
mcaja_ahorro_dolares_tend6	5.03345990578413e-05	0.000482136128834176	0.000839630562552477
ccajas_consultas_tend6	4.97029959079385e-05	0.00091385827253287	0.000359841669665347
mrentabilidad_tend6	4.88539882612795e-05	0.000322453893222848	0.000719683339330694
rf_044_043	4.77295002827055e-05	0.000285370479398083	0.000239894446443565
rf_019_027	4.13497632012702e-05	0.000346853599639785	0.000119947223221782
cmobile_app_trx_tend6	4.12370157381523e-05	0.000186270929475637	0.00047978889288713
Visa_mconsumosdolares_min6	3.87963611359736e-05	0.000309009473865224	0.000719683339330694
matm_tend6	3.56013088187578e-05	0.000128700042118602	0.000239894446443565
rf_030_041	3.53319883371766e-05	0.000137507741020326	0.000119947223221782
rf_010_034	3.32845578564312e-05	3.85634384345728e-05	0.000119947223221782
mv_Fvencimiento_lag1	2.8364195019962e-05	0.00024057127293967	0.000359841669665347
rf_023_045	2.72462697857525e-05	8.17325478577084e-05	0.000239894446443565
ctotal_comisiones_rank	2.4666924645017e-05	0.0001282291251973	0.000359841669665347
ccajas_trx_tend6	2.42713549162263e-05	0.000283569610292443	0.000239894446443565
Visa_Fvencimiento_rank	2.26926990684696e-05	0.000163092502107353	0.00047978889288713
mpayroll_sobre_edad_lag1	2.00743752816004e-05	0.000341647638949342	0.000719683339330694
rf_035_045	1.93634534464247e-05	0.000151686997771631	0.000119947223221782
matm_other_max6	1.89167723368639e-05	0.000174891299696031	0.00047978889288713
rf_041_035	1.74668846384842e-05	9.08041672318101e-05	0.000119947223221782
rf_028_033	1.72972709574384e-05	7.76029687016712e-05	0.000119947223221782
ctrx_quarter_min6	1.678603456076e-05	6.71651727646699e-05	0.000239894446443565
rf_003_034	1.33083656961712e-05	0.000112932087621804	0.000119947223221782
rf_032_052	6.56808298197646e-06	4.42196164014257e-05	0.000119947223221782
rf_016_033	2.76364140725162e-06	2.32560510366305e-05	0.000119947223221782
rf_046_038	3.89476235610395e-07	2.63454730368237e-05	0.000119947223221782
