Feature	Gain	Cover	Frequency
ctrx_quarter_normalizado	0.0818953279104261	0.00417452114200442	0.00218435998252512
ctrx_quarter	0.065711065079987	0.00300950936305799	0.00131061598951507
rf_019_044	0.0537098158679072	0.00481485027961661	0.00109217999126256
rf_012_048	0.0516042080552375	0.00593613966510985	0.00131061598951507
rf_027_044	0.0436236958458926	0.00530053633220233	0.00152905198776758
rf_001_040	0.0411431389115199	0.00890420949766478	0.00196592398427261
rf_024_046	0.0337033308012307	0.0100553640201061	0.00305810397553517
mcuentas_saldo	0.03038229548814	0.00306080417995547	0.0037134119702927
cproductos_ratioavg6	0.0261805129718345	0.00297302531554421	0.00283966797728266
rf_034_041	0.0254587594998684	0.00408211391216075	0.00196592398427261
mcaja_ahorro_rank	0.0226478049876199	0.00247539599215848	0.00152905198776758
mv_status01	0.0201731483267201	0.00141067706416085	0.000873743993010048
rf_014_038	0.019260084723952	0.00100643632328942	0.00109217999126256
rf_008_023	0.0182836958264448	0.00448283987928276	0.00262123197903014
mprestamos_personales_ratioavg6	0.0118149028535429	0.0119603017928116	0.00655307994757536
mtarjeta_visa_consumo	0.0104327051728081	0.00540867304456815	0.00305810397553517
exp_totalcomisiones_lag2	0.0101098865221894	0.0078549903739047	0.0104849279161206
mtarjeta_visa_consumo_ratioavg6	0.00939135824814958	0.00352468471539875	0.00393184796854522
mprestamos_personales_ratiomax6	0.00938779122448846	0.0102396077640559	0.0054608999563128
mpasivos_margen_por_ctrx_q	0.00906010836754109	0.00215780660411928	0.0037134119702927
ratio_totalcomisiones_antiguedad_lag2	0.00851111857251987	0.00467529636189458	0.00742682394058541
mtarjeta_visa_consumo_rank	0.00795104285977415	0.00688562969371064	0.00393184796854522
total_comisiones_lag2	0.00747605181674406	0.00835467984190395	0.00961118392311053
mdescubierto_preacordado_rank	0.00725300557969739	0.00109021321758995	0.00152905198776758
ctrx_quarter_ratioavg6	0.00691088703408071	0.00195873121094173	0.00262123197903014
mdescubierto_preacordado_tend6	0.00656322134395291	0.00180116494774742	0.00131061598951507
mcuentas_saldo_rank	0.00640879981765029	0.00580637143430205	0.00436871996505024
rf_048_043	0.00625935487680168	0.00313911751506136	0.000873743993010048
ctarjeta_visa_trx	0.00616238136260705	0.000907180504595396	0.00218435998252512
rf_031_044	0.00611787098032562	0.00642591816713054	0.00283966797728266
ctarjeta_visa_trx_ratioavg6	0.00590943904113871	0.00400715527199985	0.00393184796854522
mcomisiones_mantenimiento	0.00586563833565663	0.0028409046223061	0.00502402795980778
rf_016_039	0.00582761798563847	0.00161191700117221	0.0017474879860201
ratio_totalcomisiones_antiguedad_rank	0.00567858733885276	0.00752497051870419	0.0104849279161206
Visa_Finiciomora	0.00553167288704774	0.0143119220694064	0.00327653997378768
rf_044_035	0.00544148356416952	0.000474710214560303	0.000436871996505024
mpayroll_sobre_edad_rank	0.00539606990168672	0.00209955879915117	0.00262123197903014
mpayroll_sobre_edad	0.00529567946749539	0.00596125115756116	0.00458715596330275
rf_047_046	0.00527063219690276	0.0080447951163214	0.00218435998252512
ratio_totalcomisiones_antiguedad	0.00495951546485415	0.00773971275487173	0.00851900393184797
exp_totalcomisiones_lag1	0.00477147811015478	0.00629420115087752	0.0091743119266055
ratio_totalcomisiones_antiguedad_lag1	0.00475607589796626	0.00846480013945509	0.00961118392311053
rf_047_043	0.00456063107234942	0.00690409443580413	0.00240279598077763
log_totalcomisiones	0.00451001663319528	0.00558971521242938	0.0072083879423329
mcuentas_saldo_tend6	0.00445804544926513	0.00136373917472305	0.00327653997378768
rf_027_025	0.00428841370527613	0.000206849655114392	0.000218435998252512
log_totalcomisiones_lag2	0.00423043440006741	0.00579499191929155	0.00633464394932285
cpayroll_trx	0.00417066036902069	0.00663746578715752	0.00283966797728266
ctarjeta_visa_trx_ratiomax6	0.00404082380218197	0.00224257181103847	0.00327653997378768
foto_mes	0.0039614118657978	0.0121932164532559	0.0120139799038882
rf_004_048	0.00390846403035128	0.00722520555754077	0.00262123197903014
rf_035_047	0.00389719448532716	0.012047377702473	0.0037134119702927
mdescubierto_preacordado_delta2	0.00374781596576874	0.00370377809781475	0.00152905198776758
rf_023_032	0.00357994332604651	8.00533221105564e-05	0.000218435998252512
mv_Finiciomora	0.00348765774135503	0.00593613966510985	0.00131061598951507
cproductos_ratiomax6	0.00330930167790355	0.000533104178436809	0.000873743993010048
total_deuda_acumulada	0.00286432740501617	0.00471056937845312	0.00305810397553517
mes	0.00275969889724692	0.00681702548609077	0.00895587592835299
cpayroll_trx_rank	0.00264888895404687	0.00413068042943492	0.00305810397553517
mcomisiones_otras	0.00258630433314068	0.00144299210281146	0.00196592398427261
mcuentas_saldo_ratioavg6	0.00246443176623552	0.00828942336928105	0.00830056793359546
mcomisiones_mantenimiento_avg6	0.00237503010328622	0.00227368277868185	0.00349497597204019
mcomisiones_otras_avg6	0.00234935423638671	0.00593110762269237	0.00611620795107034
mcaja_ahorro_dolares_delta1	0.00232604325835733	0.0123343502791781	0.00567933595456531
mpasivos_margen_sobre_antiguedad	0.00232490917537815	0.00169082889180771	0.00152905198776758
rf_037_050	0.00229921697429219	0.00405318140824721	0.00218435998252512
total_comisiones_lag1	0.00228456170373609	0.00469252223324075	0.00589777195281782
mcomisiones_mantenimiento_rank	0.00217554576283086	0.0038590475781629	0.00589777195281782
exp_totalcomisiones_rank	0.00216650316621078	0.0053462701506329	0.00480559196155526
cpayroll_trx_ratioavg6	0.00216242755633811	0.00864344808519789	0.00327653997378768
exp_totalcomisiones	0.00214541115564153	0.0062232653606714	0.00698995194408038
total_comisiones_rank	0.00213971615859324	0.0038237536817603	0.00480559196155526
mrentabilidad_annual_max6	0.00203356329257151	0.00523763232200974	0.00633464394932285
ctrx_quarter_ratiomax6	0.00200329535977048	0.00157831437213815	0.00327653997378768
ctrx_quarter_delta1	0.00200252973802808	0.00621072353434178	0.00327653997378768
rf_050_029	0.00195912196758498	0.0078280553750725	0.00305810397553517
mtarjeta_visa_debitos_automaticos_tend6	0.00193207090450771	0.00846335943021522	0.00458715596330275
rf_025_033	0.00192077907439717	0.000244029697430041	0.000218435998252512
ccaja_ahorro	0.00191847262335169	0.0110766250326752	0.00349497597204019
mcomisiones_avg6	0.00191495098562691	0.00579346769067547	0.00655307994757536
mv_mpagominimo_delta2	0.00187872971358061	0.00994972592907894	0.00415028396679773
mcuentas_saldo_ratiomax6	0.00186483124324241	0.0052792597711093	0.00851900393184797
mpasivos_margen_por_ctrx_q_rank	0.00186431656398305	0.00185679581226052	0.00218435998252512
cplazo_fijo_ratioavg6	0.00176060466517737	0.00970532039445589	0.00262123197903014
mv_fechaalta_delta2	0.00175027761457452	0.00258106192297768	0.00283966797728266
mv_status07_delta2	0.00174972520605339	0.0020777045623726	0.000873743993010048
log_totalcomisiones_rank	0.00170183302610351	0.00190315602601278	0.00327653997378768
Visa_fechaalta_tend6	0.00169638035451006	0.00780382779601957	0.00698995194408038
rf_044_050	0.00166257320417536	0.00374735433235954	0.00152905198776758
ccomisiones_mantenimiento	0.00163073447578651	0.00042059661871527	0.000655307994757536
rf_040_043	0.0015443566881201	0.00126155321791317	0.00109217999126256
Visa_fechaalta_delta2	0.00152112293624304	0.00608234033318969	0.00262123197903014
ccaja_ahorro_rank	0.00148953645324138	0.00442676357809647	0.00436871996505024
rf_007_042	0.00145182722189899	0.00370470377090123	0.00109217999126256
tcallcenter_tend6	0.00144639393200753	0.00347293054193204	0.00240279598077763
mdescubierto_preacordado	0.00143866215044059	0.00195720698232564	0.00131061598951507
mrentabilidad_annual_ratioavg6	0.00139928393107162	0.00332808010376781	0.00677151594582787
mrentabilidad_annual_sobre_ctrx_q_delta1	0.00139876256074538	0.0024526091223454	0.00436871996505024
total_deuda_acumulada_lag2	0.00139472597071197	0.000632109439002159	0.000655307994757536
total_deuda_acumulada_delta2	0.00136884578436346	0.00447627664830117	0.00152905198776758
mcuenta_corriente_tend6	0.00134981573961283	0.00169514405957927	0.00262123197903014
mrentabilidad_annual_avg6	0.00133831275842326	0.00372730968206582	0.0054608999563128
mcuentas_saldo_delta2	0.00133821497553974	0.00453599300230122	0.00567933595456531
mpayroll_ratiomax6	0.00132418217458019	0.00559709971727717	0.00327653997378768
Visa_mpagominimo	0.00129086131485902	0.00703597153086159	0.00349497597204019
ratio_total_mcaja_ahorro_ctrx_q_lag2	0.0012885489322513	0.005431376395005	0.00742682394058541
mpayroll_ratioavg6	0.00125839055664182	0.0036043274005762	0.00218435998252512
total_comisiones	0.00123482671283411	0.00282564841624921	0.00415028396679773
rf_009_029	0.00123389264624479	0.00882721159273441	0.00218435998252512
rf_030_041	0.00117897550805331	0.00146633576846603	0.000436871996505024
rf_047_044	0.0011762249394029	0.00137393549857038	0.000873743993010048
cliente_vip_lag2	0.00116883174262235	0.00757045377900609	0.00218435998252512
mcomisiones_mantenimiento_max6	0.00115502192717029	0.00316519644028726	0.00327653997378768
mcomisiones_sobre_antiguedad	0.00114861611184182	0.00204763062698399	0.00305810397553517
mvr_msaldopesos	0.00112098589144252	0.000969075322325285	0.0017474879860201
thomebanking_ratioavg6	0.0011185716786719	0.00290584789726816	0.00283966797728266
total_mcaja_ahorro_rank	0.00111410217386884	0.00361485780192843	0.0054608999563128
ratio_total_mcaja_ahorro_ctrx_q	0.00110649183862291	0.00328089165620134	0.00611620795107034
Master_fechaalta_rank	0.00109905544124792	0.00313070989785483	0.00240279598077763
rf_023_046	0.0010961011824341	0.00286651723101475	0.00131061598951507
mcomisiones_mantenimiento_ratioavg6	0.0010901078737565	0.000956157658802663	0.00218435998252512
ratio_totalcomisiones_ctrx_rank	0.00106574641634684	0.00668457071534777	0.00458715596330275
ratio_totalcomisiones_ctrx_lag2	0.00103485707131005	0.00149785041309449	0.0037134119702927
ctarjeta_visa_trx_tend6	0.00103199662087808	0.00329190925391487	0.00262123197903014
rf_024_044	0.000997846785253421	0.000217853332931884	0.000436871996505024
Master_fechaalta	0.000982048291728524	0.00157899644704398	0.00240279598077763
ratio_deuda_acumulada_antiguedad_rank	0.0009778839102103	0.00173696638722336	0.00283966797728266
mrentabilidad_annual_tend6	0.000966443235158592	0.00323256177715981	0.00480559196155526
total_mcaja_ahorro	0.00095977440828934	0.00390526163300676	0.00524246395806029
mprestamos_personales_tend6	0.000947539229573366	0.0053873129640989	0.00240279598077763
mcomisiones_mantenimiento_tend6	0.000922383350939324	0.000837803742745455	0.0017474879860201
Master_status_rank	0.000919575861151816	0.00037189090248073	0.000873743993010048
ratio_total_mcaja_ahorro_ctrx_q_rank	0.000911768399972194	0.00341824623034947	0.0054608999563128
ctarjeta_visa_trx_rank	0.000899148782391787	0.00133079078080274	0.00349497597204019
mactivos_margen_sobre_edad	0.000898317205125387	0.00233081003201896	0.00283966797728266
Master_status	0.000895452598914914	0.0012177960247199	0.000873743993010048
mcomisiones	0.000871875498082721	0.00072879007692928	0.00131061598951507
rf_050_022	0.000869138782681078	0.000235886558248216	0.000436871996505024
mcomisiones_mantenimiento_ratiomax6	0.000859416077113744	0.000543377061712342	0.000873743993010048
ratio_total_mcaja_ahorro_ctrx_q_lag1	0.000859223660885808	0.00554815040286198	0.0072083879423329
mv_status07_rank	0.000858547042118917	9.49545708184942e-05	0.000218435998252512
cliente_edad_min6	0.000845565656070369	0.00587281109808812	0.00502402795980778
total_mcaja_ahorro_lag2	0.000843569552228312	0.00525446843626686	0.00742682394058541
mcomisiones_tend6	0.000843216630499536	0.000920933361880256	0.00240279598077763
mv_status04_rank	0.000829938485127169	0.000803658237765939	0.00109217999126256
chomebanking_trx_ratioavg6	0.000829263976849685	0.00549798309754352	0.00436871996505024
ccaja_ahorro_max6	0.000827920838763537	0.00628241795888194	0.00196592398427261
mpayroll_rank	0.00082311282726765	0.0038657291282608	0.00305810397553517
log_totalcomisiones_lag1	0.000813078398999243	0.00282016397721051	0.00415028396679773
mcomisiones_otras_rank	0.000801815465676531	0.00121786562420008	0.00152905198776758
mcomisiones_min6	0.000793158839384	0.00196665163178696	0.00262123197903014
mcuenta_corriente_rank	0.000793034795034309	0.00123498013637795	0.0017474879860201
ctrx_quarter_delta2	0.000781375059882878	0.000784539260558697	0.0017474879860201
mrentabilidad_annual_ratiomax6	0.000763757307880312	0.00174171307177208	0.00393184796854522
cplazo_fijo_ratiomax6	0.000758260329299894	0.00661188101824095	0.0017474879860201
ctransferencias_emitidas_max6	0.000757418959353384	0.00352389128132462	0.00415028396679773
total_deuda_acumulada_rank	0.000747178955762013	0.00122633588093879	0.00218435998252512
mcuenta_debitos_automaticos_ratiomax6	0.000722841741572717	0.00532098465948113	0.00349497597204019
mpayroll_sobre_edad_delta2	0.000699427617123511	0.00771750356074421	0.00262123197903014
rf_037_043	0.000693715791768339	0.000832931779132397	0.000436871996505024
cliente_antiguedad_ratioavg6	0.00068939711095035	0.00282619825214269	0.00327653997378768
cproductos_sobre_antiguedad_delta2	0.000679734763285197	0.00118665721728444	0.00262123197903014
mrentabilidad_annual_sobre_antiguedad_lag1	0.000677857242375931	0.00112915412675432	0.00262123197903014
mactivos_margen_sobre_ctrx_q	0.000673060797346938	0.000729388632458884	0.00109217999126256
mrentabilidad_annual_sobre_antiguedad	0.000665248216743001	0.00134601218711954	0.00262123197903014
mrentabilidad_annual_sobre_ctrx_q	0.000658354583063379	0.00105572667515753	0.00262123197903014
ctarjeta_visa_debitos_automaticos_tend6	0.000646152739336889	0.00394622092709654	0.00218435998252512
ratio_totalcomisiones_ctrx	0.000644241687308477	0.00332251214535289	0.00305810397553517
rf_044_049	0.000637648832808572	0.000317895625752014	0.000218435998252512
mcaja_ahorro_ratioavg6	0.000632724077400326	0.000979946761130422	0.00240279598077763
mtransferencias_emitidas_ratiomax6	0.000629043741566673	0.0014266640647597	0.00283966797728266
mrentabilidad_annual_sobre_ctrx_q_rank	0.000623889525510289	0.00114698551357811	0.00262123197903014
Master_fechaalta_lag2	0.000621604092211268	0.00442183593489926	0.00262123197903014
thomebanking_avg6	0.000616735873882586	0.00278180074373169	0.00218435998252512
Master_mpagospesos_tend6	0.000612704536464618	0.00490509992557449	0.0017474879860201
mrentabilidad_annual_sobre_antiguedad_delta2	0.000612345153032992	0.00272159719337034	0.00349497597204019
mcomisiones_otras_min6	0.000608762867480202	0.00192662497073168	0.00218435998252512
mtransferencias_emitidas_avg6	0.000600549944563113	0.00474467312374452	0.00567933595456531
rf_038_029	0.000596419484420565	0.000248108226968972	0.000218435998252512
mcomisiones_por_edad_lag1	0.000595993689014758	0.00154137096805513	0.00240279598077763
ratio_deuda_acumulada_cproductos_sobre_ctrx_q	0.000595334540026721	0.0011989902451735	0.000873743993010048
mtransferencias_emitidas_max6	0.000578501461704752	0.00349026081249849	0.00458715596330275
ccallcenter_trx	0.000567439042759831	0.00328881207704657	0.00196592398427261
Master_fechaalta_tend6	0.000563905211076774	0.00224715841678276	0.00283966797728266
Visa_mpagominimo_avg6	0.000551410468582189	0.00266373914549127	0.00327653997378768
Visa_Finiciomora_rank	0.00054009176475399	0.000853331386775072	0.000436871996505024
Master_Fvencimiento_max6	0.000528357151621824	0.00135433628494985	0.00262123197903014
mcomisiones_mantenimiento_lag1	0.000527442372103505	0.00199836811490796	0.00305810397553517
rf_028_055	0.000497253857049202	0.00403584417773274	0.00131061598951507
ratio_total_mcaja_ahorro_antiguedad	0.000494047336666478	0.00356787815280251	0.00305810397553517
mv_cconsumos_delta2	0.000493114341347619	0.00284155885741986	0.00131061598951507
mcuenta_corriente	0.000492148435597163	0.000881115499265538	0.00196592398427261
cproductos_tend6	0.000487581191734065	0.00152495245067913	0.000873743993010048
ratio_totalcomisiones_ctrx_lag1	0.000486924986953643	0.00180390716726677	0.00218435998252512
mcuentas_saldo_min6	0.000484981058433519	0.00128944172962392	0.00196592398427261
ccomisiones_mantenimiento_ratioavg6	0.000482428234844245	0.000332114799554123	0.00109217999126256
mactivos_margen_tend6	0.000480461503964418	0.00164048062784076	0.00305810397553517
ctrx_quarter_tend6	0.000477876091655159	0.00158770334201531	0.0017474879860201
Master_fechaalta_min6	0.00047679592049509	0.00125933995444324	0.00196592398427261
cliente_edad_lag1	0.000473893291819629	0.00279265130269277	0.00240279598077763
ccajas_consultas_ratioavg6	0.000473125464075411	0.00476185027545456	0.00196592398427261
rf_046_040	0.000472378510345017	0.000269391748010015	0.000218435998252512
ctrx_quarter_normalizado_rank	0.000464552525341608	0.00136903569516525	0.00131061598951507
mcomisiones_rank	0.000464443934378262	0.000741408462687099	0.0017474879860201
ccallcenter_trx_ratioavg6	0.000464132687695727	0.00330532107374682	0.00218435998252512
mcaja_ahorro_dolares_ratioavg6	0.00045262492746594	0.00316162598695369	0.00349497597204019
mrentabilidad_annual_exp_rank	0.000432591575588734	0.0012545863099465	0.00262123197903014
mrentabilidad_annual_sobre_antiguedad_lag2	0.000429849343711585	0.00106957697171465	0.00240279598077763
Master_fechaalta_lag1	0.000427597034319291	0.0015385243493155	0.00131061598951507
mactivos_margen_por_ctrx_q	0.000426231310940982	0.000423937393764223	0.00109217999126256
mrentabilidad_sobre_antiguedad_lag2	0.000424566341564339	0.000313302060059702	0.00109217999126256
ctarjeta_master_trx_ratioavg6	0.000422785457740095	0.00210406884546726	0.00109217999126256
mactivos_margen_min6	0.000421364619414196	0.00213426109997218	0.00152905198776758
cproductos_sobre_edad_rank	0.000416152098794061	0.00542199438507586	0.00589777195281782
ctarjeta_visa_debitos_automaticos_ratioavg6	0.00041186724326732	0.00228841698863734	0.00262123197903014
mcuenta_corriente_avg6	0.000408309099404453	0.000415863854062585	0.00109217999126256
Visa_mpagominimo_delta1	0.000406448541608339	0.00133482755065356	0.00109217999126256
mrentabilidad_annual_sobre_antiguedad_rank	0.000406426592121345	0.00166508404408671	0.00240279598077763
mcomisiones_ratiomax6	0.00040364316546813	0.00080230800785032	0.00152905198776758
cproductos_sobre_antiguedad_delta1	0.000403102392391333	0.00128553719878546	0.00305810397553517
mactivos_margen_sobre_antiguedad	0.0004016060757978	0.000480911528244924	0.000873743993010048
Master_Fvencimiento	0.000396279280724916	0.000394684732241821	0.00109217999126256
Visa_mlimitecompra_min6	0.000395082082050375	0.000989384450643717	0.00283966797728266
Visa_mpagospesos_tend6	0.000394096494664612	0.00209169405789009	0.00305810397553517
mrentabilidad_annual_min6	0.000391209618160377	0.000765789160596444	0.00218435998252512
mcomisiones_sobre_antiguedad_rank	0.000390111602781955	0.000517374695914651	0.000873743993010048
mrentabilidad_annual_sobre_ctrx_q_delta2	0.000389608515009281	0.00063081488867069	0.00152905198776758
mcomisiones_por_edad	0.000373367139195654	0.000991959631410618	0.0017474879860201
ctarjeta_debito_trx_ratioavg6	0.00036921386858869	0.00240626282848919	0.00196592398427261
mrentabilidad_annual_sobre_antiguedad_delta1	0.000369195206145278	0.0015862069531913	0.00262123197903014
ratio_deuda_acumulada_antiguedad	0.000368762250269368	0.00120353509122968	0.000655307994757536
tcallcenter_ratioavg6	0.000368562253395964	0.00259677052565578	0.00152905198776758
mrentabilidad_annual_sobre_edad_delta2	0.000367135144118688	0.000769665851642834	0.00218435998252512
rf_006_044	0.000363702872573685	0.000231188593335624	0.000218435998252512
chomebanking_trx_delta2	0.00036362442144997	0.00115313114767859	0.0017474879860201
mcomisiones_sobre_antiguedad_lag1	0.000363397877376639	0.000706789681242315	0.00131061598951507
Master_fechaalta_ratioavg6	0.000362229559226319	0.00140858907975526	0.00196592398427261
cliente_edad_rank	0.000361866866336665	0.00446012260894988	0.00458715596330275
total_mcaja_ahorro_lag1	0.000359767999044336	0.00271795714055658	0.00436871996505024
chomebanking_trx_delta1	0.000359486446601506	0.00226350037473056	0.00152905198776758
Master_Fvencimiento_tend6	0.000353897190966214	0.00189675983378364	0.00218435998252512
mcomisiones_mantenimiento_min6	0.000352864280029237	0.00170392055403079	0.00152905198776758
mcomisiones_sobre_ctrx_q	0.000352367458985626	0.00120170462490077	0.0017474879860201
cliente_edad_avg6	0.000348245923802939	0.00274743252041558	0.00327653997378768
cproductos_sobre_edad	0.000347786638912104	0.0054059308250488	0.00524246395806029
mprestamos_personales_min6	0.000343986291463174	0.000513393605647981	0.000436871996505024
Visa_msaldopesos_min6	0.000332313671591984	0.0023769405674866	0.0037134119702927
Visa_mpagominimo_rank	0.000331740854562291	0.00167483493126084	0.00196592398427261
ratio_total_mcaja_ahorro_antiguedad_rank	0.000325773467536457	0.00243599572642488	0.00393184796854522
mactivos_margen_sobre_antiguedad_rank	0.000318041827205941	0.00106709923022001	0.000655307994757536
Master_mlimitecompra_ratioavg6	0.000317765565788536	0.00402215395998005	0.00109217999126256
cliente_edad_lag2	0.000314743296500259	0.00297931710855307	0.00305810397553517
ccomisiones_mantenimiento_rank	0.000305730861179895	0.0015679231697463	0.00218435998252512
mrentabilidad_sobre_antiguedad_lag1	0.000305299809376207	0.00163048614248598	0.00283966797728266
ccallcenter_trx_tend6	0.000302692167775863	0.00171209153300469	0.00131061598951507
mcuenta_corriente_ratioavg6	0.000302360064354388	0.0013693558527741	0.00283966797728266
Visa_cconsumos_avg6	0.000302322322471299	0.00235750839261852	0.00131061598951507
mactivos_margen_ratioavg6	0.000296833057542522	0.000386973109837153	0.00131061598951507
mrentabilidad_annual_sobre_ctrx_q_lag2	0.000291061659732035	0.00088829120567277	0.00196592398427261
mactivos_margen_sobre_edad_rank	0.00028887590487827	0.00133106221877547	0.00152905198776758
mvr_msaldopesos_rank	0.000286926408869249	0.00167065200250163	0.00152905198776758
mcaja_ahorro_dolares_delta2	0.000281035456953145	0.00192187828618296	0.000873743993010048
rf_045_040	0.000279465580488432	0.00098300913825863	0.000218435998252512
mrentabilidad_annual_por_antiguedad_rank	0.000268393684934349	0.000660227628997521	0.0017474879860201
mcomisiones_por_edad_lag2	0.000262778695115231	0.000876828171286047	0.0017474879860201
mtransferencias_recibidas_ratioavg6	0.000262739235129781	0.00180511819822202	0.00262123197903014
mcaja_ahorro_ratiomax6	0.000259661891323982	0.00187633238634889	0.0017474879860201
mrentabilidad_annual_sobre_edad_lag1	0.000258105212115847	0.00046650443584631	0.00131061598951507
mdescubierto_preacordado_delta1	0.00025732329002747	0.00197871322170328	0.000436871996505024
ratio_deuda_acumulada_cproductos_sobre_ctrx_q_rank	0.000254166274331758	0.00116294467438489	0.00152905198776758
mcomisiones_otras_max6	0.000253936949045866	0.000417311523250465	0.00131061598951507
mpasivos_margen_ratioavg6	0.000253805914190618	0.00058061278361214	0.00152905198776758
ratio_totalcomisiones_ctrx_delta1	0.000249734638711569	0.000961099221895907	0.00196592398427261
mpayroll_max6	0.00024807214915915	0.00271845825681393	0.00196592398427261
rf_034_040	0.000244336915503726	0.0018173120271507	0.000655307994757536
Master_status_max6	0.000243588371608431	0.000179107302312038	0.000218435998252512
mrentabilidad_max6	0.000241917976997254	0.000230965874999027	0.000873743993010048
Visa_mpagospesos_ratioavg6	0.000241491931880502	0.000419364707915968	0.00131061598951507
Visa_Fvencimiento_tend6	0.000233687474272038	0.00106636843567805	0.00152905198776758
mcuenta_debitos_automaticos	0.000229019820350891	0.000824774720054535	0.00152905198776758
mv_Fvencimiento_delta2	0.000226723943662094	0.000498840354340976	0.000436871996505024
cprestamos_personales_tend6	0.000226080859738393	0.00163516322755451	0.000655307994757536
mcuenta_corriente_min6	0.000222448761159859	0.00046717955080412	0.00131061598951507
mcaja_ahorro_max6	0.000222321812821771	0.000997597189305728	0.00196592398427261
mpagomiscuentas_rank	0.000222087246604671	0.00139023569683007	0.0017474879860201
mactivos_margen_por_ctrx_q_rank	0.00022182330393783	0.000552188355903958	0.00109217999126256
mcaja_ahorro_delta1	0.000220214372043843	0.00104659522335705	0.00196592398427261
Visa_mpagominimo_min6	0.0002199992666059	0.00123517501492248	0.0017474879860201
Master_mfinanciacion_limite_min6	0.000218705870212869	0.000472900628075453	0.0017474879860201
mrentabilidad_sobre_ctrx_q	0.000216449692529825	0.000661104582447871	0.00131061598951507
mcuenta_corriente_lag1	0.000215723838778897	0.000401275803015487	0.000655307994757536
mrentabilidad_annual_por_ctrx_q_delta2	0.000214833030390572	0.000388483418557201	0.00109217999126256
Visa_mfinanciacion_limite	0.000214169085341353	0.000840337163824245	0.00218435998252512
Visa_mconsumospesos_max6	0.000209641429313606	0.00110404263430302	0.0017474879860201
Master_fechaalta_max6	0.000208694803909816	0.000463400299029991	0.00131061598951507
rf_042_023	0.000205937068240084	0.000989356610851642	0.000218435998252512
Master_msaldopesos_max6	0.000202809684723053	0.000720716537227641	0.00109217999126256
mcaja_ahorro_delta2	0.000201925491958664	0.000421995568267019	0.00131061598951507
mtarjeta_visa_debitos_automaticos_max6	0.00019712464235081	0.00125188585011526	0.00240279598077763
ccomisiones_otras_ratioavg6	0.000195844513095432	0.000806365657545195	0.00152905198776758
Visa_Fvencimiento_ratioavg6	0.000191519680352373	0.000608619614439203	0.00109217999126256
mrentabilidad_annual_exp	0.000190375717599718	0.00036848052795159	0.000873743993010048
Visa_mpagospesos_avg6	0.000189852662477587	0.000497796362138178	0.00152905198776758
Master_fultimo_cierre_min6	0.000189074643584918	0.00113575215747601	0.00218435998252512
mcaja_ahorro_dolares_tend6	0.000188752744953185	0.00125800364442366	0.00196592398427261
Master_mpagospesos_rank	0.000188483482166573	0.000783091591370817	0.00109217999126256
Visa_mconsumosdolares_max6	0.000186975569599143	0.00112174874206248	0.00218435998252512
rf_020_037	0.000186275599771052	5.85053230448041e-05	0.000218435998252512
rf_019_027	0.00018444988032913	0.00150115638840335	0.000436871996505024
mv_mfinanciacion_limite_lag2	0.000180075670661406	0.000664431437600788	0.00152905198776758
Master_fultimo_cierre_avg6	0.000179841717912998	0.000980809794684735	0.00262123197903014
Visa_msaldopesos_ratioavg6	0.000174026942684679	0.00069451233293741	0.00152905198776758
mtransferencias_recibidas	0.000173946127257111	0.000784288702430025	0.00152905198776758
Master_Fvencimiento_avg6	0.000173125646856936	0.000497824201930253	0.00152905198776758
mcaja_ahorro_avg6	0.000172904794696149	0.000735965783336512	0.00196592398427261
mrentabilidad_sobre_ctrx_q_delta2	0.000172186510154802	0.000339039947832684	0.00109217999126256
mcomisiones_sobre_edad	0.00017147712818535	0.000402974030332038	0.000873743993010048
rf_038_043	0.000171252019337057	0.00211424428947053	0.00131061598951507
rf_044_043	0.00017094594278305	0.00185447118962229	0.000655307994757536
mv_fechaalta_rank	0.000170519866636298	0.000899134804685832	0.00152905198776758
ctarjeta_debito_max6	0.000170279429038242	0.000432811327488007	0.00109217999126256
mv_mpagominimo_delta1	0.000170221814944515	0.00161984438196546	0.00109217999126256
ratio_totalcomisiones_antiguedad_delta2	0.000168526238262863	0.000444817237820185	0.00109217999126256
mv_msaldototal_rank	0.000166133626224459	0.00195507027828392	0.00196592398427261
mcaja_ahorro_dolares_ratiomax6	0.000165169560384871	0.00119461243786976	0.00152905198776758
chomebanking_trx_max6	0.000164287830022562	0.000394782171514083	0.00109217999126256
ratio_comisiones	0.000164181144821276	0.000373039293903808	0.00109217999126256
ccallcenter_trx_rank	0.000164160992587657	0.00183104400459151	0.00109217999126256
mactivos_margen_avg6	0.000163100298979051	0.00129757790885773	0.00196592398427261
chomebanking_trx_avg6	0.000156249756792977	0.000252632193181097	0.000873743993010048
mv_Fvencimiento_lag2	0.000154643446695874	0.000600044958480221	0.00152905198776758
mcomisiones_max6	0.000149237195911794	0.000457261624877538	0.00131061598951507
Visa_cconsumos_tend6	0.000148369111009326	0.00118882176111824	0.00196592398427261
mcuenta_corriente_delta2	0.000147546389024394	0.00058728041381401	0.000873743993010048
mrentabilidad_avg6	0.00014449507117359	0.00054271586665057	0.000873743993010048
cproductos_sobre_ctrx_q_delta2	0.000140676955522393	0.000409864378870505	0.00109217999126256
chomebanking_trx_ratiomax6	0.000140210862548794	0.000601283829227542	0.00152905198776758
mcomisiones_ratioavg6	0.000139400928636095	0.000541261237514671	0.000873743993010048
mtransferencias_recibidas_max6	0.000138318397857886	0.000445401873453752	0.000655307994757536
Master_Fvencimiento_ratioavg6	0.000138228959067345	0.000241976512764538	0.000873743993010048
mrentabilidad_por_edad_rank	0.000137039417658104	0.000631427364096331	0.00152905198776758
mv_Fvencimiento	0.000135263644888063	0.000479401219524876	0.00152905198776758
Visa_Fvencimiento_max6	0.000134287145334635	0.000735840504272176	0.00152905198776758
mtarjeta_visa_debitos_automaticos_avg6	0.000133585950171784	0.000817654693231452	0.00196592398427261
mtarjeta_visa_debitos_automaticos_ratioavg6	0.00013145670704124	0.000817919171256161	0.0017474879860201
mcaja_ahorro_lag2	0.000131330761806381	0.000505619343711145	0.00109217999126256
mrentabilidad_sobre_ctrx_q_lag1	0.000131308580469954	0.000593502607342687	0.00131061598951507
Visa_fechaalta	0.000131081502185384	0.00057637417526878	0.00152905198776758
Visa_fechaalta_max6	0.000130905826480998	0.000503580078941679	0.00152905198776758
mrentabilidad_sobre_antiguedad	0.000130444933242678	0.00168494077578392	0.00218435998252512
mvr_mpagominimo_lag2	0.000128173553626607	0.0013826354335937	0.00152905198776758
mrentabilidad_ratiomax6	0.000127923404479215	0.000748090012785007	0.00131061598951507
Visa_Fvencimiento_lag1	0.000127819741585883	0.00024672319731326	0.000873743993010048
mcuentas_saldo_delta1	0.000126881211965028	0.00147726984680333	0.000873743993010048
rf_033_025	0.000125980809948369	0.000447197540042565	0.000655307994757536
mcomisiones_sobre_antiguedad_lag2	0.000124386775473213	0.000313566538084411	0.00109217999126256
chomebanking_trx_tend6	0.000122677033264022	0.000637983635129903	0.00152905198776758
mrentabilidad_sobre_ctrx_q_lag2	0.000120595526198068	0.000295665551780433	0.000873743993010048
ratio_comisiones_rank	0.000114812211186646	0.000152840458489638	0.000218435998252512
mpasivos_margen_ratiomax6	0.000111405989711565	0.000371292346951126	0.00109217999126256
mpasivos_margen_sobre_antiguedad_lag1	0.000111374736127847	0.000257399757573875	0.000655307994757536
ccomisiones_otras_avg6	0.0001108648225958	0.000909741765466261	0.00196592398427261
Master_mpagospesos	0.00010476148106677	0.000759671366288047	0.000655307994757536
ratio_total_mcaja_ahorro_antiguedad_lag2	0.000103453193925429	0.00106749594725707	0.00131061598951507
cliente_edad	0.000103271214169299	0.000882055092248056	0.00152905198776758
mcomisiones_por_edad_rank	0.000103120625106493	0.000169551293682426	0.000436871996505024
Visa_cconsumos_max6	0.000101845854725044	0.000308562335458999	0.00109217999126256
mcomisiones_sobre_edad_rank	0.000101303107110608	0.000219537640352398	0.000436871996505024
ccajas_consultas_avg6	0.000100112918344129	0.00100729935684373	0.000873743993010048
Visa_mconsumosdolares_ratiomax6	9.94551264807927e-05	0.000450051118730213	0.000873743993010048
mrentabilidad_annual_sobre_edad_lag2	9.91846769893195e-05	0.000743148449691763	0.00131061598951507
Visa_mfinanciacion_limite_rank	9.8118246648246e-05	0.000697164073132517	0.00131061598951507
mpasivos_margen_min6	9.75277527185771e-05	0.00055832703005641	0.00152905198776758
Visa_cconsumos_min6	9.74837442355441e-05	0.000373818808081897	0.00109217999126256
mrentabilidad_annual_exp_lag2	9.69914170783564e-05	0.000357170612421277	0.000655307994757536
cliente_edad_max6	9.61698854406329e-05	0.000823918646448241	0.00109217999126256
Visa_mpagospesos_ratiomax6	9.39378198884618e-05	0.000455215400160054	0.00131061598951507
mrentabilidad_sobre_antiguedad_rank	9.36687713524395e-05	0.000686891189856984	0.00152905198776758
mcuenta_debitos_automaticos_rank	9.32860750926119e-05	0.000357581249354378	0.00109217999126256
mcomisiones_sobre_ctrx_q_rank	9.25600070035374e-05	0.000246757997053353	0.000655307994757536
cextraccion_autoservicio_avg6	9.18203361471385e-05	0.000691081078564213	0.00131061598951507
ratio_totalcomisiones_antiguedad_delta1	9.18135723076745e-05	0.000188071715360064	0.000436871996505024
Master_Fvencimiento_min6	9.06085447572272e-05	0.00023420921077572	0.000655307994757536
mrentabilidad_ratioavg6	8.94808963595825e-05	0.000510769705244949	0.000436871996505024
mcomisiones_otras_tend6	8.6758068949098e-05	0.000185698373085703	0.000655307994757536
mrentabilidad_annual_sobre_ctrx_q_lag1	8.67504245020603e-05	0.000537642064544971	0.00152905198776758
rf_028_056	8.67251320404351e-05	0.000845912082187187	0.000436871996505024
mpagomiscuentas	8.52619875671641e-05	0.00104823081114143	0.000655307994757536
Visa_Fvencimiento_lag2	8.44713189589364e-05	0.000554318099997666	0.00131061598951507
mactivos_margen_sobre_ctrx_q_lag1	8.34876283081664e-05	0.000364937914410095	0.00109217999126256
numero_de_cliente	8.30095159727875e-05	0.000657102612337145	0.0017474879860201
chomebanking_trx_min6	8.28864193339196e-05	0.00027670665337762	0.000873743993010048
ccomisiones_otras_ratiomax6	8.19090071272641e-05	0.000467137791116008	0.000873743993010048
ccomisiones_otras_tend6	7.93157228906007e-05	0.000227562460417906	0.000655307994757536
mtransferencias_recibidas_rank	7.83149455933088e-05	0.000657123492181201	0.000655307994757536
mcaja_ahorro_dolares_max6	7.71283900597892e-05	0.000173128706964014	0.000436871996505024
mv_Finiciomora_lag1	7.43191728889397e-05	0.000848403743577865	0.000218435998252512
cmobile_app_trx_ratiomax6	7.37606956563711e-05	0.000241663315103698	0.000655307994757536
Visa_fultimo_cierre_ratioavg6	7.33246225963584e-05	0.000631608322744816	0.000873743993010048
rf_009_049	7.00211534277132e-05	6.5221672882805e-05	0.000218435998252512
mcomisiones_sobre_ctrx_q_delta2	7.00027065482372e-05	0.000361005543779556	0.00109217999126256
Visa_fechaalta_ratioavg6	6.96272904131323e-05	0.00134377804380555	0.00131061598951507
cproductos_sobre_ctrx_q_rank	6.78699505835833e-05	0.000375349996646001	0.000655307994757536
mactivos_margen_por_antiguedad_rank	6.7562995096194e-05	0.000340097859931519	0.000655307994757536
Master_Fvencimiento_rank	6.63527569292609e-05	0.000181202246665652	0.000655307994757536
mpasivos_margen_max6	6.62077532376237e-05	0.000305158920877877	0.000655307994757536
mvr_Visa_mlimitecompra	6.56669958640732e-05	0.000444559719743495	0.000873743993010048
ratio_total_mcaja_ahorro_ctrx_q_delta2	6.52060566897268e-05	0.000499397150182468	0.00109217999126256
mcaja_ahorro_lag1	6.40605076203355e-05	0.000485964450506466	0.00109217999126256
mcomisiones_otras_ratioavg6	6.3536280804834e-05	0.000268187677002788	0.000655307994757536
mtarjeta_visa_debitos_automaticos_ratiomax6	6.27860404161067e-05	0.00108566141158576	0.0017474879860201
rf_002_045	6.07526180198903e-05	0.000216377823951929	0.000655307994757536
Visa_fechaalta_rank	5.92524995833017e-05	0.000416789527149066	0.000873743993010048
mrentabilidad_annual_por_antiguedad	5.90435146845065e-05	0.000308116898785805	0.000655307994757536
mv_fechaalta	5.60497522295977e-05	0.000316218278279518	0.000655307994757536
mcomisiones_por_ctrx_q_delta1	5.5688558271042e-05	0.0001415583827514	0.000436871996505024
mv_msaldototal_lag2	5.53728423842429e-05	0.000219036524095055	0.000655307994757536
rf_046_038	5.529991226714e-05	0.000370881710018025	0.000655307994757536
ctarjeta_visa_trx_avg6	5.26621396381545e-05	0.000387759583963261	0.00109217999126256
mtransferencias_emitidas_tend6	5.17689463892311e-05	0.000989001653502691	0.00131061598951507
cmobile_app_trx_max6	5.04818693295694e-05	0.000337494839372543	0.000873743993010048
ctotal_comisiones_rank	5.0089206433495e-05	0.000387140148589601	0.000873743993010048
Visa_mpagospesos_min6	4.94033018458034e-05	0.000153362454591037	0.000436871996505024
mactivos_margen_sobre_ctrx_q_rank	4.82288001100084e-05	0.000522511137552418	0.000873743993010048
mcuenta_corriente_lag2	4.81912117833901e-05	0.000234181370983645	0.000436871996505024
mrentabilidad_por_edad	4.66690813121655e-05	0.000111978603672121	0.000436871996505024
mpasivos_margen_sobre_ctrx_q	4.64061142760131e-05	0.000421807649670515	0.00131061598951507
ctarjeta_visa_trx_max6	4.58002758064241e-05	0.000535950797176438	0.00109217999126256
mpasivos_margen_sobre_ctrx_q_rank	4.52655307395287e-05	0.000410852691489154	0.00131061598951507
mvr_Visa_mlimitecompra_rank	4.52562072244175e-05	0.000464270292532322	0.000873743993010048
Visa_mpagado_max6	4.5119582381283e-05	0.000747922974032559	0.000873743993010048
mpasivos_margen_sobre_antiguedad_rank	4.22439786626402e-05	0.000193966791331864	0.000218435998252512
ccajas_trx_ratioavg6	4.16016243992237e-05	0.000649537148840869	0.000873743993010048
chomebanking_trx_lag1	4.14285566427186e-05	0.000285323069024714	0.000655307994757536
cmobile_app_trx_ratioavg6	4.02440490278838e-05	0.000746565784168922	0.00152905198776758
mrentabilidad_por_antiguedad_rank	3.9927828150043e-05	0.00020380815783024	0.000655307994757536
Visa_mpagospesos_max6	3.8946096309521e-05	0.000961781296801735	0.00283966797728266
matm_other_max6	3.79715252593786e-05	0.000368571007275832	0.000873743993010048
mcomisiones_por_ctrx_q_lag1	3.7545709890705e-05	0.000230478678637722	0.000873743993010048
Visa_Fvencimiento_min6	3.62720920320855e-05	0.000185232056568453	0.000436871996505024
mcuenta_corriente_delta1	3.6231214805689e-05	0.000152812618697563	0.000436871996505024
total_deuda_acumulada_lag1	3.46197248000056e-05	8.56073606294421e-05	0.000218435998252512
mrentabilidad_tend6	3.4275002517858e-05	0.000274904026840789	0.000873743993010048
Visa_fechaalta_lag2	3.41760980714643e-05	0.000374828000544602	0.000436871996505024
Master_mfinanciacion_limite_ratioavg6	3.35035122530532e-05	0.000447963134324616	0.000218435998252512
mactivos_margen_sobre_ctrx_q_delta2	3.33637712584417e-05	0.000370074356047861	0.000873743993010048
Visa_fultimo_cierre_avg6	3.31973398772861e-05	5.31113633303474e-05	0.000218435998252512
Visa_mpagospesos_lag1	3.16266542510476e-05	0.000154768364090805	0.000218435998252512
ctarjeta_debito_tend6	3.1201297537989e-05	0.000129455033146961	0.000436871996505024
mcuentas_saldo_avg6	3.03234884080119e-05	0.000198880514633033	0.000436871996505024
Visa_mconsumosdolares_min6	2.94777282331393e-05	0.000317798186479753	0.000873743993010048
mrentabilidad_por_antiguedad_delta1	2.81925542125339e-05	0.000267331603396494	0.000873743993010048
cproductos_sobre_ctrx_q	2.77201160394706e-05	0.000266865286879244	0.000655307994757536
mcaja_ahorro_tend6	2.68268941253921e-05	9.94715770826005e-05	0.000218435998252512
Master_Fvencimiento_lag1	2.56954165960261e-05	0.000433994518651178	0.00109217999126256
mv_msaldototal	2.56470063808358e-05	0.00033761315848886	0.000873743993010048
ccallcenter_trx_avg6	2.44852898529904e-05	0.000698138465855128	0.000873743993010048
mrentabilidad_sobre_antiguedad_delta2	2.39902552605738e-05	0.000282267651844525	0.000655307994757536
Master_mpagominimo_lag2	2.10607050120409e-05	0.000510741865452874	0.00131061598951507
mcomisiones_sobre_ctrx_q_delta1	2.08604090963049e-05	0.00019941643063047	0.000436871996505024
ctarjeta_visa_debitos_automaticos_avg6	2.07661933318843e-05	0.000213566004952393	0.000436871996505024
ratio_total_mcaja_ahorro_antiguedad_delta2	1.95666430316619e-05	0.000881338217602135	0.000873743993010048
mforex_sell_max6	1.95599307454253e-05	0.000591755660390005	0.000436871996505024
Visa_mpagospesos_lag2	1.88551396486554e-05	0.000188795549954004	0.000655307994757536
ctrx_quarter_min6	1.82319199147047e-05	0.000319071856967166	0.000873743993010048
mpasivos_margen_tend6	1.67847496316673e-05	0.000111039010689603	0.000436871996505024
Master_Fvencimiento_lag2	1.62633952056776e-05	0.000285413548348956	0.000655307994757536
mactivos_margen_ratiomax6	1.59516894735237e-05	0.000345053342920801	0.000655307994757536
Visa_mconsumospesos_tend6	1.41882559964661e-05	0.000349946186377915	0.000655307994757536
mrentabilidad_annual_por_ctrx_q_lag1	1.39093970598949e-05	0.000402382434750453	0.000873743993010048
cproductos_sobre_edad_lag2	1.34301496648166e-05	0.000835868877196269	0.00109217999126256
mcuenta_corriente_ratiomax6	1.19166349698007e-05	0.0001076425560565	0.000218435998252512
ratio_total_mcaja_ahorro_antiguedad_delta1	1.1039894168388e-05	0.00016606435972508	0.000436871996505024
Visa_mconsumospesos_ratioavg6	1.07328786697687e-05	0.000163134221609227	0.000436871996505024
rf_032_051	1.06805275475973e-05	0.000331502324128482	0.000218435998252512
mpayroll_lag2	8.50309552954401e-06	0.000652564726228983	0.00152905198776758
mextraccion_autoservicio_min6	7.15691912650093e-06	0.000238155501302297	0.000655307994757536
mv_Fvencimiento_lag1	6.32561825945198e-06	0.000251337642849627	0.000655307994757536
cpayroll_trx_lag1	5.57270438759786e-06	9.39871380439013e-05	0.000218435998252512
rf_033_034	4.23427417579296e-06	5.15662548702062e-05	0.000218435998252512
mpayroll_sobre_edad_lag1	4.06676737346209e-06	0.000270519259589037	0.000655307994757536
ccajas_consultas_tend6	3.50235752717528e-06	0.000346062535383506	0.000436871996505024
ccajas_trx_tend6	2.76309788831643e-06	0.000332949993316362	0.000436871996505024
Visa_Fvencimiento_rank	2.21918740188064e-06	0.000260747492570847	0.000436871996505024
mrentabilidad_min6	1.85447717700315e-06	9.1620755717559e-05	0.000218435998252512
mrentabilidad_exp_lag2	1.64371231376824e-06	0.000170031530095713	0.000218435998252512
Visa_mpagado_ratioavg6	1.51221544073901e-06	7.69561452422554e-05	0.000218435998252512
rf_017_044	1.10265895132044e-06	5.17402535706726e-05	0.000218435998252512
Visa_mconsumospesos_ratiomax6	7.08823569549633e-07	0.00019569285844049	0.000436871996505024
cmobile_app_trx_tend6	6.23546791529652e-07	7.53831969900396e-05	0.000218435998252512
mcomisiones_por_antiguedad	4.71853004833549e-07	0.000154281167729499	0.000436871996505024
rf_016_052	7.73017704277803e-08	0.000119968623997536	0.000436871996505024
rf_028_058	1.60189609498006e-09	8.16193104147535e-05	0.000218435998252512
