Feature	Gain	Cover	Frequency
rf_015_031	0.112740582937457	0.00279716034586681	0.00198181394264397
ctrx_quarter_normalizado	0.0601521938655668	0.00857053179676161	0.00209839123338774
rf_029_050	0.0365774413589355	0.00264464177729737	0.00268127768710655
rf_037_029	0.0359426742803332	0.00113484385609526	0.00151550477966892
rf_008_046	0.0347960462865833	0.0036568365429054	0.00233154581487526
rf_040_043	0.0336253169854144	0.0112958574069171	0.00454651433900676
ctrx_quarter_normalizado_rank	0.0187369327278403	0.00598351485685642	0.00174865936115645
rf_003_050	0.0178833381501042	0.00242814091417063	0.00326416414082537
rf_026_036	0.0132426778246417	0.00774853221641418	0.00338074143156913
cproductos_sobre_ctrx_q	0.011885089902024	0.000942413745275416	0.00116577290743763
rf_026_027	0.011741120280403	0.00194725439772569	0.00198181394264397
rf_012_036	0.0111752644972636	0.00580768057839874	0.00233154581487526
mprestamos_personales_ratioavg6	0.0103159617657436	0.00713563408349063	0.00524597808346934
rf_001_025	0.0102877247541045	0.00168819934388324	0.00116577290743763
ctrx_quarter_rank	0.00971415669345833	0.00347245518426848	0.00139892748892516
mprestamos_personales_ratiomax6	0.00915082589793461	0.00709561683530162	0.00501282350198181
rf_020_030	0.00820922077306267	0.000921257456704546	0.00163208207041268
mpayroll_sobre_edad_delta6	0.00714939682158992	0.00123410173245238	0.000932618325950105
rf_032_036	0.00711483112945431	0.00182013545611999	0.0022149685241315
cpayroll_trx_ratioavg6	0.00686023558607675	0.00495883168964374	0.0031475868500816
rf_014_039	0.00661479909745992	0.00875480744945991	0.0031475868500816
rf_039_033	0.00557760549448886	0.000578800417296844	0.00139892748892516
mpasivos_margen_por_ctrx_q	0.00547142349744035	0.000978731285612991	0.000699463744462579
mpayroll_min6	0.00538071288089087	0.00811466738607108	0.00233154581487526
mtarjeta_visa_consumo	0.00533321504494096	0.0031616646238994	0.00174865936115645
mpayroll	0.00522898918936376	0.00576275555448843	0.0022149685241315
Visa_status_max6	0.00512130161065089	0.00400895812527196	0.00361389601305666
ratio_totalcomisiones_antiguedad	0.00502466184273302	0.00966073754506565	0.0053625553742131
mcaja_ahorro_rank	0.00493413067735201	0.000571325497352104	0.000932618325950105
rf_039_046	0.00489928804861375	0.000657068114415202	0.00104919561669387
ccomisiones_mantenimiento_ratioavg6	0.00488774735303008	0.00381746426705126	0.00419678246677547
cpayroll_trx_ratiomax6	0.00466755142148579	0.00507516862551097	0.00279785497785032
Master_status_max6	0.00461945797410025	0.00185222475891307	0.00256470039636279
mpasivos_margen_por_ctrx_q_rank	0.00437254503979738	0.000470874653973498	0.000932618325950105
cproductos_ratiomax6	0.00435102606953599	0.00278616692825111	0.00256470039636279
mv_status04	0.00419030796204359	0.000248726073555175	0.00163208207041268
ratio_totalcomisiones_antiguedad_lag1	0.00392472686910886	0.00432812965648817	0.00396362788528795
mpayroll_sobre_edad	0.00378639343032646	0.00145111602442381	0.00116577290743763
rf_039_047	0.00366077555912254	0.00623743562225198	0.00233154581487526
mdescubierto_preacordado_delta2	0.00361524583385222	0.0074398859765141	0.00244812310561903
mtarjeta_visa_consumo_rank	0.00339243951247447	0.0015506155143549	0.000699463744462579
ratio_totalcomisiones_antiguedad_lag2	0.00328274579991411	0.00506343526632498	0.00361389601305666
rf_041_040	0.00326384635932684	0.00154801816843471	0.00303100955933784
rf_034_041	0.00322952375207021	0.00249553600046027	0.00128235019818139
rf_035_056	0.00313321085117473	0.00162701070627498	0.00151550477966892
mcomisiones_mantenimiento_ratiomax6	0.00311677937073033	0.00202961442475319	0.00338074143156913
rf_039_035	0.00309405413064071	0.00135966528667564	0.00151550477966892
ratio_deuda_acumulada_cproductos_sobre_ctrx_q_delta6	0.00300667814705219	0.00229297322038201	0.00128235019818139
total_deuda_acumulada	0.00295349553276232	0.00369923972513738	0.00233154581487526
rf_012_039	0.00290585913589247	0.000297320603620172	0.00128235019818139
cproductos_sobre_edad_delta6	0.00288638423961913	0.00601510583165318	0.00419678246677547
cpayroll_trx_rank	0.00286181055585276	0.00200814101836648	0.00116577290743763
mcuentas_saldo_ratioavg6	0.0028291695673232	0.00799946301383185	0.00349731872231289
mdescubierto_preacordado	0.00278000480060589	0.00161126052142172	0.00244812310561903
rf_017_041	0.00269787113741659	0.000426659369936733	0.000699463744462579
ratio_totalcomisiones_antiguedad_lag6	0.00268046257274409	0.00150511665820642	0.00268127768710655
mdescubierto_preacordado_delta6	0.00267936301737326	0.000660435603602428	0.000816041035206342
mpayroll_ratioavg6	0.00254764582658892	0.00193985498202282	0.00128235019818139
mcuentas_saldo_rank	0.00254645202963648	0.00332171851580708	0.00268127768710655
exp_totalcomisiones	0.00246938086972957	0.00885293276218905	0.00373047330380042
ratio_totalcomisiones_antiguedad_rank	0.00245558562253627	0.00786609232099964	0.00349731872231289
mcaja_ahorro_dolares_ratioavg6	0.00240904601399436	0.00562560964956292	0.00408020517603171
rf_033_051	0.00240362811837726	0.00189065641802289	0.00163208207041268
total_comisiones_lag2	0.0023714787043231	0.00372948672442892	0.00291443226859408
exp_totalcomisiones_rank	0.00224984314709324	0.00216526534568975	0.00151550477966892
mcomisiones_mantenimiento_ratioavg6	0.00224962204197746	0.00248694361773592	0.00338074143156913
cproductos_ratioavg6	0.00224016234149434	0.00164158302495513	0.00174865936115645
exp_totalcomisiones_lag2	0.00221519673933273	0.00928758048091521	0.00396362788528795
tcallcenter_ratioavg6	0.00215311475490886	0.00371384224551427	0.00244812310561903
mcaja_ahorro_dolares_ratiomax6	0.00215305868657305	0.0038935423411555	0.00408020517603171
mcaja_ahorro_dolares_delta1	0.00198562670199944	0.00642692106763904	0.00256470039636279
tpaquete9	0.0019559348212385	0.0017996134031808	0.00279785497785032
exp_totalcomisiones_lag6	0.0019462708796965	0.00384994619190203	0.0031475868500816
mtarjeta_visa_debitos_automaticos_tend6	0.00194239370225571	0.0063991506074807	0.00268127768710655
total_comisiones	0.00191807790394538	0.00595518566530827	0.00268127768710655
thomebanking_ratioavg6	0.00186808976045515	0.0050715444219014	0.00268127768710655
total_comisiones_lag1	0.00186524741330183	0.00355377325275823	0.00268127768710655
cproductos_sobre_antiguedad_delta6	0.00178912793316046	0.00726291913442843	0.00303100955933784
mcuentas_saldo_min6	0.00177864935557613	0.0086417322968413	0.0031475868500816
mpayroll_sobre_edad_rank	0.00171470529798195	0.00190910965473496	0.000932618325950105
total_comisiones_lag6	0.00171385607757777	0.00361244004868816	0.00303100955933784
mprestamos_personales	0.00171174738352945	0.00238505819376185	0.00151550477966892
exp_totalcomisiones_lag1	0.001705027450252	0.00527332195786425	0.00268127768710655
rf_013_034	0.00166684681152286	0.000730896162111836	0.00163208207041268
rf_013_025	0.00163898365702028	0.000633163471440407	0.000816041035206342
ccallcenter_trx_ratioavg6	0.00163832841511821	0.0027493057573721	0.00279785497785032
Master_fechaalta_lag6	0.00157723808626404	0.00228324827402966	0.00291443226859408
thomebanking	0.00156028006747544	0.00396456163105471	0.00233154581487526
mcuentas_saldo	0.0015060124358288	0.00183127988221942	0.00116577290743763
mcomisiones_sobre_antiguedad	0.001477441779796	0.00382039383163566	0.00233154581487526
mcomisiones_mantenimiento_delta6	0.00146749523154621	0.00108236840799835	0.00163208207041268
ratio_totalcomisiones_antiguedad_delta1	0.00145703901891095	0.00213924658394271	0.00186523665190021
rf_047_025	0.00144153967835194	0.000251504629655846	0.000932618325950105
cliente_edad_lag2	0.00142713322035297	0.00305964329228998	0.00338074143156913
total_deuda_acumulada_delta6	0.0014250245279369	0.00381874783916298	0.00139892748892516
ccaja_ahorro_max6	0.00140844808929389	0.00247368507286424	0.00186523665190021
mcomisiones_mantenimiento_max6	0.00138902069354912	0.0037898750170734	0.00186523665190021
rf_022_038	0.00138327465093595	0.000440672957227074	0.00128235019818139
ctarjeta_master_trx_ratioavg6	0.00136730219877534	0.00275566321453722	0.00174865936115645
ratio_totalcomisiones_ctrx	0.00135656681034164	0.00620081606494694	0.00291443226859408
cliente_edad_min6	0.00134286744215597	0.00318197526496137	0.0031475868500816
chomebanking_trx_ratioavg6	0.00132728993636727	0.00286171647266229	0.00361389601305666
rf_046_056	0.00132177960083541	0.0012316100924708	0.00233154581487526
Master_mpagospesos_tend6	0.00130880064856985	0.00672801688335252	0.00268127768710655
chomebanking_trx_delta1	0.00130259404479918	0.00443579870538917	0.00349731872231289
mcomisiones_mantenimiento_rank	0.00128635048468658	0.00394562516719471	0.00244812310561903
ratio_deuda_acumulada_antiguedad	0.00127148870347655	0.0046735011596319	0.00163208207041268
mcuentas_saldo_delta6	0.00126932559366237	0.00261803408246377	0.0022149685241315
ctarjeta_visa_debitos_automaticos_ratiomax6	0.00126529688517509	0.000892188323586113	0.00326416414082537
ccajas_consultas_ratioavg6	0.00125320245620914	0.00312853336256858	0.00279785497785032
mtarjeta_visa_debitos_automaticos_ratiomax6	0.00124772747892744	0.00131877218928098	0.00326416414082537
cliente_edad_lag6	0.00123743987547544	0.0019418935965532	0.00244812310561903
ratio_totalcomisiones_ctrx_lag6	0.0012244793732502	0.00244739449584647	0.00198181394264397
cproductos_rank	0.00117911554851731	0.00264870390550976	0.00256470039636279
mpayroll_sobre_edad_lag2	0.00117188737282839	0.000793655287950905	0.00116577290743763
rf_033_045	0.0011425013640289	0.000472611251536417	0.000932618325950105
cproductos_sobre_edad	0.00113364803914183	0.00367553139319144	0.0031475868500816
mrentabilidad_ratiomax6	0.00112372789902816	0.00451252611597346	0.00233154581487526
mcuentas_saldo_ratiomax6	0.00112271835368628	0.00145205227702295	0.00244812310561903
mcuenta_corriente_ratiomax6	0.00111229779685619	0.00204796195552664	0.00338074143156913
ratio_totalcomisiones_ctrx_rank	0.0011115197680397	0.00305615499631577	0.0022149685241315
mautoservicio_ratioavg6	0.00110718768385418	0.00212050643111155	0.0022149685241315
ccajas_consultas_tend6	0.00110417390465156	0.00762733280737078	0.00209839123338774
mplazo_fijo_dolares_rank	0.00109749793147886	0.00760067980999207	0.00163208207041268
cplazo_fijo_ratiomax6	0.00108767470915274	0.00327140248902753	0.00174865936115645
mcomisiones_sobre_antiguedad_lag6	0.0010867066170677	0.00456121125112869	0.00256470039636279
Master_fechaalta_min6	0.00108573309343857	0.00256170791803169	0.00244812310561903
mcuenta_corriente_lag6	0.00108341007476728	0.00547085615543424	0.00268127768710655
cpayroll_trx	0.00107247245844034	0.00220599233375231	0.000466309162975052
mtarjeta_visa_consumo_ratioavg6	0.0010707840614479	0.000525464220842659	0.00128235019818139
mcomisiones_mantenimiento	0.00106079466592545	0.00269100138180313	0.00104919561669387
mtarjeta_visa_debitos_automaticos_ratioavg6	0.00105819762816702	0.00088601207660147	0.00209839123338774
ratio_totalcomisiones_antiguedad_delta2	0.00105231641527598	0.000263570207506043	0.00139892748892516
chomebanking_trx_ratiomax6	0.00105022447818843	0.000934198883760389	0.00303100955933784
cproductos_sobre_edad_lag2	0.00104955460086297	0.00099014752698314	0.00209839123338774
rf_035_050	0.00104801909886961	0.00309041882127459	0.00186523665190021
cliente_edad_rank	0.00104123646903957	0.00106761487913772	0.00209839123338774
mcuenta_debitos_automaticos_ratiomax6	0.00104022060293518	0.00350309480561773	0.00233154581487526
ccomisiones_otras_ratiomax6	0.0010394578211522	0.000618334438337913	0.00303100955933784
mtarjeta_visa_consumo_ratiomax6	0.0010376371418192	0.00145511774924271	0.00244812310561903
mrentabilidad_annual_sobre_ctrx_q_delta6	0.00103098283393979	0.000890632936203672	0.00244812310561903
mrentabilidad_annual_sobre_edad_delta6	0.00100318397925681	0.00120485138915347	0.00186523665190021
mrentabilidad_annual_sobre_antiguedad_lag6	0.000987092631502109	0.002710013349905	0.00233154581487526
mautoservicio_ratiomax6	0.000983249503679384	0.00179757478865041	0.00151550477966892
Visa_mpagado_ratioavg6	0.000982661728637616	0.00302542476987628	0.00303100955933784
mcuenta_corriente_ratioavg6	0.000967437569640114	0.000938729138272353	0.00326416414082537
ctransferencias_recibidas_ratiomax6	0.000964892417687207	0.00153178475643351	0.00279785497785032
mcaja_ahorro_dolares_delta2	0.000964266983840357	0.0012406857023431	0.00139892748892516
Master_fechaalta	0.000956509537270669	0.000766821080391707	0.00198181394264397
mv_status01	0.000952780558951518	0.000567353974229949	0.00104919561669387
ratio_total_mcaja_ahorro_ctrx_q	0.000952524107213989	0.00142739259162949	0.0022149685241315
thomebanking_max6	0.000950902310734893	0.00402852882476364	0.00186523665190021
rf_003_048	0.000949485577373721	0.000516720829634569	0.000932618325950105
Visa_fechaalta_ratioavg6	0.000944787857062331	0.0010297419514177	0.00198181394264397
ccomisiones_mantenimiento_avg6	0.000942900109986809	0.00396382168948443	0.00139892748892516
ctarjeta_visa_debitos_automaticos_ratioavg6	0.00092607295621781	0.00122741205662305	0.00256470039636279
Master_msaldototal_avg6	0.00091682862347918	0.00234807621609586	0.00186523665190021
total_deuda_acumulada_delta2	0.000916795730550883	0.00259346500216055	0.00139892748892516
ctarjeta_visa_debitos_automaticos_tend6	0.000911561072101372	0.00291601912341236	0.00174865936115645
mv_Fvencimiento_lag2	0.000907958610737209	0.00293054613954739	0.00244812310561903
mcomisiones_ratiomax6	0.000900254029997438	0.000542890599865346	0.00244812310561903
mtransferencias_emitidas_ratiomax6	0.000897907716558576	0.000461361119498374	0.00244812310561903
Master_mlimitecompra_ratioavg6	0.000886390083435246	0.00981956826825509	0.00244812310561903
total_deuda_acumulada_rank	0.000884839479207295	0.00197208019245125	0.00139892748892516
mvr_Master_mlimitecompra_lag1	0.000878338110532934	0.000812923970475123	0.00209839123338774
mrentabilidad_annual_por_ctrx_q_delta6	0.00087289382477883	0.00244389109902389	0.00174865936115645
rf_007_023	0.000868429944813715	0.00245822180413007	0.00104919561669387
cpagomiscuentas_ratioavg6	0.000865990550446878	0.00402282070407857	0.00233154581487526
mrentabilidad_annual_sobre_antiguedad_delta6	0.000863622398840091	0.00182788219133545	0.00163208207041268
mpayroll_sobre_edad_lag6	0.000863106272548069	0.000474227042312351	0.00128235019818139
mcomisiones	0.000861774594842907	0.00134021539397094	0.00116577290743763
Visa_mpagospesos_ratiomax6	0.000858942477123411	0.00501177526404022	0.00291443226859408
mcomisiones_otras	0.000857543209755495	0.000630641629762081	0.00116577290743763
ccuenta_debitos_automaticos_ratiomax6	0.000856755795433428	0.00132479742778189	0.00186523665190021
total_comisiones_rank	0.000856491966749803	0.00331992151485067	0.00128235019818139
Visa_mpagominimo_min6	0.000851554001285197	0.000606042347762118	0.00116577290743763
cproductos_sobre_edad_lag6	0.000846231807050592	0.00177511982711945	0.00233154581487526
cproductos_sobre_antiguedad_delta2	0.000845845781305657	0.00258586927542883	0.00233154581487526
Master_Fvencimiento_max6	0.000845114505224238	0.000516433913515478	0.00209839123338774
Visa_fechaalta_rank	0.000842806983012219	0.000372326517489916	0.000582886453718816
Visa_cconsumos_max6	0.000840873170596587	0.00134534968241783	0.00186523665190021
ratio_total_mcaja_ahorro_antiguedad_lag6	0.00084059179405289	0.00205983122234799	0.00244812310561903
ccallcenter_trx_ratiomax6	0.000839417655676048	0.000993786831441084	0.00186523665190021
mcaja_ahorro_ratioavg6	0.00082278613238378	0.0011267044988221	0.00233154581487526
mrentabilidad_sobre_ctrx_q_delta6	0.000820817811744773	0.0013504990717131	0.00291443226859408
mtransferencias_recibidas_delta6	0.000819540798082259	0.000870276992596583	0.00186523665190021
tcallcenter_tend6	0.000817645002160301	0.00327688409698701	0.00151550477966892
mrentabilidad_annual_exp_lag6	0.000817489273885422	0.00141440586202853	0.00151550477966892
ccallcenter_trx_tend6	0.000817249149670453	0.00234108452329906	0.00163208207041268
cpagomiscuentas_ratiomax6	0.000814369369665637	0.00110239213294122	0.00198181394264397
ctarjeta_visa_ratioavg6	0.000811317967419311	0.000111851983900382	0.000582886453718816
Master_mfinanciacion_limite_lag6	0.000806735313848583	0.000624133164113227	0.00209839123338774
mcaja_ahorro	0.00079776426031768	0.000856429514638347	0.000816041035206342
mrentabilidad_annual_sobre_edad_lag6	0.000795412574036101	0.00156553515254764	0.00198181394264397
Master_Fvencimiento_lag2	0.000794863254020138	0.000389767997360976	0.00233154581487526
cproductos_sobre_edad_lag1	0.000773458993491814	0.00163812493067767	0.00186523665190021
mrentabilidad_annual_exp_delta6	0.000773031516977462	0.00469491416262511	0.00163208207041268
mtarjeta_visa_debitos_automaticos_lag6	0.000772234070653558	0.000445520329554875	0.00104919561669387
Visa_msaldototal_ratiomax6	0.000771676850279021	0.000715145977258575	0.00209839123338774
Visa_cconsumos_avg6	0.00077157686678671	0.00154141909769562	0.00209839123338774
mcomisiones_otras_avg6	0.000770747717617559	0.000707248233559385	0.00174865936115645
mcaja_ahorro_ratiomax6	0.000770486354902599	0.00051992220948969	0.00209839123338774
mrentabilidad_annual_por_edad_lag6	0.00076976233553358	0.00133026393489299	0.00209839123338774
mrentabilidad_annual_sobre_ctrx_q_delta1	0.000765785989872694	0.00189644004294983	0.00233154581487526
mplazo_fijo_dolares_delta6	0.000757117187178392	0.00440295436017743	0.00104919561669387
Visa_mpagospesos_lag6	0.000754233149692366	0.00119190996209763	0.00256470039636279
mv_Fvencimiento	0.000753542475917055	0.000736241862435953	0.00198181394264397
mrentabilidad_annual_sobre_antiguedad_lag1	0.00075126060967351	0.000694986344680337	0.00128235019818139
ctarjeta_visa_trx_rank	0.000747069197898998	0.000792885144683871	0.000932618325950105
Visa_cconsumos_delta2	0.000746284647231672	0.00282352642712644	0.00198181394264397
mcomisiones_min6	0.000742509678915573	0.00145913457490999	0.00139892748892516
mcuenta_corriente_min6	0.000737498955644636	0.00102056063560679	0.00186523665190021
Master_mpagospesos	0.000736417405279473	0.00112146450443659	0.00116577290743763
mcomisiones_por_edad	0.000731962893984301	0.000551422579196211	0.00104919561669387
mtarjeta_visa_debitos_automaticos_delta2	0.00073058173758035	0.00127063068466718	0.00163208207041268
Master_Fvencimiento_lag6	0.000730234024578404	0.000526234364109693	0.00174865936115645
Visa_mpagominimo_delta2	0.000728362607293848	0.000589582423035317	0.00209839123338774
ratio_total_mcaja_ahorro_ctrx_q_rank	0.000725927211936967	0.000641619946529406	0.00163208207041268
cproductos_sobre_edad_rank	0.000723961314111735	0.00207026590857388	0.00151550477966892
rf_005_029	0.000718979921580549	0.00301896160677255	0.00209839123338774
mv_fechaalta_lag6	0.000718298054308447	0.00165589862921294	0.00244812310561903
ratio_total_mcaja_ahorro_ctrx_q_lag6	0.000718065395167314	0.00053981002679721	0.0022149685241315
mvr_Visa_mlimitecompra	0.000715915185673389	0.00103875715789651	0.0022149685241315
cproductos_sobre_edad_delta2	0.000712994944432404	0.000839727976337575	0.00128235019818139
ratio_total_mcaja_ahorro_antiguedad_lag1	0.000708637329766062	0.00157121307153597	0.00151550477966892
tpaquete9_ratioavg6	0.000706439909126903	0.000847988140397722	0.00139892748892516
Master_Fvencimiento_min6	0.000705754120435422	0.000465030625653065	0.00198181394264397
mcomisiones_rank	0.00070350871924214	0.00109592896983749	0.000932618325950105
ctarjeta_visa_trx_ratiomax6	0.000699980693971147	0.000626473795611074	0.00151550477966892
mrentabilidad_exp_lag6	0.000699413854230741	0.00042824495901592	0.000816041035206342
Visa_mconsumosdolares_lag6	0.000694261877355334	0.000499551165034227	0.0022149685241315
ccajas_trx_ratioavg6	0.000690383643889343	0.000950069875400635	0.00186523665190021
mcomisiones_por_edad_lag1	0.000689537289797424	0.00420738327289596	0.00198181394264397
mcomisiones_avg6	0.000688475181684518	0.00202108244542233	0.00174865936115645
mcomisiones_otras_max6	0.000688345416083571	0.000976662469385861	0.00128235019818139
mv_fechaalta	0.000686068359234851	0.001621589501709	0.00198181394264397
chomebanking_trx_tend6	0.000685497947441944	0.00166187856516873	0.00186523665190021
mcuenta_debitos_automaticos	0.000685217382842226	0.00226130674134338	0.00128235019818139
mvr_msaldopesos_delta6	0.000682305587185295	0.00411618924957014	0.00174865936115645
rf_028_040	0.000681636278914089	0.00203429568774889	0.00128235019818139
ratio_total_mcaja_ahorro_ctrx_q_delta1	0.000675310381778097	0.00116250861031498	0.00174865936115645
mcomisiones_por_antiguedad_lag1	0.000674786823902552	0.000588948187403643	0.00174865936115645
mcomisiones_sobre_ctrx_q	0.000672726798873465	0.000716912776518241	0.00198181394264397
mcomisiones_mantenimiento_avg6	0.000672169774750303	0.0010891033863728	0.00151550477966892
Visa_mpagospesos_max6	0.000671332076462681	0.0017565457836204	0.00209839123338774
mcomisiones_sobre_edad_lag6	0.000669508925302871	0.00134547048920482	0.00186523665190021
catm_trx_ratiomax6	0.00066558997591718	0.000671142105099036	0.00233154581487526
mcomisiones_mantenimiento_tend6	0.000657267277253297	0.000476718682293931	0.00104919561669387
mcuenta_corriente	0.000656614444259113	0.000517657082233709	0.00163208207041268
mcaja_ahorro_avg6	0.000656460063365198	0.000406227922087777	0.00104919561669387
mpasivos_margen_por_edad	0.000654276717056622	0.000874928053895532	0.000816041035206342
mtransferencias_emitidas_avg6	0.000654007421323468	0.000380616883246809	0.00151550477966892
matm_max6	0.000653745449746992	0.00144980225061534	0.0022149685241315
mrentabilidad_annual_lag6	0.000652969946322017	0.00200743127849294	0.00163208207041268
ratio_total_mcaja_ahorro_ctrx_q_delta6	0.000652188729228358	0.000429573833672763	0.00209839123338774
ratio_comisiones_rank	0.000651445957607058	0.00026769273911193	0.000699463744462579
ratio_total_mcaja_ahorro_antiguedad	0.000650257616124054	0.00140795779977317	0.00139892748892516
chomebanking_trx_lag6	0.000649431164335106	0.000291068852393662	0.00104919561669387
mpayroll_tend6	0.000647887422120504	0.000879307299923763	0.00116577290743763
Visa_cconsumos_lag2	0.000646607953100226	0.00156799659083247	0.00163208207041268
chomebanking_trx_delta2	0.000643763426404653	0.00156470460588711	0.00186523665190021
mcuenta_debitos_automaticos_delta6	0.000643119059845945	0.00132059939193414	0.00128235019818139
mrentabilidad_annual_ratioavg6	0.000642752746617539	0.0021496812701686	0.00151550477966892
mactivos_margen_por_edad_rank	0.000642499457193975	0.000294874266183711	0.000699463744462579
mpayroll_rank	0.000641740876936932	0.000578468198632633	0.000582886453718816
rf_010_045	0.000635439735971326	0.00459102032581741	0.00128235019818139
mactivos_margen_ratioavg6	0.000634782458212253	0.000691935973308949	0.00198181394264397
mtarjeta_visa_debitos_automaticos_delta6	0.000633558073340679	0.00124245250160277	0.00128235019818139
Visa_fechaalta_lag1	0.00063168616614249	0.000437109157010995	0.00151550477966892
cliente_edad_avg6	0.000630081845829796	0.00189222690625371	0.00198181394264397
Visa_mpagominimo	0.000628194441818998	0.000987444475124335	0.00186523665190021
ratio_deuda_acumulada_antiguedad_rank	0.000625591445686824	0.00194245232794301	0.000699463744462579
mrentabilidad_annual_por_edad_delta6	0.000621263127268081	0.00194844736474718	0.00163208207041268
total_mcaja_ahorro_rank	0.000620490021892972	0.00135750586535827	0.00128235019818139
mrentabilidad_annual_por_antiguedad_lag6	0.000615152521060073	0.000546862122987501	0.00151550477966892
ratio_comisiones_lag6	0.000612144074959955	0.00108004287734887	0.00163208207041268
Visa_cconsumos_delta6	0.000610598756312706	0.00104677570838268	0.00139892748892516
ctrx_quarter_delta6	0.000608864455608286	0.00118085614108843	0.00151550477966892
ratio_total_mcaja_ahorro_antiguedad_rank	0.000606191728705266	0.000525887044597109	0.00128235019818139
mtarjeta_master_consumo_ratioavg6	0.000605208051130238	0.000903559262411142	0.00104919561669387
mactivos_margen	0.000604405936362556	0.00120957795469428	0.00116577290743763
rf_027_033	0.000599558045248866	0.000551694394466928	0.000699463744462579
Visa_mconsumosdolares_lag1	0.000599075147551011	0.000258209406333553	0.00139892748892516
ctrx_quarter_ratiomax6	0.000596280439830586	0.000544763105063624	0.00163208207041268
Master_mlimitecompra	0.000594901480158722	0.000318854413400372	0.00163208207041268
mtransferencias_recibidas	0.000593781542511249	0.00100452353463444	0.00128235019818139
ccomisiones_otras_ratioavg6	0.000592616808628866	0.0014877053800321	0.00174865936115645
mpayroll_delta6	0.00059173134428335	0.00152095744814992	0.00151550477966892
mrentabilidad_annual_sobre_ctrx_q_lag2	0.00059125458240069	0.000371495970829389	0.00163208207041268
mv_msaldopesos_delta6	0.000590578268999558	0.00227371963870616	0.000932618325950105
Visa_mpagominimo_max6	0.000589928840473876	0.000625930165069639	0.00139892748892516
cpayroll_trx_avg6	0.000588383979770054	0.00188192812766318	0.000699463744462579
mactivos_margen_sobre_edad	0.000587477527805063	0.00130764286402992	0.000816041035206342
ccaja_ahorro_rank	0.000585869220300274	0.000737374426063944	0.00128235019818139
mactivos_margen_por_ctrx_q_delta6	0.000583580580377584	0.00340173791133673	0.00128235019818139
mcomisiones_sobre_antiguedad_rank	0.000581302188739141	0.00153341564805782	0.000816041035206342
mpayroll_delta2	0.000580802351346232	0.000523878631763472	0.000699463744462579
Visa_mconsumosdolares_ratioavg6	0.000579616303140507	0.000293515189830122	0.00163208207041268
chomebanking_trx_max6	0.000578365033962159	0.00280372921490916	0.00163208207041268
ratio_totalcomisiones_ctrx_lag1	0.000575613380636539	0.0016830348537396	0.00151550477966892
rf_023_031	0.000573180623647967	0.00177336812870815	0.00116577290743763
mrentabilidad_sobre_ctrx_q_delta2	0.000572705300323852	0.000531413955101705	0.00209839123338774
ccuenta_debitos_automaticos_ratioavg6	0.000565528820617162	0.00210015048750446	0.00139892748892516
mrentabilidad_annual_sobre_antiguedad_delta1	0.000565195694511659	0.000402815130355431	0.00128235019818139
mrentabilidad_annual_por_edad	0.00056368127735753	0.000482003979224555	0.00151550477966892
mpayroll_lag2	0.00055772213739567	0.000839290051734752	0.000816041035206342
Visa_status_avg6	0.000557281814130802	0.000124581999078999	0.000233154581487526
cliente_antiguedad_lag6	0.000557240354680204	0.00045776711758555	0.00116577290743763
mrentabilidad_annual_sobre_antiguedad_delta2	0.000556591591883552	0.00300520473390455	0.00186523665190021
Visa_mfinanciacion_limite_max6	0.000556193916549602	0.000464471894263256	0.00186523665190021
Master_cconsumos_min6	0.000553399202055796	0.00208408318483537	0.00151550477966892
cproductos_sobre_ctrx_q_delta6	0.000551724481795232	0.000765597911673477	0.00186523665190021
mrentabilidad_annual_delta6	0.000549839866632879	0.000980362177237298	0.00174865936115645
mcaja_ahorro_max6	0.0005473682604126	0.00259129047999481	0.00128235019818139
ctarjeta_visa_trx_delta6	0.000546036873626793	0.000462614489913351	0.00104919561669387
thomebanking_avg6	0.000546029288258667	0.00167928984334304	0.00128235019818139
mcomisiones_sobre_edad_rank	0.000544147002360067	0.000874022002993139	0.00139892748892516
mrentabilidad_por_edad_lag1	0.000543598681999472	0.000573696330546698	0.00186523665190021
cprestamos_personales_ratioavg6	0.00054007115025057	0.00062043345626179	0.00139892748892516
Master_msaldopesos_ratiomax6	0.000536539637879356	0.00104854250764235	0.00151550477966892
ratio_total_mcaja_ahorro_ctrx_q_lag1	0.000535972961727833	0.000690697703742345	0.00174865936115645
ratio_deuda_acumulada_cproductos_sobre_ctrx_q_delta2	0.000533487669108193	0.00244851195862609	0.00116577290743763
rf_010_041	0.000533003189735217	0.00291543019032581	0.00116577290743763
mcomisiones_otras_lag6	0.000531307901282712	0.0017645492332582	0.00151550477966892
mv_mpagominimo_lag2	0.000528810399492167	0.000437094056162622	0.000932618325950105
Master_fultimo_cierre_min6	0.000528659070488167	0.00120166511014672	0.00163208207041268
mpasivos_margen_por_antiguedad_delta6	0.000528224269817137	0.000324049105240757	0.00139892748892516
total_mcaja_ahorro_lag2	0.00052771282614375	0.000441397797948988	0.00139892748892516
mactivos_margen_sobre_ctrx_q	0.000526376209063127	0.000364126756823262	0.00104919561669387
total_mcaja_ahorro_lag1	0.00052575554488423	0.000438151115548747	0.00128235019818139
total_mcaja_ahorro	0.000525704311045336	0.000685261398327989	0.00151550477966892
mrentabilidad_annual_tend6	0.000523024296759963	0.00145634091796094	0.00151550477966892
mactivos_margen_sobre_ctrx_q_delta6	0.000519289340189725	0.000873387767361464	0.00209839123338774
rf_048_041	0.000518514247964266	0.000160733430084469	0.000932618325950105
mrentabilidad_annual_sobre_ctrx_q_lag6	0.000518307282817559	0.00033981439094239	0.00104919561669387
mtransferencias_emitidas_tend6	0.000518280827860515	0.000806309798887656	0.00163208207041268
Visa_mconsumosdolares_max6	0.000517055897250366	0.000811851810240625	0.00151550477966892
mv_mconsumospesos_delta6	0.000516496921813242	0.000926935375692874	0.00151550477966892
mv_fechaalta_rank	0.000514430793857338	0.000595819073413454	0.00128235019818139
mactivos_margen_por_ctrx_q_rank	0.000512257803881284	0.000525645431023138	0.000699463744462579
mcomisiones_por_antiguedad_rank	0.000512129559296777	7.79354784541473e-05	0.000466309162975052
mcuenta_corriente_rank	0.000511978247732148	0.000995010000159314	0.00139892748892516
mcuenta_debitos_automaticos_ratioavg6	0.000511758881818403	0.000432835616921376	0.00151550477966892
rf_014_038	0.000511528035194776	0.000333109614264684	0.00116577290743763
Master_Fvencimiento_rank	0.000509176176047784	0.000311334190910512	0.00128235019818139
mrentabilidad_sobre_antiguedad_lag2	0.000507724289748531	0.000722787006535421	0.00186523665190021
mcaja_ahorro_delta6	0.000504962883359932	0.000468624627565889	0.00116577290743763
mv_mpagospesos_delta6	0.000504584977309692	0.00230298508285345	0.00139892748892516
mcomisiones_por_edad_lag6	0.000502574030935499	0.000845285088538917	0.00104919561669387
mpayroll_delta1	0.000498280188257525	0.00515861591362134	0.00116577290743763
mrentabilidad	0.000495799609860012	0.001105336798374	0.00139892748892516
mcaja_ahorro_delta1	0.000493642787318173	0.000823917388090822	0.000466309162975052
Master_mpagominimo_ratioavg6	0.000491836206506468	0.000693385654752777	0.00186523665190021
ccomisiones_mantenimiento	0.000491141697945732	0.00398254674146721	0.000699463744462579
ctrx_quarter_delta1	0.000490905594263998	0.00125796107288206	0.00174865936115645
mdescubierto_preacordado_delta1	0.000489968854755861	0.00455058025387395	0.000816041035206342
Visa_cconsumos_ratioavg6	0.000488245069490086	0.000570963076991147	0.00128235019818139
rf_028_041	0.000488012888577767	0.000326797459644682	0.000932618325950105
mcomisiones_sobre_edad	0.000486827858754272	0.00159027034218296	0.00104919561669387
mcaja_ahorro_dolares_rank	0.00048339098259411	0.00228563420807263	0.00128235019818139
cliente_antiguedad_ratioavg6	0.000482114879372424	0.00217083755873947	0.00163208207041268
mcuenta_corriente_lag2	0.000479248277466173	0.00199778183638246	0.00104919561669387
mrentabilidad_annual_por_ctrx_q_delta2	0.000475652071232358	0.000620992187651598	0.00163208207041268
mplazo_fijo_dolares_ratiomax6	0.000475099861986823	0.00124645422642167	0.00104919561669387
mactivos_margen_min6	0.000474136220069086	0.0020694655636101	0.00104919561669387
mcomisiones_lag1	0.000474132017938922	0.000882297267901659	0.00139892748892516
rf_026_029	0.000473754739146246	0.00023783836187809	0.000932618325950105
Visa_mpagominimo_ratioavg6	0.000473382298804558	0.00132765148812443	0.00198181394264397
mcuenta_corriente_lag1	0.000471611876432844	0.000552404134340469	0.00128235019818139
mcuenta_corriente_avg6	0.000470597504806724	0.000687224508616506	0.00151550477966892
ccomisiones_otras_tend6	0.000469166016031709	0.000394026436602222	0.00116577290743763
mtransferencias_emitidas_lag2	0.000467385987780212	0.00197685206053719	0.00139892748892516
Visa_mpagominimo_avg6	0.000466783303355809	0.000348089655850911	0.00116577290743763
Visa_msaldopesos_ratiomax6	0.000466169954258483	0.00131541980094213	0.00186523665190021
mv_mlimitecompra_lag6	0.000464966319797766	0.000185544123961656	0.000932618325950105
mactivos_margen_sobre_antiguedad_delta1	0.00046473994121915	0.000705451232602973	0.00139892748892516
mcomisiones_max6	0.000463549587763503	0.000705315324967614	0.000932618325950105
ccallcenter_trx	0.000463416419210521	0.003595844216326	0.000816041035206342
mrentabilidad_annual_por_edad_delta2	0.000462682361967058	0.000741723470395429	0.00186523665190021
Visa_cconsumos_lag6	0.000461826201830592	0.000248635468464936	0.00163208207041268
mcomisiones_mantenimiento_lag1	0.000461203974174179	0.00153278141242614	0.00116577290743763
mcaja_ahorro_dolares_max6	0.00046035557839634	0.0012126132252173	0.00151550477966892
Master_Fvencimiento_ratioavg6	0.000458436001374456	0.00040459703046347	0.00139892748892516
mrentabilidad_annual_delta1	0.000457905109748061	0.000616295823807529	0.00163208207041268
Master_fechaalta_lag1	0.000457031945312677	0.000635096380032178	0.00139892748892516
rf_037_041	0.000455817070774576	0.00717661778597553	0.00139892748892516
Master_mfinanciacion_limite_lag1	0.000455478959662801	0.000857048649421649	0.00128235019818139
Visa_mpagospesos_tend6	0.00045194949295379	0.000162334120012029	0.000932618325950105
mrentabilidad_sobre_ctrx_q_delta1	0.000451874138190182	0.000773646663856399	0.00163208207041268
mcomisiones_otras_min6	0.000451815145969674	0.000931737445475556	0.000932618325950105
mpasivos_margen_ratioavg6	0.000451084466792784	0.000199421803616638	0.00116577290743763
mactivos_margen_sobre_antiguedad_delta6	0.000450274253238338	0.000535536486707592	0.00151550477966892
mactivos_margen_sobre_edad_lag2	0.0004501085808254	0.000723572250650828	0.000699463744462579
mcuenta_debitos_automaticos_rank	0.000446182723659858	0.00195768908395158	0.000582886453718816
Visa_fechaalta_lag6	0.000445478814776301	0.00062997719243366	0.00174865936115645
mrentabilidad_annual_sobre_ctrx_q_delta2	0.000445247103683512	0.000719041996138864	0.00151550477966892
mcomisiones_por_ctrx_q_delta6	0.000444291795415606	0.00130897173868677	0.000816041035206342
mtransferencias_emitidas_max6	0.000440860343658041	0.000945358410708193	0.00116577290743763
mcuentas_saldo_delta1	0.000439699185604935	0.0015366925321548	0.00128235019818139
Visa_msaldopesos	0.000438203949105025	0.000123464536299382	0.000699463744462579
mpayroll_sobre_edad_delta2	0.000438194475735436	0.00112691591069932	0.000932618325950105
ctarjeta_master_trx_rank	0.000437996978650684	0.000428214757319174	0.000932618325950105
Visa_mlimitecompra_lag6	0.000433172154402174	0.00031785775740774	0.00139892748892516
Master_mpagominimo_lag1	0.000432522715376164	0.000516192299941507	0.00104919561669387
Master_fultimo_cierre_avg6	0.000431719388951318	0.000377068183879104	0.00104919561669387
mcaja_ahorro_dolares_delta6	0.000430930682026957	0.000603596010325658	0.00116577290743763
mpasivos_margen_sobre_ctrx_q	0.00043048315743924	0.000330300856467267	0.00128235019818139
Visa_mfinanciacion_limite	0.000430475597851054	0.000234259460813638	0.000932618325950105
mpasivos_margen_tend6	0.000430377905907086	0.000331463621792004	0.00116577290743763
Visa_mpagospesos_delta6	0.000429640600770343	0.000570283538814352	0.00104919561669387
mcuenta_corriente_tend6	0.000429486210019392	0.000477171707745127	0.00104919561669387
mpasivos_margen_sobre_antiguedad_delta1	0.000428904627470777	0.000656932206779843	0.00151550477966892
mrentabilidad_sobre_ctrx_q_lag6	0.000428722380168121	0.000388680736278105	0.00139892748892516
mforex_sell_avg6	0.000428185823990136	0.000538360345353382	0.00139892748892516
mcomisiones_por_antiguedad_lag6	0.000425153816853717	0.00030248509376381	0.00128235019818139
mrentabilidad_annual_ratiomax6	0.000423218432619999	0.000794576439701671	0.00128235019818139
matm_other_avg6	0.000420113043264473	0.000951942380598913	0.00116577290743763
mrentabilidad_sobre_ctrx_q_rank	0.000417414649398593	0.00177418357452031	0.000816041035206342
mrentabilidad_por_antiguedad_delta1	0.000415985106818168	0.000231752719983685	0.00128235019818139
ratio_totalcomisiones_antiguedad_delta6	0.00041453246603047	0.000824430816935511	0.00128235019818139
mpasivos_margen_sobre_ctrx_q_lag6	0.000412376672932802	0.00333283274020976	0.00139892748892516
mpagomiscuentas_avg6	0.00041194559291365	0.000181889718655339	0.000932618325950105
rf_045_029	0.000410891544112209	0.00046270509500359	0.00151550477966892
cproductos_sobre_antiguedad_lag1	0.000410683992424486	0.000445595833796741	0.00128235019818139
mrentabilidad_annual_sobre_ctrx_q	0.000405692551960414	0.000361317999025844	0.00116577290743763
mcomisiones_sobre_edad_lag2	0.000405088424628638	0.000161141152990546	0.00151550477966892
mactivos_margen_sobre_ctrx_q_delta2	0.000403944345833774	0.000139093914365656	0.00116577290743763
mrentabilidad_annual_max6	0.000403117379204266	0.00166610680271323	0.00104919561669387
rf_022_047	0.00040280981618363	0.000342562745346315	0.000466309162975052
cmobile_app_trx_delta6	0.000402492390440492	0.000603807422202883	0.00104919561669387
rf_015_048	0.000399636079088339	0.000487802704999868	0.000932618325950105
ratio_deuda_acumulada_cproductos_sobre_ctrx_q_lag6	0.000394518661550613	0.000689504736720861	0.00116577290743763
mrentabilidad_annual_sobre_edad_lag1	0.00039376632689861	0.000113482875524688	0.00116577290743763
mpasivos_margen_por_edad_rank	0.000392496420909034	0.000293137668620792	0.000699463744462579
total_mcaja_ahorro_lag6	0.000390721967995994	0.000790000882644587	0.00128235019818139
mv_status07_delta6	0.000388141303484788	5.56768279520328e-05	0.000233154581487526
mrentabilidad_min6	0.000386950707015298	0.00051789869580768	0.000932618325950105
Visa_msaldopesos_ratioavg6	0.000386935508129626	0.000308616038203334	0.00104919561669387
mcaja_ahorro_dolares_lag1	0.000386457586813136	0.000513625155718061	0.00116577290743763
rf_010_038	0.000385838348113255	0.000634749060519595	0.000816041035206342
mcuentas_saldo_delta2	0.000384981912738022	0.00127973649623623	0.00151550477966892
mplazo_fijo_dolares_ratioavg6	0.000384672308552752	0.000563382451107794	0.000582886453718816
mrentabilidad_sobre_ctrx_q	0.000383349613397776	0.000525298111510554	0.00128235019818139
mcuenta_corriente_delta6	0.000382674853806684	0.000280392552593801	0.000932618325950105
mtransferencias_recibidas_tend6	0.000382081670285224	0.000736105954800594	0.00128235019818139
mactivos_margen_sobre_ctrx_q_rank	0.00038185687934097	0.000143473160393888	0.000932618325950105
mvr_mpagominimo_lag2	0.000380580623441856	0.00142095963022251	0.00128235019818139
mpasivos_margen_avg6	0.000380531723445734	0.000509729136837772	0.00104919561669387
Visa_mpagado_max6	0.000379655905347049	0.000787418637572768	0.00139892748892516
ratio_totalcomisiones_ctrx_lag2	0.000379008706786147	0.000635081279183805	0.00139892748892516
Master_mpagospesos_lag1	0.000378185760310758	0.000710359008324267	0.00104919561669387
ratio_totalcomisiones_ctrx_delta6	0.000378061323877092	0.000299948151237111	0.00116577290743763
mpayroll_avg6	0.000376682510040783	0.000599866100777475	0.000699463744462579
mtransferencias_emitidas_delta2	0.000375110113423257	0.00142328516087198	0.00104919561669387
rf_009_022	0.000374933300190675	8.10160515222825e-05	0.000116577290743763
Visa_mpagosdolares_ratioavg6	0.000374049964206647	0.00068926312314689	0.00116577290743763
mvr_msaldototal_lag1	0.000373555978101807	0.000538118731779411	0.000816041035206342
chomebanking_trx_min6	0.000373139830733583	0.000102610264695976	0.000932618325950105
cpayroll_trx_lag1	0.000370979591591506	0.000547058434016352	0.000116577290743763
mcaja_ahorro_tend6	0.000368727842004227	0.000459715127025694	0.00104919561669387
mrentabilidad_sobre_edad	0.00036860700915237	0.000355685382582636	0.000816041035206342
mcaja_ahorro_lag1	0.00036784965544555	0.0014377064710684	0.00128235019818139
ctarjeta_master_trx	0.000367475211417595	0.00308603957524636	0.00151550477966892
rf_009_032	0.000366228863559087	0.000244392130072064	0.00151550477966892
ratio_deuda_acumulada_antiguedad_delta6	0.000365778200637651	0.000394056638298968	0.000349731872231289
rf_004_035	0.000364196748437204	0.000421721392518692	0.00104919561669387
ratio_comisiones	0.000362681984012123	0.000142793622217093	0.00104919561669387
chomebanking_trx_delta6	0.000362521879971605	0.000240601817130387	0.00116577290743763
cmobile_app_trx_lag1	0.000361364585497396	0.000106732796301863	0.00104919561669387
mvr_mpagominimo	0.000360615784403151	0.000305731776164051	0.00104919561669387
mrentabilidad_annual_por_antiguedad_delta6	0.000360045836947888	0.000567958008164878	0.00116577290743763
mrentabilidad_sobre_antiguedad_delta6	0.000359953612531049	0.000221861664299231	0.00104919561669387
Visa_mpagospesos_ratioavg6	0.000357825159389629	0.000363477420343214	0.00151550477966892
mactivos_margen_delta1	0.000357651782093721	0.00132440480572419	0.00128235019818139
ctarjeta_debito_rank	0.000356769755958098	0.000278776761817867	0.00128235019818139
mcomisiones_sobre_ctrx_q_rank	0.000354649329786226	0.000269082017162265	0.000932618325950105
mcomisiones_lag6	0.000353168739301279	0.000409021579036821	0.000932618325950105
mactivos_margen_sobre_antiguedad_rank	0.000352234051193928	0.000419335458475725	0.000582886453718816
mrentabilidad_sobre_antiguedad_lag1	0.00035121192359714	0.00136964694745033	0.000932618325950105
rf_015_036	0.000350846655214523	0.000215730719859707	0.000582886453718816
mpasivos_margen_sobre_edad_lag6	0.000350179730450384	0.000772906722286111	0.00104919561669387
mvr_mpagominimo_lag6	0.000349119178624364	0.00016106564874868	0.00128235019818139
mcaja_ahorro_dolares_lag6	0.000349024080205562	0.000634703757974475	0.000816041035206342
mprestamos_personales_tend6	0.000348933703319471	0.00579502606746198	0.00116577290743763
mactivos_margen_por_edad_delta6	0.000348676698551663	0.000892807458369415	0.000816041035206342
Visa_fechaalta	0.00034766388812836	0.000454656342820668	0.00116577290743763
ctrx_quarter_ratioavg6	0.000345385605296426	0.00055729680921339	0.00139892748892516
mcomisiones_por_edad_rank	0.000345202450577807	0.000550154107932861	0.00104919561669387
mrentabilidad_delta2	0.000344620082025369	0.00168391070294525	0.00139892748892516
mcomisiones_otras_lag1	0.000339444942727196	8.57728187598443e-05	0.00104919561669387
mactivos_margen_tend6	0.000337780456468838	7.10343907475894e-05	0.000582886453718816
mprestamos_personales_max6	0.000337740587318268	0.000203257419103434	0.000466309162975052
mpasivos_margen_sobre_antiguedad_lag6	0.000336379704629907	0.00138246756771919	0.00163208207041268
mpasivos_margen_sobre_antiguedad_lag1	0.000335799790055456	0.000291929600750935	0.00128235019818139
mpasivos_margen_por_antiguedad_delta2	0.000335434732475086	0.000369457356299006	0.00151550477966892
mrentabilidad_tend6	0.000334986106918971	0.00068301137192038	0.00104919561669387
total_deuda_acumulada_lag1	0.000334586126605844	0.000728057202617672	0.000466309162975052
Visa_mfinanciacion_limite_rank	0.00033326698093153	0.000206881622713005	0.00116577290743763
Visa_mconsumospesos_lag2	0.000331197062321911	0.000271165934237768	0.000816041035206342
mv_mfinanciacion_limite_lag6	0.000331144745780345	0.000178129607410409	0.00116577290743763
Visa_mpagominimo_lag2	0.000328966964242347	0.000950583304245324	0.00104919561669387
mvr_msaldopesos2_delta2	0.00032845701571068	0.000665736001381426	0.000816041035206342
rf_005_028	0.000328016298922616	0.00149463666943541	0.00139892748892516
Visa_mconsumospesos_avg6	0.000327899012672503	0.000268085361169633	0.00116577290743763
mrentabilidad_sobre_ctrx_q_lag2	0.000327437617375445	0.000507584816368776	0.00151550477966892
mrentabilidad_annual_exp_delta1	0.000327380080855904	0.000972811753050692	0.00139892748892516
mrentabilidad_annual_exp_lag2	0.000326070853783111	0.00143788768124888	0.00128235019818139
rf_038_045	0.00032484187198088	0.000253664050973216	0.000932618325950105
numero_de_cliente	0.00032425235968173	0.000627349644816721	0.00128235019818139
mvr_mpagominimo_delta2	0.00032380004438508	0.000167362702520309	0.000932618325950105
mcaja_ahorro_delta2	0.000323080114927664	0.000924368231469428	0.000582886453718816
Visa_msaldopesos_lag1	0.000322618102013862	0.000242972650324982	0.000932618325950105
mrentabilidad_annual_exp_delta2	0.000321449357834396	0.000507992539274853	0.00116577290743763
mcuenta_corriente_delta2	0.000320570191755607	0.000245101869945605	0.000816041035206342
ctransferencias_recibidas_avg6	0.000319258441514884	0.000366633497653215	0.000932618325950105
mcomisiones_delta2	0.000319202303987301	0.000164176423513561	0.00104919561669387
mv_mpagominimo_rank	0.000318739594671555	0.000273838784399827	0.000466309162975052
Master_mlimitecompra_rank	0.000317978476417364	0.000190391496289457	0.00104919561669387
cextraccion_autoservicio_ratioavg6	0.000316532030538391	0.000310715056127211	0.000932618325950105
mv_fechaalta_lag1	0.000316439833323179	0.000484978846354078	0.00116577290743763
mrentabilidad_annual_sobre_antiguedad	0.000316418289255081	0.000280166039868203	0.000932618325950105
mrentabilidad_annual_por_ctrx_q_lag6	0.000314385171564111	0.000114555035759186	0.000932618325950105
mvr_msaldopesos2_lag6	0.000313223198978647	0.000731364288411405	0.00116577290743763
mvr_mpagominimo_rank	0.000311898734106637	0.000358781056499145	0.000932618325950105
ccaja_ahorro	0.000311496693673038	0.000615721991569347	0.000349731872231289
cprestamos_personales_avg6	0.000310519394358374	0.00252333666231536	0.000699463744462579
mv_msaldototal_delta2	0.000309098807464899	0.000165595903260643	0.000816041035206342
rf_021_038	0.000308646112482815	0.000279184484723944	0.000699463744462579
Visa_mfinanciacion_limite_lag6	0.000306187412155266	0.000274790137847339	0.000699463744462579
ctarjeta_visa_debitos_automaticos_avg6	0.000305179040430984	0.000443496815872864	0.000699463744462579
mforex_sell_max6	0.000304228261091888	0.000440370940259609	0.000699463744462579
mactivos_margen_rank	0.000304141937722191	0.000250190855847377	0.000582886453718816
Master_mpagominimo	0.000302772348856986	0.000489599705956281	0.00151550477966892
rf_010_048	0.000302539778827789	0.000406847056871079	0.000932618325950105
Master_mpagominimo_max6	0.000301950350173496	0.000447996868688081	0.00104919561669387
mactivos_margen_por_antiguedad	0.000300360651425294	0.00124381157795636	0.000699463744462579
mcuentas_saldo_tend6	0.000298165786980886	0.000485295964169915	0.00104919561669387
ctarjeta_visa_debitos_automaticos_max6	0.000297122933639525	0.0006805197319388	0.000466309162975052
rf_046_051	0.000296980308398092	0.00122067707824859	0.000699463744462579
ratio_total_mcaja_ahorro_antiguedad_delta2	0.000294176806685311	0.000396850295248012	0.000816041035206342
mprestamos_personales_delta6	0.000293325236136337	0.000112607026319042	0.000582886453718816
mtransferencias_recibidas_rank	0.000292789204466389	0.0015521407000406	0.000816041035206342
ratio_total_mcaja_ahorro_antiguedad_delta6	0.000292788436375834	0.000931299520872732	0.00116577290743763
cproductos_sobre_antiguedad_lag2	0.000292123533062258	0.00067971938697502	0.000816041035206342
rf_008_029	0.000291560138261068	0.000250190855847377	0.000816041035206342
thomebanking_rank	0.000291449086621608	0.000813633710348664	0.000816041035206342
Visa_mfinanciacion_limite_lag2	0.000291377604156584	0.000131392481695318	0.000699463744462579
mrentabilidad_annual_sobre_ctrx_q_rank	0.000291366637066962	0.000279124081330451	0.000466309162975052
rf_030_046	0.000290963438810779	8.42627339225231e-06	0.000116577290743763
mrentabilidad_annual_sobre_antiguedad_lag2	0.000289926737965752	0.00221835992856997	0.000816041035206342
Master_msaldopesos_lag2	0.000288508262752627	0.00117371343980791	0.00116577290743763
Master_mlimitecompra_min6	0.000287652795641599	0.000115521490055072	0.000582886453718816
Visa_mconsumosdolares_min6	0.000286730560996664	0.000513957374382272	0.00104919561669387
mactivos_margen_avg6	0.00028498294919071	0.000993333805989887	0.00104919561669387
Master_fechaalta_lag2	0.00028497069476885	0.000220547890490762	0.00128235019818139
mv_mpagospesos_delta2	0.000284356005398815	0.00108123584437035	0.000699463744462579
ccomisiones_mantenimiento_rank	0.000284235056537229	0.000205326235330564	0.000466309162975052
Visa_Fvencimiento_ratiomax6	0.000283042512544945	0.000649336480048117	0.000699463744462579
mactivos_margen_por_edad_delta2	0.00028264997998056	0.000248469359132831	0.000932618325950105
cforex_sell_avg6	0.000282212981190558	0.00106305442292901	0.000816041035206342
mrentabilidad_annual_exp	0.000282156450332299	0.000191977085368645	0.000816041035206342
rf_023_046	0.000279707237780776	0.0010609705058535	0.000582886453718816
mcuenta_corriente_delta1	0.00027914187460537	0.000291914499902562	0.000816041035206342
Master_Fvencimiento_avg6	0.000278337560202248	0.000527472633676296	0.000932618325950105
mrentabilidad_max6	0.000278215907699957	0.00043191446517061	0.000699463744462579
rf_031_043	0.00027773048660095	0.000720219862311975	0.000699463744462579
rf_008_042	0.000277473838202896	0.0005485534180053	0.000582886453718816
rf_037_031	0.000273931538551512	0.000185559224810029	0.00116577290743763
ctransferencias_recibidas	0.000272577900105793	0.00539202972692607	0.000932618325950105
mdescubierto_preacordado_rank	0.000272215176354867	0.000386566617505855	0.000932618325950105
mpasivos_margen_por_antiguedad_delta1	0.000269926421938916	0.000478591187492209	0.000699463744462579
mpayroll_max6	0.000269778524699824	0.0002016416283275	0.000466309162975052
mtransferencias_emitidas_delta1	0.000267955042464457	0.000851612344007292	0.000932618325950105
cproductos_avg6	0.000267328298010969	0.000407843712863711	0.000699463744462579
mrentabilidad_rank	0.000267021032596989	0.000216999191123057	0.000466309162975052
cplazo_fijo_ratioavg6	0.000266273145932368	0.000940420433290153	0.000582886453718816
mcomisiones_lag2	0.000263079134243115	0.000309069063654531	0.00116577290743763
mcuentas_saldo_max6	0.000262605580348071	0.000476265656842734	0.00104919561669387
mrentabilidad_annual_sobre_edad_delta2	0.000262280949020646	0.00069344605814627	0.00116577290743763
mrentabilidad_ratioavg6	0.000261912638491119	0.000297849133313234	0.00104919561669387
mcaja_ahorro_lag6	0.000259727372259745	0.000105902249641336	0.000816041035206342
mactivos_margen_sobre_antiguedad	0.000257432074098965	0.000703065298560006	0.000582886453718816
ccajas_trx_tend6	0.000257365644502112	0.000312345947751518	0.000466309162975052
ratio_deuda_acumulada_cproductos_sobre_ctrx_q_lag1	0.000256143886909683	0.000527215919253952	0.000816041035206342
mcaja_ahorro_lag2	0.000256082666945782	0.000516947342360168	0.000582886453718816
mactivos_margen_por_edad_lag1	0.000255541048629961	9.09071072067364e-05	0.000699463744462579
mcomisiones_tend6	0.000255184658574482	0.000236358478737515	0.000699463744462579
mpasivos_margen_por_antiguedad_lag1	0.000254898563129058	0.000164840860841983	0.00104919561669387
ctarjeta_visa_trx_ratioavg6	0.000254781868546709	0.000262845366784129	0.00139892748892516
mv_mconsumosdolares_delta2	0.000251731265813572	0.000968976137563896	0.000699463744462579
ctransferencias_emitidas_delta6	0.000250941578114153	0.00152581992132609	0.00104919561669387
catm_trx_ratioavg6	0.000250669432560316	0.000306788835550176	0.000932618325950105
mrentabilidad_annual_lag2	0.000246594938309326	0.000605710129097908	0.00104919561669387
mv_fultimo_cierre_lag1	0.000245507180104257	0.00072207726666188	0.000699463744462579
ctransferencias_emitidas_tend6	0.000244850342120624	0.0016197320973591	0.000816041035206342
Master_cconsumos_tend6	0.000244833725906946	0.000336854624661241	0.000932618325950105
ccallcenter_trx_avg6	0.000244623560540893	0.00155762230800007	0.000699463744462579
rf_017_048	0.00024276281954679	0.000188836108907016	0.000582886453718816
mvr_mpagado_rank	0.000240744533393966	0.000179111162554668	0.00104919561669387
cproductos_sobre_ctrx_q_lag6	0.000238949396581365	0.000656720794902618	0.00104919561669387
mtransferencias_recibidas_lag1	0.000238620756185361	0.00106066848888604	0.000699463744462579
mvr_Master_mlimitecompra_lag2	0.000237117725139653	0.000600424832167284	0.000816041035206342
mrentabilidad_annual_por_edad_lag2	0.000236917577175738	0.000116487944350958	0.000816041035206342
mcomisiones_otras_ratioavg6	0.000236329634564363	0.000198138231504915	0.000816041035206342
mactivos_margen_por_antiguedad_rank	0.00023591466169986	0.000709558663360487	0.000699463744462579
mcaja_ahorro_min6	0.000233089621605732	0.00151192714082273	0.000582886453718816
Master_fechaalta_rank	0.000231466836769243	8.17559930925699e-05	0.000699463744462579
rf_006_039	0.000230963509565097	0.000288713120047441	0.000582886453718816
mactivos_margen_por_edad_delta1	0.000230763627593055	0.000858286918988252	0.00116577290743763
mactivos_margen_por_ctrx_q	0.000230661988380166	0.000513474147234329	0.000466309162975052
mv_Fvencimiento_delta2	0.000230486243498613	0.000270894118967051	0.000582886453718816
Visa_msaldopesos_delta1	0.000229985656970988	8.57577179114711e-05	0.000466309162975052
Visa_Finiciomora_max6	0.000228947637747429	0.000376735965214894	0.000816041035206342
mcaja_ahorro_dolares_lag2	0.000228370260930586	0.000384814919094562	0.000466309162975052
mcomisiones_por_antiguedad_delta6	0.000227291569113264	0.000957484391951882	0.000699463744462579
mv_cconsumos_delta2	0.000225993098760994	0.000107397233630284	0.000466309162975052
rf_048_039	0.00022563878826257	0.00019632612970013	0.000699463744462579
Visa_msaldototal_delta6	0.000223634363786604	0.000149256785320828	0.000816041035206342
mpasivos_margen_sobre_edad_rank	0.000223017478039349	0.000756325990772325	0.000466309162975052
mv_cconsumos_lag6	0.000219468446251725	0.000818843503037422	0.000699463744462579
mrentabilidad_sobre_edad_lag6	0.00021944232359052	0.000178899750677443	0.000816041035206342
mv_fultimo_cierre_lag2	0.000217098767846967	0.000235996058376558	0.000816041035206342
mv_fultimo_cierre	0.000216462093567312	0.000247110282779242	0.000816041035206342
Visa_cconsumos	0.000214186511563173	9.45313108163073e-05	0.000816041035206342
Visa_mpagominimo_delta1	0.000214184024178114	0.000144651026566998	0.000582886453718816
cproductos_sobre_ctrx_q_rank	0.000214119733617348	0.000342109719895119	0.00104919561669387
Master_Fvencimiento_tend6	0.000212887528265928	0.000140739906838336	0.000466309162975052
mpasivos_margen_max6	0.000212684286804034	0.000790453908095784	0.000582886453718816
mcomisiones_por_edad_lag2	0.00021260368430624	0.000166411349072797	0.000816041035206342
mrentabilidad_annual_por_ctrx_q_rank	0.000211137730405725	0.00013361230640618	0.000699463744462579
tpaquete9_rank	0.000211073616833157	0.000413234715732947	0.000816041035206342
Visa_fultimo_cierre_ratioavg6	0.000210124546552414	0.00020253257838152	0.000582886453718816
ratio_total_mcaja_ahorro_antiguedad_delta1	0.000210068149048475	0.000788445495262147	0.000816041035206342
mtransferencias_emitidas_rank	0.000209456967306091	0.000995538529852376	0.00116577290743763
mcomisiones_por_antiguedad	0.000209451504360242	5.84100815075841e-05	0.000582886453718816
cmobile_app_trx_rank	0.000209055121865164	9.98015068985583e-05	0.000699463744462579
mactivos_margen_sobre_antiguedad_lag6	0.000208956711494937	0.00014813932254121	0.000699463744462579
mcomisiones_sobre_antiguedad_lag2	0.000207197159025671	0.00073453546656978	0.000699463744462579
ccallcenter_trx_max6	0.000205509119978682	0.000644398502630077	0.000582886453718816
ctransferencias_recibidas_rank	0.000205348392670211	8.75094163227637e-05	0.000582886453718816
cextraccion_autoservicio_tend6	0.000204955584108826	0.00238283836905099	0.000932618325950105
ratio_total_mcaja_ahorro_ctrx_q_lag2	0.000203521609465218	0.000606344364729583	0.000816041035206342
rf_047_026	0.000201204919451718	8.76906265032423e-05	0.000116577290743763
ratio_deuda_acumulada_cproductos_sobre_ctrx_q_lag2	0.000200511505799586	9.45615125130537e-05	0.000582886453718816
mrentabilidad_sobre_antiguedad_rank	0.000198681445509323	0.000183218593312182	0.000466309162975052
mcomisiones_sobre_ctrx_q_delta6	0.000198596015338712	5.94520400453358e-05	0.000932618325950105
Visa_Finiciomora	0.000198161102428388	0.000569407689608706	0.000582886453718816
mprestamos_personales_delta1	0.000197135659097153	0.000891780600680037	0.000349731872231289
mtarjeta_visa_debitos_automaticos_max6	0.000196266257928742	0.000480539196932353	0.000699463744462579
mtarjeta_visa_consumo_delta6	0.000193919793601409	5.59939457678702e-05	0.000466309162975052
ctarjeta_visa_trx	0.000193672491045797	0.000655044600733192	0.000582886453718816
ctarjeta_debito_trx_avg6	0.000193606977538951	0.000543298322771422	0.000699463744462579
rf_013_031	0.000193023165404672	0.000164629448964758	0.000932618325950105
chomebanking_trx	0.00019289777613804	0.00146374033366382	0.000699463744462579
Visa_msaldopesos_delta2	0.000192161680573318	0.000139637544907092	0.000466309162975052
mrentabilidad_annual_sobre_ctrx_q_lag1	0.00019163035811997	4.55894612387271e-05	0.000816041035206342
mprestamos_personales_avg6	0.000190647736936022	2.87520153025957e-05	0.000233154581487526
ccallcenter_trx_rank	0.00018924171115905	0.000167105988097964	0.000582886453718816
mcomisiones_otras_rank	0.000187342369555669	0.000491230597580587	0.000466309162975052
chomebanking_trx_avg6	0.000187095027526271	0.000765024079435295	0.000582886453718816
mcaja_ahorro_dolares	0.000185710329531286	0.000284515084199688	0.000466309162975052
Visa_msaldototal_max6	0.000184510412855378	0.000255627161261733	0.000582886453718816
cextraccion_autoservicio_rank	0.000184206421872851	6.59907073909366e-05	0.000582886453718816
mv_mpagominimo	0.000183233605533899	8.77661307451083e-05	0.000582886453718816
ccaja_ahorro_delta6	0.000182935567901818	0.000550320217264966	0.000349731872231289
mrentabilidad_annual_avg6	0.000181578428472764	7.65462004038118e-05	0.000466309162975052
rf_037_047	0.00018131393610249	0.000163814003152604	0.00163208207041268
mactivos_margen_ratiomax6	0.000181159327784983	0.000130561935034791	0.000699463744462579
Visa_msaldototal_lag2	0.00018110759768225	5.56315254069131e-05	0.000699463744462579
mcomisiones_por_ctrx_q_lag1	0.000180962233813896	4.46683094879612e-05	0.000816041035206342
mactivos_margen_por_antiguedad_lag6	0.000180193898616062	0.00101195315203406	0.000582886453718816
rf_013_029	0.000179309475325167	0.000230152030056125	0.000466309162975052
cproductos_lag2	0.000178552157752035	0.000935120035511155	0.000699463744462579
mcomisiones_sobre_antiguedad_lag1	0.000173449052059876	2.8555704273744e-05	0.000466309162975052
Visa_fultimo_cierre_avg6	0.000171599643166669	0.000133642508102926	0.000466309162975052
mv_status01_rank	0.000171287105375913	0.000348421874515121	0.000582886453718816
mv_fultimo_cierre_lag6	0.000170707457081005	8.24506321177377e-05	0.000466309162975052
rf_029_034	0.000168708711063253	0.000158740118099205	0.000233154581487526
mv_mpagominimo_delta2	0.000168640627759095	5.48764829882525e-05	0.000466309162975052
mvr_msaldopesos2_lag1	0.000167809723622921	0.000204963814969607	0.000699463744462579
mv_mpagominimo_delta6	0.000166804835223427	4.65408146862395e-05	0.000349731872231289
mv_fultimo_cierre_rank	0.000165875861163877	0.000163738498910738	0.000582886453718816
mtarjeta_visa_consumo_tend6	0.000165383145858415	0.000141721461982595	0.000466309162975052
Master_mpagominimo_delta6	0.000164518138511078	0.000240118589982445	0.000582886453718816
rf_041_037	0.000164194598135893	0.00267876969462083	0.000582886453718816
ccajas_extracciones_avg6	0.00016221259580983	0.00181276624211387	0.000699463744462579
mv_mlimitecompra_lag1	0.000158480971912857	0.000148441339508674	0.000582886453718816
Visa_msaldototal	0.000156795446565205	9.22510827119523e-05	0.000582886453718816
ctarjeta_master_trx_delta6	0.000156774766035026	0.00017808430486529	0.000466309162975052
mcomisiones_mantenimiento_lag2	0.000154560344199486	0.000522157135048926	0.000582886453718816
mv_Finiciomora	0.000152437053102979	0.000381673942632934	0.000349731872231289
cproductos_sobre_ctrx_q_lag1	0.000152119043114629	6.70628676254346e-05	0.000816041035206342
mprestamos_personales_min6	0.000151988407087888	0.000286523497033325	0.000349731872231289
mrentabilidad_sobre_edad_rank	0.00015084166911985	0.000404778240643949	0.000349731872231289
Master_fechaalta_tend6	0.000148578308702692	0.000118677567365073	0.000349731872231289
mactivos_margen_por_edad	0.000145676016738767	0.00109999109804988	0.000582886453718816
rf_031_044	0.000145038434859513	0.000138051955827904	0.000349731872231289
mvr_mpagominimo_delta1	0.000145029927479427	2.88275195444618e-05	0.000349731872231289
mpasivos_margen_sobre_antiguedad_lag2	0.000142684780961951	4.44115950656166e-05	0.000582886453718816
mrentabilidad_annual_sobre_antiguedad_rank	0.000142039543951162	0.000582575629390147	0.000466309162975052
mvr_mpagospesos_delta2	0.000141703844401095	0.000391429090682029	0.000582886453718816
mdescubierto_preacordado_tend6	0.000140667045743943	0.000174309092771986	0.000116577290743763
rf_047_032	0.000139071043409532	0.000116714457076556	0.000699463744462579
mrentabilidad_annual_min6	0.000137560214228263	0.000247593509927184	0.000349731872231289
mtarjeta_visa_consumo_avg6	0.000137134015716509	3.43393292006842e-05	0.000582886453718816
ctarjeta_debito_avg6	0.00013450073894526	0.000133340491135462	0.000233154581487526
ctarjeta_visa_trx_delta2	0.000131970686000177	0.000465136331591677	0.000699463744462579
ccomisiones_otras_lag6	0.000130558937645277	6.11584359115087e-05	0.000233154581487526
ccomisiones_otras_min6	0.000130066026715567	0.00011250132038043	0.000349731872231289
Visa_fultimo_cierre_min6	0.000129122100291018	0.000124838713501344	0.000349731872231289
mrentabilidad_exp_delta6	0.000127846799280394	0.000474181739767231	0.000582886453718816
mv_msaldodolares_lag1	0.000126077607702354	0.00046101379998579	0.000466309162975052
ccaja_ahorro_ratioavg6	0.000122688795206743	0.0029153244843872	0.000466309162975052
mcomisiones_por_ctrx_q_rank	0.00011932111619578	1.61126052142172e-05	0.000233154581487526
mpasivos_margen_sobre_ctrx_q_rank	0.000117392145859401	5.11767751368156e-05	0.000349731872231289
cproductos_sobre_antiguedad_delta1	0.00011486526441557	0.000224579817006409	0.000466309162975052
mcomisiones_mantenimiento_lag6	0.000112794593124418	0.000349071210995169	0.000349731872231289
rf_006_046	0.000111851830588321	1.39229822001015e-05	0.000116577290743763
mv_cconsumos_delta6	0.000111454466939069	0.000217316308938894	0.000349731872231289
mv_mpagominimo_lag1	0.000111195740222939	0.000166970080462605	0.000233154581487526
rf_032_035	0.000110735239226774	0.000142129184888672	0.000466309162975052
mtransferencias_recibidas_lag2	0.000110487101999974	4.85190258231303e-05	0.000466309162975052
Visa_Fvencimiento_delta2	0.000108228545939951	0.000219309620924158	0.000582886453718816
Visa_mpagominimo_lag6	0.000105990774198041	0.00018800556224649	0.000466309162975052
mvr_mpagospesos	0.000102439228108067	8.6890281539462e-05	0.000466309162975052
mrentabilidad_exp	0.000101563484624183	5.23546413099261e-05	0.000582886453718816
cextraccion_autoservicio_avg6	9.89730644199919e-05	1.36511669293837e-05	0.000233154581487526
mrentabilidad_annual_por_ctrx_q_lag2	9.77073862575878e-05	6.24873105683514e-05	0.000582886453718816
Visa_Fvencimiento_tend6	9.42947994432796e-05	0.000997984867288837	0.000349731872231289
Visa_msaldopesos_rank	9.41597332109916e-05	3.2617832486138e-05	0.000349731872231289
ccomisiones_otras_avg6	9.2798320330434e-05	0.000773993983368983	0.000582886453718816
mcomisiones_sobre_edad_delta6	9.04277890551364e-05	1.66411349072797e-05	0.000233154581487526
cprestamos_personales_tend6	8.98981677756971e-05	0.000431491641416161	0.000233154581487526
Visa_fechaalta_delta2	8.76578606904569e-05	3.18627900674774e-05	0.000349731872231289
Visa_fultimo_cierre_lag6	8.69270145659472e-05	4.62085960220288e-05	0.000233154581487526
rf_030_045	8.6586149170913e-05	7.01585415419431e-05	0.000349731872231289
rf_026_038	8.50691134573254e-05	0.000129399169710054	0.000349731872231289
mpasivos_margen_sobre_edad_lag2	7.84175204119107e-05	7.55948469562994e-05	0.000582886453718816
rf_039_045	7.66856514756781e-05	7.76636631834295e-05	0.000233154581487526
mv_msaldototal	7.46501826921233e-05	2.51580133897712e-05	0.000233154581487526
mv_mpagominimo_delta1	7.31775741551276e-05	0.000196869760241565	0.000349731872231289
rf_019_055	7.20203083002077e-05	9.31873353110914e-05	0.000582886453718816
cprestamos_personales_rank	7.0991308647503e-05	2.39952480650339e-05	0.000349731872231289
ctotal_comisiones_rank	6.99302154301623e-05	0.00010202133160942	0.000233154581487526
rf_037_050	6.96333579085839e-05	0.000580491712314644	0.000233154581487526
ctarjeta_debito_max6	6.81743043122114e-05	0.000159540463062985	0.000116577290743763
mv_status05_delta2	6.69233342569866e-05	4.40944772497791e-05	0.000116577290743763
mv_mconsumospesos_delta2	6.39065960480609e-05	9.8427329696596e-05	0.000349731872231289
cprestamos_personales_delta6	6.27939156550062e-05	0.000666355136164727	0.000116577290743763
mrentabilidad_sobre_antiguedad	5.85478991452601e-05	2.26361717114448e-05	0.000349731872231289
mvr_msaldopesos_delta2	5.70913854212906e-05	9.37913692460199e-05	0.000233154581487526
mv_msaldototal_rank	5.26896010351677e-05	6.78934142859613e-05	0.000349731872231289
rf_034_011	5.23940635616148e-05	0.000160280404633273	0.000116577290743763
ratio_deuda_acumulada_cproductos_sobre_ctrx_q_rank	5.00178315549925e-05	2.17754233541717e-05	0.000349731872231289
ctarjeta_visa_descuentos_avg6	4.84127461635434e-05	5.33210956058117e-05	0.000116577290743763
mv_mpagospesos	3.46333593198821e-05	1.88307579213954e-05	0.000233154581487526
cliente_vip_delta6	3.23568450676319e-05	1.0328980287277e-05	0.000233154581487526
mv_status07_delta2	2.71037941476453e-05	2.63056778661354e-05	0.000116577290743763
ctarjeta_visa_tend6	2.37602254461262e-05	5.62053576450952e-05	0.000116577290743763
ccomisiones_mantenimiento_delta1	2.19034753359866e-05	1.89213630116347e-05	0.000116577290743763
rf_016_034	1.58256088949858e-05	4.47589145782005e-05	0.000116577290743763
rf_002_041	1.54302310593205e-05	2.02351368201041e-05	0.000116577290743763
Visa_mpagominimo_rank	1.34609393808565e-05	2.01294308814916e-05	0.000233154581487526
mv_status04_delta6	1.1670564653873e-05	0.000134095533554123	0.000349731872231289
Visa_fechaalta_tend6	2.32436712788196e-06	2.75439474327387e-05	0.000116577290743763
ccaja_ahorro_tend6	2.23186832528802e-06	1.66864374523993e-05	0.000116577290743763
mv_fechaalta_delta2	1.14532061633702e-08	8.92460138856831e-06	0.000116577290743763
