Feature	Gain	Cover	Frequency
ctrx_quarter_normalizado	0.0850913995982439	0.00389791807660272	0.00362855845751215
ctrx_quarter	0.0511597804379193	0.00308819492690953	0.00574827751962827
rf_044_035	0.0494708020709469	0.000841156011954845	0.000944693692250174
rf_019_044	0.0474922001779124	0.00576565967224035	0.000634246648507184
ctrx_quarter_normalizado_rank	0.0201707066681172	0.0033042621745446	0.00328473001121615
mpasivos_margen_por_ctrx_q	0.0170249112348394	0.00158028172847936	0.00559472306788442
rf_014_038	0.0162463419260839	0.0011916261829736	0.00111493884527052
mprestamos_personales_ratioavg6	0.0162389810653555	0.00710959690104443	0.00255701543556054
rf_001_040	0.0124995630194163	0.00170561558434871	0.000657613630294291
rf_027_044	0.010199694739262	0.00225736976577536	0.000407253111146718
cproductos_ratioavg6	0.00661421119606002	0.00529382500533679	0.00295759226619666
rf_048_043	0.00617708373993714	0.0009175333327169	0.00072437643540031
rf_004_048	0.00609624683058777	0.00711396714010025	0.000717700154889708
cpayroll_trx	0.00574904897179047	0.00325464188884387	0.000363857287827805
mprestamos_personales_ratiomax6	0.00530474894429023	0.00853929596395148	0.0020696469582866
mpayroll_sobre_edad_rank	0.005158925194944	0.00284356011660429	0.00427615766704054
mtarjeta_visa_consumo_rank	0.00492028652875327	0.0053011591208049	0.00339488863964108
ratio_totalcomisiones_antiguedad_lag1	0.00469388646144124	0.00334419893054796	0.00350838540832132
cpayroll_trx_rank	0.00463831609369076	0.00598875873309307	0.00351506168883192
ratio_totalcomisiones_antiguedad	0.00408553630374506	0.00620362662940831	0.00373537894568178
mrentabilidad_ratioavg6	0.00401865267759238	0.00278635927338342	0.00365526357955456
mv_Fvencimiento_lag2	0.00392542049040144	0.00154304597736614	0.00251028147198633
ratio_totalcomisiones_ctrx	0.00383148265560106	0.00412524936896213	0.00445975538108209
mtarjeta_visa_consumo_ratioavg6	0.00375873247441436	0.00182833058267858	0.00282406665598462
ratio_totalcomisiones_antiguedad_lag2	0.00370967519827829	0.00393043199799923	0.00293422528440955
mdescubierto_preacordado_tend6	0.00355849511877314	0.00251396194444461	0.000460663355231533
ctarjeta_visa_trx_rank	0.00342547902265426	0.00252049101587613	0.00341157934091759
mcuentas_saldo	0.00342541028151858	0.00364326786130339	0.00393232922074454
Master_status_max6	0.00332843336771756	0.00486570587256755	0.00076109597820862
mcuentas_saldo_ratiomax6	0.00331795220176253	0.00367335350701399	0.00429284836831704
Master_mpagospesos_rank	0.0032145933297948	0.0030155536676561	0.00457992843027293
ratio_totalcomisiones_antiguedad_rank	0.00318496076922828	0.00360107369610353	0.00237675586177429
chomebanking_trx_ratiomax6	0.00307611688515542	0.00108514678703081	0.00271390802755969
Master_Fvencimiento	0.003049213330585	0.00110512173682054	0.00426948138652994
mv_status04_rank	0.00304534849991309	0.00250351937322702	0.00399241574533996
mcuenta_corriente_tend6	0.00304438278983989	0.002194619047543	0.00400243016610586
total_comisiones	0.00299527575818067	0.00288220223036103	0.00293756342466485
ratio_totalcomisiones_antiguedad_delta1	0.00297913150713539	0.00164871704337832	0.00287080061955883
ratio_totalcomisiones_ctrx_lag1	0.00297903367657759	0.00245705683168617	0.00272392244832559
mcuentas_saldo_ratioavg6	0.00297885288485421	0.00620468797317901	0.00501388666346205
mcaja_ahorro_ratioavg6	0.00292954916873266	0.00433687408787278	0.00539109651231106
chomebanking_trx_max6	0.002929320313787	0.00415306774779415	0.00295425412594136
Master_status_rank	0.00286931091527967	0.0016470675245768	0.00387558083640442
mpagomiscuentas_rank	0.00285879161977907	0.003002610531084	0.00427949580729584
mrentabilidad_annual_tend6	0.00283347532197417	0.00349584951167902	0.00338487421887518
mprestamos_personales_min6	0.00282316320985819	0.000263357834470709	0.00065427549003899
rf_050_029	0.0027636840641289	0.00574751496542362	0.000213640976339262
cliente_antiguedad_ratioavg6	0.00275834646188308	0.00233379637494782	0.0030977941569193
mcuenta_corriente_rank	0.00275495256918808	0.00227938196986179	0.00320795278534423
cproductos_sobre_edad	0.00269194982454899	0.00410663149340552	0.00451984190567751
ccaja_ahorro_rank	0.0026460172679751	0.0036343269436561	0.00444640282006089
mcuenta_corriente_ratiomax6	0.00263535272547596	0.00320795590650919	0.00411926507504139
ctrx_quarter_delta1	0.00262729434211933	0.00182057587277502	0.00239678470330609
Visa_mfinanciacion_limite	0.00262535769322205	0.00201726948922729	0.00451984190567751
Visa_cconsumos_avg6	0.0026198741735608	0.00113552940014578	0.00211304278160551
mcaja_ahorro_dolares_ratiomax6	0.00261783063000902	0.00510902961115604	0.00164236500560808
chomebanking_trx_ratioavg6	0.00259662021426523	0.00397755171834547	0.00437296373444427
rf_031_044	0.00258322304707812	0.00492022871215647	0.00065427549003899
Visa_fechaalta	0.00257459699290874	0.00153328358621212	0.00295091598568605
Visa_cconsumos_tend6	0.00256337712432475	0.00116189869971193	0.00233669817871068
mcomisiones_por_edad_lag1	0.00248658121337414	0.00183178734319492	0.00195948832986167
total_comisiones_lag2	0.00247560193690861	0.00296051822859898	0.00198953159215938
ctarjeta_visa_ratioavg6	0.0024311666751523	0.00202931557673003	0.000680980612081397
mpasivos_margen_ratiomax6	0.00241018867571141	0.00131487349613584	0.00356179565240613
ccomisiones_mantenimiento_rank	0.00240655710079111	0.00288444978187545	0.00405250226993537
ratio_totalcomisiones_ctrx_delta1	0.00239443291589184	0.00161008478730365	0.0020863376595631
mrentabilidad_sobre_ctrx_q_delta2	0.00239361572153047	0.00236530481277209	0.00282072851572932
tcallcenter_tend6	0.0023914315690416	0.00440962706752313	0.00230331677615767
mcomisiones_mantenimiento_rank	0.00237228802312465	0.00361026434169686	0.00348835656678951
ccallcenter_trx_rank	0.00236529565220244	0.003174748661473	0.00389894781819153
cproductos_ratiomax6	0.002357451681095	0.00551715736466541	0.00218982000747743
cproductos_sobre_antiguedad_delta2	0.00233355642662381	0.00321330534198504	0.00348501842653421
mcuentas_saldo_delta2	0.00232307540552847	0.00176009242142125	0.00302101693104737
rf_016_039	0.0023177983459911	0.000631949711048008	0.000607541526464776
mrentabilidad_tend6	0.00231400262084387	0.00158924564738484	0.00287080061955883
mv_status01	0.00229579056041479	0.000439609904181424	0.000520749879826951
mcuenta_corriente_avg6	0.00229151527493951	0.00150415413566335	0.00267051220424077
ratio_totalcomisiones_ctrx_rank	0.00226579197133705	0.00275417065549557	0.00232668375794477
rf_042_023	0.00225196703232189	0.00388957519166834	0.000220317256849864
Visa_mpagominimo_avg6	0.00224780844017927	0.0018055429076018	0.00226659723334936
Master_Fvencimiento_lag1	0.00224656950189329	0.0010117037696348	0.00198285531164877
mrentabilidad_sobre_antiguedad_lag1	0.00224327360589153	0.00221137710708037	0.00283074293649522
thomebanking_ratioavg6	0.00222974230103736	0.00556564073103282	0.00266383592373017
cpayroll_trx_ratioavg6	0.00222743290773047	0.00597498097943813	0.000914650429952465
mcomisiones_sobre_ctrx_q	0.00222639523397313	0.00271638944597389	0.00224656839181755
mdescubierto_preacordado_delta2	0.00221395668754595	0.00712216544569745	0.000524088020082252
mdescubierto_preacordado_rank	0.00220768676749278	0.00526573389730053	0.00433624419163596
total_deuda_acumulada_lag1	0.0022067272966081	0.0015387217408267	0.00076109597820862
rf_014_031	0.00217704336265786	0.00292998898719473	0.000383886129359611
ratio_total_mcaja_ahorro_ctrx_q	0.00217432072433804	0.0021857372759882	0.00389560967793623
mcomisiones_avg6	0.00215922357461177	0.00126537150262008	0.00257704427709235
mpayroll_rank	0.00215405789534997	0.00269757770266969	0.00383552315334081
chomebanking_trx_lag1	0.00213240795552589	0.000800052763571927	0.00178590503658602
ratio_total_mcaja_ahorro_ctrx_q_lag1	0.00210792367462521	0.00156178214510772	0.00296760668696256
mrentabilidad_annual_sobre_ctrx_q_delta1	0.00209813417396232	0.00312188191247365	0.00330142071249266
Master_mfinanciacion_limite_min6	0.00208823692963443	0.00184453989791345	0.00351839982908722
rf_024_046	0.00205413482127891	0.000972368332238375	0.000487368477273941
numero_de_cliente	0.00204815703412288	0.00560481515962193	0.00495046199861133
ratio_deuda_acumulada_cproductos_sobre_ctrx_q_rank	0.00203583877615803	0.00341954119469153	0.00360185333546974
ratio_total_mcaja_ahorro_antiguedad_delta1	0.00202704427869506	0.00193167194982566	0.00288749132083534
mcuentas_saldo_avg6	0.00200854109349628	0.00334683093166353	0.00283741921700582
mcaja_ahorro_rank	0.00200783806486588	0.00321822432534336	0.0037921273300219
rf_037_050	0.00199928375767782	0.00313459832235789	0.000420605672167922
cmobile_app_trx_ratiomax6	0.00197809009828121	0.00139680726369745	0.00239010842279549
mactivos_margen_ratioavg6	0.00197800084833842	0.00204559718163349	0.00450982748491161
mcomisiones_otras_ratioavg6	0.00197211061728734	0.000922143442036688	0.00209969022058431
chomebanking_trx_avg6	0.00195348478886076	0.00226462173389281	0.00262711638092186
cliente_edad_max6	0.00194383391126799	0.00432502515401166	0.00236674144100839
log_totalcomisiones	0.00194211502021258	0.00403950725022331	0.00322798162687604
mrentabilidad_annual_sobre_ctrx_q_lag1	0.00193748565694771	0.00085138500006069	0.00183263900016023
mcuenta_corriente_lag1	0.00192491111040846	0.00121215973474791	0.00224656839181755
mactivos_margen_sobre_ctrx_q	0.00192214146251734	0.00100300272225148	0.00264380708219837
mtarjeta_visa_debitos_automaticos_tend6	0.00191944111150669	0.00524505905208306	0.00217312930620093
Master_fultimo_cierre_avg6	0.00191370106033316	0.0018762290599092	0.00210970464135021
total_mcaja_ahorro	0.00191095530197175	0.00174572649273549	0.00292754900389895
total_deuda_acumulada_rank	0.00190798933326806	0.00237153158195313	0.00424611440474283
total_deuda_acumulada	0.00188661619190144	0.00288752537868466	0.00114164396731293
rf_034_041	0.0018819730066708	0.00326847221680324	0.000701009453613203
mrentabilidad_max6	0.00187769439164399	0.00101070814374464	0.00225324467232815
exp_totalcomisiones_lag2	0.00186725093652713	0.00639389960893195	0.00178590503658602
cproductos_sobre_edad_lag2	0.00184909222036094	0.00187695195659513	0.00306441275436629
chomebanking_trx_tend6	0.00184250682874361	0.00166837326144744	0.00248357634994392
Visa_mpagospesos_lag2	0.0018374882872502	0.00150701943525484	0.00233336003845538
log_totalcomisiones_lag2	0.00181858028380948	0.00136652446434522	0.00114498210756823
Visa_mpagospesos_max6	0.00180866812623962	0.00251653151357368	0.00217312930620093
mrentabilidad_min6	0.00180781555327519	0.00134136437378099	0.00246020936815681
mactivos_margen_min6	0.00180753172390645	0.00308880610319854	0.00301100251028147
mactivos_margen_sobre_antiguedad	0.0018072942548898	0.00254677159630355	0.00164570314586338
mcaja_ahorro_lag2	0.00180326722175413	0.00177732693559251	0.00292421086364365
mvr_Visa_mlimitecompra	0.00179383267766731	0.00209371252786989	0.00265048336270897
ctarjeta_visa_debitos_automaticos_tend6	0.00176979779473722	0.00210714197675796	0.00146210543182182
cproductos_sobre_ctrx_q	0.0017657928972517	0.00144054908498399	0.00388225711691502
total_comisiones_lag1	0.00176176862314602	0.00147957236244786	0.00187603482347914
Visa_Finiciomora_rank	0.00175284686859829	0.00254002236997223	0.00416933717887091
mrentabilidad_sobre_antiguedad	0.00174758210251737	0.000927391014797702	0.00212639534262672
mv_status07_rank	0.00172920863312858	0.00160369043752724	0.0044764460823586
mcaja_ahorro_dolares_delta1	0.00171244596670021	0.00318342013581007	0.00169577524969289
Visa_fechaalta_ratioavg6	0.0017072583308262	0.00134858348295816	0.00177589061582011
mcuenta_corriente	0.00170615909831	0.00116147810527648	0.00250694333173103
mrentabilidad_annual_exp	0.00170498381762497	0.00133150997759421	0.00225658281258345
mcomisiones_tend6	0.0016986983402056	0.00115989759024953	0.00325134860866314
mtransferencias_emitidas_ratiomax6	0.00169211482414626	0.000711179187825442	0.00149214869411953
mvr_Visa_mlimitecompra_rank	0.00169038265128991	0.00160318769574112	0.00332144955402446
mvr_msaldopesos_rank	0.00168891801196677	0.00194301157011261	0.00238343214228489
mpayroll_ratioavg6	0.00165575863588637	0.00336635242807755	0.00113162954654703
Master_fechaalta_min6	0.00164983785550432	0.00152157594579416	0.00216979116594563
mv_Fvencimiento	0.0016440994717546	0.0017473135795505	0.00396571062329755
cproductos_sobre_antiguedad_delta1	0.00163776431603516	0.00155457289361263	0.00294090156492015
mcuentas_saldo_tend6	0.00163748484979708	0.00240081218362714	0.00279736153394221
mrentabilidad_annual_sobre_antiguedad_lag1	0.00163685993704125	0.00188053358108449	0.00228662607488116
mcomisiones_mantenimiento_max6	0.00163186494234692	0.00224606629032271	0.00110158628424932
mcomisiones_ratioavg6	0.00163036979622049	0.00129942650831523	0.00319793836457833
ctrx_quarter_ratioavg6	0.00162829323314014	0.0022096125819879	0.00394234364151044
ccomisiones_otras_tend6	0.0016248899492273	0.00214243247860724	0.00284075735726112
Visa_Fvencimiento_rank	0.00162300443892093	0.000845154944985623	0.00129519841905678
chomebanking_trx_min6	0.00161770208672217	0.000938080028067318	0.00155223521871495
ratio_comisiones_rank	0.00161667620509723	0.00123985982139497	0.00154555893820435
mcuenta_corriente_ratioavg6	0.00161659909007684	0.00202135056960874	0.00500053410244085
Master_Fvencimiento_rank	0.00161577386914768	0.000859169283010497	0.00180259573786252
mrentabilidad_annual_sobre_antiguedad	0.00161532506063713	0.00147367746856354	0.00209635208032901
mcomisiones_otras_max6	0.00161510709347576	0.000898277993719066	0.00198619345190408
cmobile_app_trx_ratioavg6	0.00160646408510562	0.00353389030682883	0.00324133418789724
ccomisiones_otras_ratioavg6	0.00159862144803329	0.00308926612836231	0.0034516370239812
cliente_edad_min6	0.00158965090310356	0.00258629432965951	0.00292087272338835
Master_mpagospesos_tend6	0.00158160980649803	0.00455945069157522	0.00157894034075736
mpayroll_sobre_edad	0.0015626532301913	0.00277068884476897	0.000981413235058484
mv_cconsumos_delta2	0.00156099494627168	0.00248821039295553	0.00123845003471666
mpasivos_margen_ratioavg6	0.00155762132525022	0.00212957806117387	0.00526758532286493
mrentabilidad_annual_max6	0.00155726876801784	0.00303237087328594	0.00267385034449607
mcomisiones_sobre_edad	0.00155482884616999	0.00214191330735098	0.00202625113496769
mactivos_margen_ratiomax6	0.00155273214672219	0.00201667802830244	0.00287080061955883
ratio_total_mcaja_ahorro_antiguedad	0.00155115233788618	0.00232144141340655	0.00269721732628318
mcaja_ahorro_tend6	0.00152643153590383	0.00111904406981266	0.00234003631896598
mcuenta_debitos_automaticos_rank	0.00152451281495194	0.00255608381997588	0.00322798162687604
Visa_Fvencimiento_lag1	0.00151900989351705	0.000853182384093423	0.00234003631896598
cliente_edad	0.00151890693871487	0.00189900359140988	0.00372536452491588
rf_045_027	0.00150727613498341	0.00194498310652877	0.000624232227741281
mcaja_ahorro_delta2	0.00149088868978347	0.00228627248963627	0.0024201516850932
mactivos_margen_sobre_ctrx_q_delta2	0.00148198440889737	0.00158244384674908	0.00200956043369118
mtarjeta_visa_consumo	0.00147375798993576	0.00372980188050269	0.00278734711317631
mcaja_ahorro_dolares_max6	0.00145670331701533	0.00168044235020836	0.00167240826790578
mrentabilidad_annual_sobre_antiguedad_delta2	0.0014553937877793	0.0025972232131931	0.00269387918602788
mrentabilidad_por_antiguedad_delta1	0.00145317826166155	0.00289826696625871	0.00266383592373017
mrentabilidad_annual_sobre_edad_delta2	0.00145064449209855	0.00110944597335998	0.00255367729530524
mpasivos_margen_max6	0.00145044102462887	0.00167548722201575	0.00364191101853335
mcuentas_saldo_rank	0.00144778747429685	0.00177984064452312	0.00307776531538749
mcomisiones	0.0014469631129311	0.000406971118811889	0.00170245153020349
chomebanking_trx_delta2	0.0014349287976806	0.00133387910718763	0.00271390802755969
mv_msaldototal_rank	0.00143465519375136	0.00161237505544043	0.00258038241734765
mpayroll_sobre_edad_lag1	0.00143456390045002	0.000930736054917121	0.000747743417187417
mv_Fvencimiento_lag1	0.00142177922241379	0.000891091743482161	0.00220984884900924
Master_Fvencimiento_avg6	0.00141614685281208	0.00229270955603504	0.00230665491641297
mpasivos_margen_min6	0.0014154669239375	0.00302669942019546	0.00264380708219837
ctrx_quarter_tend6	0.00140939202012106	0.00258351774920675	0.0027573038508786
mcomisiones_sobre_antiguedad_lag1	0.00140920034730154	0.000845053082270789	0.00211971906211611
mcaja_ahorro_dolares_delta2	0.00140396078654222	0.00191056336659664	0.00154222079794905
Master_fechaalta_max6	0.00140395159257169	0.00122861220614077	0.00150216311488544
mcuentas_saldo_min6	0.00140378085077682	0.00815884529583098	0.00347500400576831
ccomisiones_otras_avg6	0.00139829750592674	0.00146307388853862	0.00296760668696256
mtarjeta_visa_debitos_automaticos_ratioavg6	0.0013981523717687	0.0013338758212936	0.00203292741547829
ccaja_ahorro	0.0013845465117222	0.00261391555484992	0.00082785878331464
mrentabilidad_sobre_ctrx_q_lag1	0.00138421447930866	0.00156646125820208	0.00215310046466912
mrentabilidad_annual_sobre_ctrx_q_delta2	0.00138119897754552	0.00221596421514197	0.00312449927896171
mtarjeta_visa_debitos_automaticos_ratiomax6	0.00137889413479158	0.00109943056836589	0.0017358329327565
Visa_mpagospesos_tend6	0.00137287565203686	0.00199027915569006	0.00243684238636971
mrentabilidad_annual_avg6	0.00135943316022717	0.00101563698478504	0.00196950275062757
log_totalcomisiones_lag1	0.00135689910073447	0.00103072909605075	0.001375313785184
ratio_comisiones	0.0013568505353899	0.000535262279305474	0.00179258131709662
Visa_mpagospesos_ratioavg6	0.00135577593498347	0.00168808533971501	0.00252029589275223
ratio_deuda_acumulada_antiguedad	0.00134951822132932	0.00403213370402687	0.000951369972760776
mrentabilidad_annual_sobre_ctrx_q	0.00134697113716431	0.00148906202439765	0.0030911178764087
mactivos_margen_avg6	0.00132076429285459	0.00125691689728878	0.00248023820968862
Visa_Fvencimiento_lag2	0.00131971120777955	0.00172732548618466	0.00235672702024248
cproductos_sobre_edad_rank	0.0013176401255016	0.00594891726801649	0.00285744805853763
mrentabilidad_sobre_antiguedad_rank	0.00131431857788304	0.00162257447050003	0.00164904128611868
mcomisiones_por_edad_lag2	0.00131092004680034	0.000525907339010793	0.0020829995193078
mcomisiones_min6	0.00130990858991539	0.00220361582538875	0.00231666933717887
mrentabilidad_annual_ratioavg6	0.00130814509411248	0.00370437563252228	0.00476686428456978
mrentabilidad_annual_sobre_antiguedad_delta1	0.00130489820799307	0.00177776067360407	0.00315454254125941
mrentabilidad_sobre_ctrx_q_lag2	0.00128607867285092	0.00194210466336118	0.00219983442824334
Visa_mconsumospesos_tend6	0.00128512466111229	0.000930177452932542	0.00217312930620093
Visa_cconsumos_max6	0.00128101981298994	0.00167109726759576	0.00192610692730866
Master_Fvencimiento_max6	0.00127800558749575	0.00231065710921015	0.00294757784543075
mcomisiones_por_ctrx_q_delta1	0.00127105893166283	0.00244074565373647	0.00162901244458687
mrentabilidad_annual_sobre_edad_lag1	0.0012586307407458	0.00123089590248949	0.0024301661058591
ratio_totalcomisiones_antiguedad_delta2	0.00125717809120441	0.00149548266132627	0.00246020936815681
mtransferencias_recibidas_ratioavg6	0.00125310513314995	0.00186061120559918	0.00389227153768093
Visa_mfinanciacion_limite_rank	0.00124911880046663	0.00202653242448922	0.00250360519147573
ccomisiones_mantenimiento_ratioavg6	0.00124902251993839	0.00162422070340752	0.0020863376595631
ctarjeta_master_trx_ratioavg6	0.00124865068252935	0.00257982769021451	0.00123845003471666
ratio_total_mcaja_ahorro_ctrx_q_rank	0.00124644325746002	0.00151703155435491	0.00224656839181755
mrentabilidad_annual_exp_lag2	0.00123760692377614	0.000789675910234869	0.00228996421513646
Visa_Fvencimiento_min6	0.0012321630193118	0.00105203811881542	0.00287080061955883
mv_fechaalta	0.00122761269335514	0.00180506645296789	0.00194947390909576
cproductos_tend6	0.00122511349354439	0.00303935339809318	0.00209301394007371
mcomisiones_mantenimiento_lag1	0.00122398002314245	0.00111050731713068	0.000674304331570795
mtransferencias_recibidas_rank	0.00122253623823671	0.0026221237181292	0.00300098808951557
Visa_mpagominimo_rank	0.00121250052966366	0.00121168985190206	0.00263045452117716
exp_totalcomisiones	0.00120606335761814	0.00180345307900067	0.00248357634994392
ctarjeta_debito_trx_ratioavg6	0.00120200394502247	0.00444307746871732	0.00213974790364792
Visa_mconsumospesos_ratiomax6	0.00119687382293735	0.00189910545412472	0.00170245153020349
ctarjeta_visa_debitos_automaticos_ratioavg6	0.00119637833812248	0.002483997876813	0.00170578967045879
cextraccion_autoservicio_avg6	0.00119205057857283	0.00148051212813956	0.00154889707845965
mtransferencias_recibidas	0.00118728588096457	0.00170912491916947	0.00197617903113817
ratio_deuda_acumulada_antiguedad_rank	0.00118541380788478	0.00329269582756979	0.00324467232815254
mpasivos_margen_tend6	0.00118416325060785	0.00423794567640388	0.00252697217326283
mcuentas_saldo_delta1	0.00118086239246843	0.00319282765040919	0.00217312930620093
total_mcaja_ahorro_lag1	0.00117870026566453	0.00122825732958586	0.00219649628798804
mcuenta_corriente_delta1	0.00117416589778323	0.00142779653026546	0.00260041125887945
total_mcaja_ahorro_rank	0.00117288639221261	0.00162619223982368	0.00161565988356567
ctrx_quarter_ratiomax6	0.00116059285100088	0.00234392350033883	0.00287747690006943
mrentabilidad_sobre_ctrx_q	0.00115905124088526	0.00149545637417406	0.0027706564118998
ccallcenter_trx_avg6	0.00115788991641776	0.00107350157859935	0.00157560220050206
Visa_mpagospesos_min6	0.00115755995440296	0.00247949948789013	0.00252697217326283
mrentabilidad_ratiomax6	0.00115748290139127	0.00374309003594761	0.00295091598568605
mcomisiones_sobre_ctrx_q_delta1	0.00115421911639554	0.00156425313741598	0.00280069967419751
mactivos_margen_sobre_antiguedad_rank	0.00115317994052981	0.000806246673812698	0.00166907012765048
ctransferencias_emitidas_max6	0.00115276764264897	0.00448162757744131	0.00139868076697111
mcaja_ahorro_dolares_ratioavg6	0.00114471251559909	0.00418638999912129	0.00322130534636543
mcomisiones_sobre_antiguedad_rank	0.00113946309389574	0.00197099752954001	0.00143540030977942
Visa_mconsumosdolares_ratiomax6	0.00113871206404386	0.000751224378331687	0.00142204774875821
mrentabilidad_annual_ratiomax6	0.00113477295503728	0.00242311354638794	0.00256369171607114
mrentabilidad_annual_min6	0.00112333960922897	0.00118604344902184	0.00196950275062757
Visa_Fvencimiento_max6	0.00111861863465146	0.00145896980689898	0.00267385034449607
mrentabilidad_exp_lag2	0.00111660162934931	0.00128702554425758	0.00223989211130695
mrentabilidad_sobre_antiguedad_lag2	0.0011161033818997	0.00065031785865857	0.00211304278160551
mactivos_margen_por_ctrx_q_rank	0.00109760893278149	0.0009682478211286	0.00134193238263099
ccaja_ahorro_max6	0.00109593680659199	0.00194290642150375	0.000701009453613203
Visa_mlimitecompra_min6	0.001092997701454	0.00133711571280416	0.00265715964321957
mrentabilidad_annual_sobre_ctrx_q_rank	0.00109007645200358	0.0011813413346693	0.00191943064679806
ratio_total_mcaja_ahorro_ctrx_q_delta2	0.00108930756547414	0.00128781087293002	0.00209969022058431
mcaja_ahorro_avg6	0.00108553157385627	0.0014244219170998	0.00269721732628318
mtransferencias_emitidas_max6	0.00108013492390699	0.00283341327584912	0.00132857982160978
tcallcenter_ratioavg6	0.00107261182241947	0.0019688124100121	0.0010381616193986
cproductos_sobre_ctrx_q_delta2	0.00107215053925483	0.00155228919726391	0.00271056988730438
Visa_mpagominimo	0.00106814324546009	0.00147116375963294	0.00213640976339262
mcomisiones_ratiomax6	0.00106021461845489	0.00129497412190873	0.00230665491641297
rf_003_029	0.0010591194561141	0.000368582018895218	0.000350504726806602
rf_047_044	0.00105831318260888	0.00314254032822099	0.000584174544677669
mcaja_ahorro_max6	0.00105240310152561	0.002668458109803	0.00308777973615339
mactivos_margen_sobre_ctrx_q_lag1	0.00105223078489017	0.00144572765397044	0.00266717406398547
Master_fechaalta_ratioavg6	0.00104820724540761	0.00181678723696197	0.00218314372696683
mcuenta_debitos_automaticos	0.00104061610295676	0.00331479346490092	0.00129853655931208
mv_mfinanciacion_limite_lag2	0.00103888115285979	0.00101503238028409	0.00220984884900924
mcaja_ahorro_dolares_tend6	0.00103354085860068	0.00137105571220836	0.00162901244458687
Visa_msaldopesos_ratioavg6	0.0010191130167942	0.00194524597805092	0.00255367729530524
ratio_total_mcaja_ahorro_antiguedad_rank	0.00101763977303504	0.00196397885989848	0.00177255247556481
mrentabilidad_annual_por_ctrx_q_delta2	0.00101194808882258	0.00177944633723989	0.00231333119692357
Visa_mpagado_ratioavg6	0.00100910169395875	0.00109365068077251	0.000894621588420659
ctotal_comisiones_rank	0.00100644677553423	0.0016793481474974	0.00245019494739091
mactivos_margen_por_ctrx_q	0.00100601526794799	0.00163619121534764	0.00125847887624846
mcomisiones_por_edad	0.00100518209337503	0.00103967001369804	0.00168909896918229
Visa_cconsumos_min6	0.00099689202008285	0.00132392284828602	0.00109491000373872
mpasivos_margen_sobre_ctrx_q	0.000994358601778005	0.00124172949509629	0.00350504726806602
Visa_fechaalta_max6	0.00099189267002618	0.0011915407497289	0.00159229290177856
thomebanking_avg6	0.000991264337267153	0.00200983351104434	0.00168909896918229
mpasivos_margen_sobre_ctrx_q_rank	0.000989565160356231	0.0018608937924855	0.00263713080168776
ctarjeta_visa_trx_tend6	0.000988287594140024	0.00274301833116816	0.00189940180526625
mcuenta_corriente_max6	0.000988115088862794	0.000916215689212099	0.00162233616407627
ctarjeta_visa_trx_ratioavg6	0.000986812911833588	0.0024960636796799	0.00256369171607114
Visa_mconsumospesos_max6	0.000978374629466289	0.00177794796956361	0.00224656839181755
cliente_edad_rank	0.000971504897813554	0.00300098401354067	0.00150550125514074
mrentabilidad_annual_sobre_edad_lag2	0.000971265449818725	0.00074203701863238	0.00199620787266998
mprestamos_personales_tend6	0.000970740797437416	0.00230845227431808	0.001031485338888
mrentabilidad_annual_sobre_antiguedad_rank	0.000969314567472521	0.00179687471915875	0.00169577524969289
mrentabilidad_annual_exp_rank	0.00096861698802074	0.00107839427480546	0.00185600598194734
cliente_edad_avg6	0.000968550077857948	0.00156631339297086	0.00149214869411953
mrentabilidad_avg6	0.00096513347336029	0.00139491458873793	0.00193278320781926
ctrx_quarter_delta2	0.000965026152810112	0.00102411130548051	0.00180927201837312
cmobile_app_trx_max6	0.000964082716078022	0.000857789207519185	0.00191943064679806
exp_totalcomisiones_rank	0.00095559953886527	0.00116427111519938	0.000857902045612348
Visa_mconsumosdolares_max6	0.000945517175302309	0.00126884797850058	0.00135528494365219
mcuenta_corriente_min6	0.000940998724931237	0.00147495568134002	0.00314118998023821
Visa_mpagominimo_min6	0.000933974373902136	0.00182191980343204	0.00141537146824761
mpasivos_margen_sobre_antiguedad_rank	0.000929851770782081	0.00114092812403204	0.00255367729530524
ctarjeta_visa_trx_avg6	0.000922573949149883	0.00307784107483066	0.00150216311488544
cpayroll_trx_lag1	0.000918381951840731	0.000552838526455544	0.000303770763232388
Visa_mpagospesos_ratiomax6	0.000911120544704455	0.00243674672070569	0.00215310046466912
mtransferencias_recibidas_max6	0.000907795210652041	0.0015827264336354	0.00266383592373017
ccallcenter_trx	0.000907466138028686	0.00306519038282696	0.00116167280884474
mcomisiones_sobre_antiguedad_lag2	0.000904514584658176	0.00224407175264836	0.0024234898253485
exp_totalcomisiones_lag1	0.000903425742657209	0.00233992785320208	0.00150550125514074
rf_030_042	0.00090233456265303	0.000239705969264838	0.000370533568338407
Visa_Fvencimiento_ratioavg6	0.000901779344494551	0.00168454971774203	0.00284075735726112
Visa_fultimo_cierre_avg6	0.000901520990773757	0.00169475241869566	0.00187603482347914
Master_Fvencimiento_lag2	0.000901031940487019	0.00161381756291825	0.00186935854296854
Visa_mconsumosdolares_min6	0.000897866605948947	0.000511597270523495	0.000861240185867649
mv_mpagominimo_delta2	0.000897071020509566	0.00107445777376119	0.00157894034075736
mcaja_ahorro_lag1	0.000895384331481387	0.00132877282786978	0.00252363403300753
mcomisiones_mantenimiento_tend6	0.00088730990045074	0.00142179648777228	0.00217646744645623
Master_Fvencimiento_ratioavg6	0.000885067647378751	0.00116853291975231	0.00197617903113817
ctarjeta_visa_trx_max6	0.000870604854893973	0.00274139181362483	0.00193278320781926
mrentabilidad_annual_sobre_ctrx_q_lag2	0.000865163206514517	0.000839089184611903	0.00225992095283875
Master_fechaalta_lag2	0.000864428633080916	0.00141727181169719	0.00191275436628745
log_totalcomisiones_rank	0.000860481898310629	0.000846781462528956	0.00123177375420606
cmobile_app_trx_tend6	0.000859461307385415	0.000926553111820833	0.00188604924424505
mcomisiones_por_ctrx_q_lag1	0.00085374676959621	0.00151596035290213	0.00227661165411526
mcomisiones_sobre_ctrx_q_rank	0.000851079689198851	0.00198907980437022	0.00179591945735192
mactivos_margen_por_antiguedad_rank	0.000849721844053586	0.00194212437872534	0.00159896918228916
mrentabilidad_annual_por_antiguedad_rank	0.000845577162641358	0.00123844360106936	0.00153554451743844
mcomisiones_sobre_edad_rank	0.0008453032361987	0.00144969044216692	0.00106820488169631
Master_fechaalta_rank	0.000844725684541929	0.00118083202109512	0.00144541473054532
Visa_mpagospesos_avg6	0.000843600180625027	0.00160325341362166	0.00237007958126369
mv_status07_delta2	0.000838401397480221	0.00283403102392618	0.000507397318805747
Visa_mconsumospesos_ratioavg6	0.000837259261406162	0.000908201393680407	0.0017224803717353
mrentabilidad_por_edad_rank	0.000835575068886574	0.0006052189631389	0.00139868076697111
matm_tend6	0.000834638038404771	0.00130982307701645	0.00129853655931208
rf_044_050	0.000833960269168651	0.00171232537995171	0.000350504726806602
Master_mpagospesos	0.000827603757967777	0.00192827104950778	0.00109824814399402
mactivos_margen_tend6	0.000821939276558578	0.00263704496290551	0.00264714522245367
chomebanking_trx_delta1	0.000821142476986034	0.00213075112534149	0.0020829995193078
mpasivos_margen_por_ctrx_q_rank	0.000817993555342311	0.0013114890252881	0.00392899108048924
Master_fechaalta	0.000817017732433324	0.00123118834705789	0.00289082946109064
ccomisiones_mantenimiento	0.000816446057275461	0.00312498379643508	0.000510735459061048
mcomisiones_mantenimiento_ratioavg6	0.000815631723426372	0.00159707921874505	0.00186602040271324
mrentabilidad_annual_por_antiguedad	0.000815104967270946	0.00196392628559404	0.00209301394007371
rf_040_045	0.000810639199227154	0.00138779077048754	0.000387224269614912
rf_047_043	0.000807970126121273	0.000600283550310445	0.000647599209528388
cproductos_sobre_ctrx_q_rank	0.000807084190184501	0.000908161962952084	0.00214976232441382
mpayroll_lag2	0.000805234652917349	0.00117127006947675	0.000811168082038135
mcuenta_debitos_automaticos_ratiomax6	0.000799640378094471	0.00298926651544062	0.00139868076697111
ctarjeta_visa_trx_ratiomax6	0.000792183278450522	0.00117650449866165	0.00209635208032901
ccajas_trx_tend6	0.000784036312498188	0.00179792949114139	0.00117502536986594
total_mcaja_ahorro_lag2	0.000778558066072787	0.00115664126926884	0.00174918549377771
mpasivos_margen_sobre_antiguedad	0.000777480121189203	0.00145234544454068	0.00347166586551301
ccallcenter_trx_ratioavg6	0.000775201752495435	0.00163599734760005	0.0010381616193986
mcomisiones_otras_min6	0.000770338184146244	0.000925117176131063	0.0013719756449287
Visa_msaldopesos_min6	0.000768255315331176	0.00337079495680196	0.00218314372696683
ctarjeta_visa_debitos_automaticos_avg6	0.000765277744727453	0.00129409021641549	0.00119171607114245
ccallcenter_trx_tend6	0.000764392807393255	0.00132938729005281	0.00154889707845965
Visa_mpagado_max6	0.000757626807593682	0.00126059381270492	0.00100478021684559
mcomisiones_por_edad_rank	0.00075524252980018	0.000636392239772423	0.00122175933344015
mactivos_margen_sobre_edad	0.000755102618618798	0.000795905965309936	0.00170578967045879
mtarjeta_visa_debitos_automaticos_max6	0.000754914223663646	0.000732281199266412	0.00121508305292955
mpasivos_margen_sobre_antiguedad_lag2	0.000746198750993314	0.000693340069153217	0.0020696469582866
mcuenta_corriente_lag2	0.000739752888608708	0.00178404001708954	0.00222320141003044
mvr_mpagominimo_lag2	0.000731088915079575	0.00327083148871457	0.00141537146824761
mrentabilidad_annual_sobre_antiguedad_lag2	0.000729605701290988	0.00115498846457329	0.00199286973241468
mpasivos_margen_sobre_antiguedad_lag1	0.000724011585831349	0.0012805260458723	0.00306107461411099
Master_Fvencimiento_min6	0.000720012562883136	0.0010145460679681	0.00226659723334936
ratio_total_mcaja_ahorro_antiguedad_delta2	0.000718876555976331	0.00216024202423322	0.00228328793462586
Visa_fechaalta_lag2	0.000718747232168605	0.0023998428448892	0.00208967579981841
ccajas_consultas_tend6	0.000717479149617524	0.00467016889081276	0.00106820488169631
mcomisiones_mantenimiento_min6	0.000715505320839293	0.000832776982186163	0.000891283448165358
mv_mpagominimo_delta1	0.000713030435230708	0.00123595289339694	0.00127850771778027
mv_msaldototal	0.000712468500930833	0.00126743832996302	0.00217980558671153
Master_msaldopesos_max6	0.000705606486894483	0.00176060502088945	0.00178924317684132
mtransferencias_emitidas_avg6	0.000699903488216751	0.00125777780152384	0.00115833466858944
mrentabilidad_sobre_antiguedad_delta2	0.000690110129548643	0.00178028095432273	0.00247022378892272
ctarjeta_visa_trx	0.000688994663559454	0.00139704384806738	0.00198953159215938
ccomisiones_otras_ratiomax6	0.000688463650732922	0.00116079792521291	0.00185934412220264
ctransferencias_emitidas_tend6	0.000686531183193252	0.00145840791902038	0.00146210543182182
mcomisiones_sobre_ctrx_q_delta2	0.00068486150835523	0.00230670746458978	0.00253031031351813
mv_msaldototal_lag2	0.000681169894147298	0.00164486268968472	0.00181594829888373
Visa_mpagospesos_lag1	0.000679742151896488	0.00117708610190442	0.00192944506756396
cliente_edad_lag2	0.000673899115955044	0.0025886963181932	0.00190273994552155
ctrx_quarter_min6	0.000672480105216111	0.00276829999981139	0.0031211611387064
rf_030_041	0.000672160366877608	0.000619348307454716	0.000360519147572504
ratio_totalcomisiones_ctrx_lag2	0.000665387991398704	0.00164841145523381	0.00259707311862415
mpayroll_max6	0.000665132402968126	0.00197028120464213	0.000941355551994873
mcomisiones_mantenimiento	0.000662575215894209	0.00143723690380484	0.000924664850718368
mactivos_margen_sobre_ctrx_q_rank	0.000660643854787088	0.0011173419767067	0.00182262457939433
mcomisiones_por_antiguedad	0.000659019721985452	0.000576329382854096	0.00130855098007798
matm_other_max6	0.000656538102069159	0.00192786688454247	0.000797815521016931
mcuenta_corriente_delta2	0.000653718675953902	0.00251041646478955	0.00232000747743417
ccajas_consultas_ratioavg6	0.000653251432731876	0.00129834544918037	0.000797815521016931
ratio_total_mcaja_ahorro_antiguedad_lag2	0.000645314256992724	0.00119954190168449	0.00159896918228916
mcaja_ahorro_ratiomax6	0.000641687598767193	0.00162271576394319	0.0038021417507878
rf_004_030	0.000640759240166924	0.00201975362511165	0.000373871708593708
mcomisiones_sobre_antiguedad	0.000638342261618702	0.00293462866956076	0.00188938738450035
Visa_fultimo_cierre_ratioavg6	0.000633914462169869	0.000326637581641405	0.00118503979063184
rf_041_035	0.000626635811534066	0.000558414688619252	0.000861240185867649
ccajas_consultas_avg6	0.000618616328604872	0.00214766033600409	0.000807829941782834
rf_029_043	0.000617170404612292	0.000959635492884005	0.000186935854296854
Visa_mpagominimo_delta1	0.000614019691565977	0.00121710829115248	0.00183263900016023
rf_013_046	0.000590365149835739	0.00240811344015499	0.000166907012765048
ratio_total_mcaja_ahorro_ctrx_q_lag2	0.00058075794167688	0.00158246356211325	0.00265048336270897
ccaja_ahorro_ratioavg6	0.000569342692537601	0.000394422289523027	0.000330475885274796
mvr_msaldopesos	0.000562619220901911	0.00058342034216422	0.00147545799284303
mpayroll_sobre_edad_delta2	0.000545488873934137	0.00180315077675019	0.000711023874379106
mtarjeta_visa_debitos_automaticos_avg6	0.000540843790195201	0.000801725283631636	0.000928002990973669
mcomisiones_otras	0.00052658812886568	0.000279682155996518	0.00110158628424932
Master_mpagominimo_lag2	0.000525408384432304	0.00139024861921968	0.000814506222293436
mrentabilidad_annual_por_ctrx_q_lag1	0.000525102348740219	0.000799704458805072	0.00201957485445709
mpagomiscuentas	0.000520253157219012	0.00283989305887023	0.000884607167654756
mcaja_ahorro_delta1	0.000517370196908094	0.00208290193652127	0.00179591945735192
Visa_fechaalta_rank	0.000514932384599461	0.00150544877790996	0.00110158628424932
mtransferencias_emitidas_tend6	0.000513264237196094	0.00109309536468196	0.00144875287080062
rf_047_046	0.000511233331958329	0.00115572121894129	0.00038054798910431
Master_Fvencimiento_tend6	0.000510831472838177	0.000278880397853946	0.00101479463761149
rf_019_043	0.000509732005023189	0.000151321991728366	0.000320461464508893
Master_mfinanciacion_limite_ratioavg6	0.000506036023571447	0.00229014655869403	0.000924664850718368
mcomisiones_mantenimiento_avg6	0.000491962428099042	0.00121861651651084	0.00141203332799231
rf_023_046	0.000491246424481628	0.000230328027711968	0.000260374939913475
cplazo_fijo_ratioavg6	0.00048985208975683	0.00179183744361546	0.000607541526464776
rf_009_049	0.000482131524718554	0.000706923955060562	0.000867916466378251
rf_021_039	0.000480440179438698	0.000135664706690026	0.000323799604764194
ccajas_trx_ratioavg6	0.000479768011074507	0.000586633946522561	0.000831196923569941
mactivos_margen_sobre_edad_rank	0.000471264567883722	0.00167824737299837	0.00151217753565134
mrentabilidad_por_antiguedad_rank	0.000464731260024747	0.000711343482526789	0.00150883939539604
mcomisiones_otras_tend6	0.00046400758332393	0.00102339498058263	0.00180259573786252
cplazo_fijo_ratiomax6	0.000446308034739075	0.00204606049269129	0.000270389360679378
Master_status	0.000445913204374372	0.000185521576760696	0.000554131282379961
Visa_Fvencimiento_tend6	0.000441718463512027	0.000531148339983753	0.000640922929017786
ctarjeta_debito_tend6	0.000440313437630358	0.00180154068867699	0.000487368477273941
cliente_edad_lag1	0.000432959249086531	0.00151394281396959	0.00128852213854617
Master_fultimo_cierre_min6	0.000414104784654436	0.00159494010173351	0.000807829941782834
mcomisiones_max6	0.000413671832007834	0.00107676118547407	0.00211971906211611
ratio_total_mcaja_ahorro_antiguedad_lag1	0.000410835908059472	0.000879515538825273	0.00179591945735192
mcomisiones_rank	0.000410755065274202	0.00036491496116116	0.000948031832505474
rf_019_027	0.000403286827409072	0.00530721502349654	0.000400576830636116
mcomisiones_mantenimiento_ratiomax6	0.000395945092039013	0.00039764575156345	0.000437296373444427
total_deuda_acumulada_delta2	0.000383719917856538	0.00463210180851073	0.000917988570207766
rf_004_045	0.000378060403704292	0.000941277202955525	0.00031044704374299
rf_016_044	0.000378051494738876	0.000552808953409302	0.000156892591999145
cprestamos_personales_tend6	0.000353179226622484	0.00108245235392872	0.000831196923569941
mv_fechaalta_rank	0.000348386674323896	0.00152335690035676	0.00108823372322812
rf_008_023	0.00034493033118172	0.000129950536977187	0.000133525610212039
mv_Fvencimiento_delta2	0.0003428471970483	0.00100194795026884	0.00031044704374299
rf_040_046	0.000342053388767263	0.000688302793609927	0.000193612134807456
rf_033_038	0.000341233843111452	0.000259171605480395	0.000133525610212039
mrentabilidad_por_edad	0.000340740327652502	0.000820829471504231	0.00151551567590664
rf_047_037	0.000333640387273571	2.22487884563704e-05	3.67195428083106e-05
mcomisiones_otras_avg6	0.000329616843374437	0.00158088633298032	0.00127850771778027
rf_044_043	0.000329450129513179	0.000545195536948896	0.000293756342466485
rf_007_027	0.000329014311565924	0.000442186045098541	0.000360519147572504
rf_033_034	0.000325015211463161	0.000143192689905732	0.000120173049190835
Visa_Finiciomora	0.000316107184765476	0.00129291715224787	0.000433958233189126
rf_010_037	0.000311343577651021	0.000101524267750181	0.000347166586551301
rf_044_049	0.000309658377923688	0.000278387513749906	0.000213640976339262
total_comisiones_rank	0.00030525708624225	0.00150891211021435	0.000801153661272232
ctarjeta_debito_max6	0.000295350194850584	0.00063839992102288	0.000781124819740426
Master_fechaalta_lag1	0.00029044217694107	0.00145421840413604	0.000911312289697164
rf_035_045	0.000275560695126376	0.00018867932092058	0.000160230732254446
rf_005_037	0.000263262554099134	0.000112847458566996	0.000210302836083961
total_deuda_acumulada_lag2	0.000254127831373297	0.00123381377638541	0.000660951770549591
rf_045_040	0.000232958298580613	0.000113961376642126	0.00020696469582866
Master_mlimitecompra_ratioavg6	0.000227111228333996	0.00153760453685754	0.000721038295145009
rf_028_033	0.000221478457761718	0.000181417495121055	0.000570821983656465
Visa_fechaalta_tend6	0.000218724930460873	0.000598581457204493	0.000570821983656465
ratio_deuda_acumulada_cproductos_sobre_ctrx_q	0.000217509996534318	0.00217386862676291	0.000594188965443572
mextraccion_autoservicio_min6	0.0002152071667211	0.0024352352094533	0.000460663355231533
rf_029_044	0.000206810364984259	9.55275111510264e-05	0.000257036799658175
rf_035_042	0.000205822856104675	9.58791018119083e-05	0.000186935854296854
rf_050_022	0.000197411501309781	0.000173784363296488	0.000811168082038135
rf_034_040	0.000188623132212665	0.000950053825901466	0.000340490306040699
Master_fechaalta_tend6	0.000185374075826133	0.00231994961751832	0.000470677775997436
rf_010_034	0.000178326019931557	0.000288701935100452	0.00041392939165732
rf_026_034	0.000177257732312394	0.000117819016229747	0.000110158628424932
mdescubierto_preacordado	0.000171030282256004	0.00032267807933895	0.000497382898039844
mv_Finiciomora	0.00016560979824705	0.000534033354939401	0.000313785183998291
mpayroll_ratiomax6	0.000165014764039041	0.00247793211643928	0.000677642471826096
mforex_sell_max6	0.000157746999751171	0.000977675051091873	0.000226993537360466
rf_024_044	0.00015092939469401	9.2011604542207e-05	0.000307108903487689
rf_046_038	0.000150283821865476	9.70554518735507e-05	0.000130187469956738
rf_041_042	0.000150188287170709	0.000191071451772187	0.00013686375046734
rf_009_029	0.000150142208772529	0.00474836988275976	0.000373871708593708
rf_023_025	0.00014656366793468	0.000105013887206785	0.00027706564118998
foto_mes	0.000144104236782931	7.98012223381201e-05	0.000323799604764194
rf_036_036	0.000140179315402069	1.3051571074982e-05	5.67483843401164e-05
mcomisiones_otras_rank	0.000139884858288569	0.000357679422513851	0.000640922929017786
rf_032_051	0.000133516732229515	0.000589288948896324	0.000156892591999145
mv_Finiciomora_lag1	0.000130328277980321	0.000741399555191154	0.000183597714041553
rf_025_033	0.000121153696943653	8.86271336944649e-05	0.000574160123911766
rf_038_042	0.000120073331987439	0.000174195100049854	0.000267051220424077
rf_011_032	0.000109020468215169	0.000250805719287821	9.34679271484271e-05
rf_028_058	0.000106162032086206	0.000294314242098455	4.00576830636116e-05
rf_043_046	0.000104117133227051	0.000307835696019289	0.000113496768680233
mdescubierto_preacordado_delta1	0.000103607551834126	0.0005866996644031	0.000213640976339262
Visa_Finiciomora_max6	0.000103171153995025	0.00200347530610222	0.000357181007317204
rf_016_033	0.000101745010850741	0.000278722674940653	0.000453987074720931
rf_028_056	0.000101548562656126	0.000130985593595672	0.000150216311488544
rf_039_027	9.8374135641778e-05	0.00138489918374384	0.000116834908935534
rf_020_027	9.58017851493034e-05	0.000207300482371215	0.000437296373444427
rf_006_044	9.37671162877668e-05	0.000170856631718489	0.000150216311488544
rf_012_048	9.05281836185905e-05	0.000314272762418052	0.000754419697698019
rf_012_036	8.96773287707666e-05	0.000260111371172099	0.000377209848849009
rf_033_025	8.47845481389205e-05	0.000139650496144697	0.000490706617529242
rf_005_034	8.19388600046967e-05	7.29567050800165e-05	0.000400576830636116
rf_010_040	8.17625115680004e-05	0.000294264953688051	5.34102440848155e-05
rf_028_050	7.90061851786274e-05	0.00181618591835504	8.67916466378251e-05
rf_038_043	7.62705748478653e-05	0.000134370064443414	6.00865245954174e-05
rf_015_043	7.51413717654311e-05	0.000368000415652451	0.000126849329701437
rf_046_040	7.31421718515943e-05	0.0021475519015012	0.000303770763232388
rf_044_045	7.30435734575145e-05	0.000236581084045224	9.34679271484271e-05
rf_027_031	7.03994799011845e-05	5.63990850782959e-05	0.000313785183998291
rf_017_044	6.91940853696607e-05	0.000280746785661244	0.000290418202211184
rf_006_054	6.07278751994172e-05	0.000740055624534138	0.00010348234791433
rf_038_040	6.00014081365238e-05	1.18719351193127e-05	2.33669817871068e-05
rf_006_034	5.98808882035353e-05	0.000130578142736332	0.000297094482721786
rf_029_046	5.86464891014312e-05	0.000297583706655254	8.01153661272232e-05
rf_027_034	5.26101337700187e-05	0.00117589660826667	0.000210302836083961
rf_028_055	5.22620868859489e-05	0.0020902623391416	0.000143540030977942
rf_023_029	5.12712527633367e-05	6.28887257814906e-05	0.000307108903487689
rf_027_025	5.08819764068765e-05	8.59951325788908e-05	0.000370533568338407
rf_004_035	5.06224513488936e-05	2.4857788313756e-05	0.000247022378892272
cpayroll_trx_min6	4.68196554591837e-05	0.000113139903135393	0.000143540030977942
rf_046_037	4.50511113743463e-05	0.000162651754333235	7.67772258719222e-05
rf_002_042	4.45577854504024e-05	0.0006029254091081	0.000113496768680233
rf_030_032	4.34825147372676e-05	0.000303403024976955	0.000393900550125514
rf_038_029	4.34081749150368e-05	0.000171632102708846	0.000193612134807456
rf_040_043	4.01807143431907e-05	0.000195997006918562	0.000307108903487689
rf_033_032	3.98323260986511e-05	0.000138556293433728	6.67628051060193e-05
rf_003_034	3.96269238607535e-05	0.000142190492227517	7.34390856166213e-05
rf_006_037	3.63285358449984e-05	0.000134389779807575	0.000186935854296854
rf_037_043	3.53082142969707e-05	0.000140908993557012	0.00051741173957165
rf_013_035	3.52556673484071e-05	0.000135944007682315	8.01153661272232e-05
rf_001_027	3.4571082985142e-05	0.000137741391715048	0.000223655397105165
Visa_fechaalta_delta2	3.23692450608568e-05	5.52358785927612e-06	6.34246648507184e-05
rf_023_045	3.18301190488814e-05	8.06062663747189e-05	0.000333814025530097
rf_029_032	2.85594735000981e-05	6.77124182130298e-05	0.000247022378892272
rf_011_030	2.48861575527697e-05	3.89608454773569e-05	0.000190273994552155
rf_020_037	2.36412957061144e-05	0.00023112978585454	0.000253698659402873
rf_035_047	2.23005437337999e-05	0.00169364835830261	0.000307108903487689
rf_013_033	2.18376793218303e-05	0.000388688404446028	0.000183597714041553
rf_032_038	1.96936073656416e-05	3.00002124659078e-05	4.00576830636116e-05
mv_Finiciomora_delta1	1.756790729558e-05	1.09321694276096e-05	1.66907012765048e-05
rf_003_028	1.74910740642151e-05	0.000975815235072629	9.34679271484271e-05
mes	1.57809184437149e-05	3.50539174793323e-05	0.000120173049190835
rf_016_052	1.57791981195276e-05	0.00010639067680407	7.67772258719222e-05
rf_002_045	1.55342499780456e-05	9.57180930045886e-05	0.000123511189446136
rf_007_042	1.50952229085262e-05	7.4675227656103e-05	0.000116834908935534
cliente_vip_lag2	1.21069964727757e-05	1.67744890074983e-05	1.66907012765048e-05
rf_024_035	1.0394008355308e-05	6.9591949596436e-05	0.000156892591999145
rf_016_040	9.78976274880627e-06	2.35795755372787e-05	2.33669817871068e-05
rf_044_029	8.17021185774649e-06	3.50144867510091e-05	9.01297868931261e-05
rf_018_037	7.72891461042084e-06	6.69106600704579e-05	0.000113496768680233
rf_037_041	7.35162424618549e-06	0.00044995718447224	8.01153661272232e-05
rf_032_052	6.90528851383829e-06	0.000235187864977804	6.34246648507184e-05
rf_028_044	6.68258094287216e-06	2.58435565218362e-05	7.34390856166213e-05
rf_023_032	5.48723114102516e-06	0.00015943157818684	0.000143540030977942
mv_fechaalta_delta2	4.64494800247449e-06	6.72951096716091e-06	4.33958233189126e-05
rf_048_041	3.61073227479114e-06	0.000104488144162476	8.67916466378251e-05
rf_020_039	2.90492084113779e-06	9.42722996327376e-06	6.67628051060193e-05
rf_031_027	8.20220810805858e-07	6.12819236023198e-05	6.67628051060193e-05
