Feature	Gain	Cover	Frequency
ctrx_quarter_rank	0.0634504200436728	0.0132562523625302	0.00635554748501907
rf_015_031	0.0569419523535283	0.00188542917288209	0.000907935355002724
rf_040_043	0.0558275440734331	0.0131739481286914	0.00453967677501362
ctrx_quarter_normalizado	0.0527502908032063	0.0147111948038504	0.00671872162702016
cproductos_sobre_ctrx_q_rank	0.0271343956930225	0.00343407320499849	0.0036317414200109
cproductos_sobre_ctrx_q	0.0267301438730829	0.00352435108382333	0.00254221899400763
rf_029_050	0.024928383744059	0.00251093234028868	0.000907935355002724
mcaja_ahorro	0.0244822809970085	0.00207278730563283	0.00236063192300708
mtarjeta_visa_consumo	0.0152543747016492	0.00382491695583894	0.00381332849101144
cpayroll_trx_rank	0.0151173261381025	0.0145093759929046	0.00889776647902669
mpasivos_margen_por_ctrx_q_rank	0.0149344092984603	0.00191052137772512	0.000907935355002724
ctrx_quarter_normalizado_rank	0.0133305214488	0.00754869926199636	0.00508443798801525
mpayroll_sobre_edad	0.0128242773961329	0.013583216855799	0.00453967677501362
cpayroll_trx	0.0127410291474485	0.00550172494267422	0.00345015434901035
mtarjeta_visa_consumo_rank	0.0120190338790767	0.0050917804829407	0.00490285091701471
cproductos_ratioavg6	0.0103790629240775	0.0052325581133437	0.00381332849101144
cproductos_sobre_ctrx_q_lag1	0.00876146748410552	0.00203809969750153	0.00308698020700926
mprestamos_personales_ratioavg6	0.0085078974827573	0.0130737595046862	0.00490285091701471
cpayroll_trx_ratiomax6	0.00744328948024084	0.0114234852856293	0.00435808970401307
ratio_totalcomisiones_antiguedad_lag1	0.00727809632683568	0.00574985396291733	0.00562919920101689
mpayroll	0.00676890785717468	0.00347358103919479	0.00290539313600872
mcuentas_saldo_ratioavg6	0.00660981646968143	0.0110244876944359	0.0085345923370256
ratio_totalcomisiones_antiguedad_lag2	0.00635298560048729	0.00695126152298692	0.00581078627201743
mpayroll_sobre_edad_rank	0.00623986110113841	0.00436541295890298	0.00326856727800981
cpayroll_trx_ratioavg6	0.0060806904888788	0.0062155688887113	0.00254221899400763
mprestamos_personales_ratiomax6	0.00569897942580916	0.00750549742277829	0.00308698020700926
ccomisiones_mantenimiento_rank	0.00565992179401195	0.0113933025616709	0.00581078627201743
rf_003_050	0.00445752195032841	0.000883723128196976	0.00036317414200109
exp_totalcomisiones_lag6	0.00444646928480968	0.00387676817266897	0.00308698020700926
rf_013_034	0.00443698242706161	0.000831061032215823	0.000544761213001634
mpayroll_rank	0.00431765554313816	0.00580089430059624	0.00399491556201198
ccomisiones_mantenimiento_avg6	0.00419902728716618	0.00913725656788462	0.00254221899400763
mcaja_ahorro_rank	0.00405239507903726	0.00335285014336118	0.00399491556201198
mcomisiones_mantenimiento_ratioavg6	0.00400056491570885	0.00203652298804102	0.0016342836390049
cproductos_sobre_ctrx_q_lag6	0.00395364545101933	0.00178636676992011	0.00217904485200654
total_comisiones_lag2	0.00382786982247943	0.00381437552687436	0.00345015434901035
rf_037_029	0.00380877035963448	0.000341605366830691	0.000544761213001634
rf_034_041	0.00374249178880589	0.000357913047536574	0.000544761213001634
mv_mpagominimo_rank	0.00371197824527087	0.000587572042670804	0.00127110949700381
cproductos_ratiomax6	0.00366503187658404	0.00236709138864812	0.00181587071000545
exp_totalcomisiones_lag2	0.0036146502783831	0.00668362635427517	0.00490285091701471
mpasivos_margen_por_ctrx_q	0.00353734339513439	0.00164311145322203	0.00326856727800981
ratio_totalcomisiones_antiguedad	0.00350288120602046	0.0047224700784467	0.00490285091701471
cproductos_sobre_edad	0.0034436091140414	0.00488788942527544	0.00544761213001634
thomebanking_rank	0.00328062615953445	0.00997800310107217	0.00562919920101689
ctarjeta_visa_trx_ratioavg6	0.0032803314022509	0.00296015939000985	0.00217904485200654
mcomisiones_mantenimiento_max6	0.00325416142126542	0.00235830686451097	0.00254221899400763
rf_009_032	0.00309882760827197	0.00275541240435174	0.00127110949700381
ccomisiones_mantenimiento_ratioavg6	0.00305854761448422	0.00222527763488535	0.0016342836390049
ctarjeta_visa_trx_ratiomax6	0.00296461899750808	0.00494208318187537	0.00472126384601416
total_deuda_acumulada_delta6	0.00294294479409827	0.0024479540595516	0.00127110949700381
mpasivos_margen_por_edad_rank	0.00294031642969293	0.00149530620350931	0.00199745778100599
Visa_cconsumos_delta6	0.0028620761227627	0.0105007048116533	0.00508443798801525
mpayroll_avg6	0.0027504551353406	0.00170437787797341	0.00199745778100599
ratio_totalcomisiones_antiguedad_rank	0.00268848887928674	0.0034679949828204	0.00326856727800981
total_comisiones_lag6	0.00263939922395778	0.00295831238749896	0.00236063192300708
Visa_status_max6	0.0026050695584107	0.00600807392370771	0.00145269656800436
Visa_mpagospesos_ratiomax6	0.00256947842206038	0.00437518855755816	0.0052660250590158
mcuentas_saldo_min6	0.00252396371665108	0.00308296253256299	0.00236063192300708
exp_totalcomisiones_lag1	0.00251955128929554	0.00328059180122793	0.00308698020700926
mcaja_ahorro_delta6	0.0024615467122269	0.00137056596076183	0.00254221899400763
cpagomiscuentas_ratioavg6	0.00242092527870544	0.0107313999301473	0.00399491556201198
mactivos_margen_por_ctrx_q_rank	0.00241499738194351	0.00364278448872876	0.00326856727800981
total_comisiones_lag1	0.00236909976444265	0.00288190955192665	0.00326856727800981
Master_fechaalta_rank	0.00231607750286991	0.00101067076418918	0.00217904485200654
mcomisiones_mantenimiento_rank	0.00220227331002103	0.00279347867561271	0.00254221899400763
mpasivos_margen_max6	0.00219854442877206	0.000625322972039671	0.00108952242600327
total_comisiones_rank	0.00210383515317578	0.00164473321152427	0.00181587071000545
total_deuda_acumulada_rank	0.00206888009506491	0.00237294773807288	0.00199745778100599
mactivos_margen_min6	0.00206334270435317	0.00245056689237188	0.00199745778100599
mv_status05_delta2	0.00204372671567074	0.00976312012602504	0.00236063192300708
mactivos_margen_sobre_edad	0.00202848769559804	0.00159684629276639	0.00145269656800436
Visa_msaldopesos	0.00199573350765182	0.00177897875987656	0.00181587071000545
mcuentas_saldo_delta6	0.00196208634726753	0.00202796370811252	0.0036317414200109
mactivos_margen	0.00192513204504703	0.0010684233792857	0.00145269656800436
mactivos_margen_sobre_edad_lag2	0.00192065421218916	0.00570759814937556	0.00236063192300708
mactivos_margen_por_antiguedad_rank	0.0019172886631323	0.00348732093592212	0.00272380606500817
mv_cconsumos_delta6	0.00189730547236518	0.00773398514802757	0.00508443798801525
rf_035_056	0.00189484938397372	0.000254525955768615	0.00036317414200109
ctrx_quarter_ratioavg6	0.00188845290280909	0.00172487510096009	0.00181587071000545
mrentabilidad_annual_sobre_ctrx_q_delta1	0.00188779617418964	0.00346389553822306	0.00399491556201198
mpasivos_margen_sobre_edad_rank	0.0018743753372778	0.000519007705559329	0.000544761213001634
cprestamos_personales_avg6	0.00187340340331411	0.00680890718312341	0.00217904485200654
mv_msaldototal	0.00186570124106153	0.00048607700225546	0.000907935355002724
chomebanking_trx_ratioavg6	0.00182669662291549	0.00410322870004044	0.00435808970401307
mcuenta_debitos_automaticos_rank	0.00181931889266674	0.00404547608494392	0.00399491556201198
rf_020_030	0.00179150217825905	0.00117726138090287	0.000907935355002724
cproductos_sobre_antiguedad_delta6	0.00178092017406789	0.00226645227622562	0.0036317414200109
mcuentas_saldo_ratiomax6	0.0017652285487171	0.00135137515418529	0.00254221899400763
exp_totalcomisiones	0.00175983868545525	0.00159797251380961	0.00217904485200654
ratio_deuda_acumulada_cproductos_sobre_ctrx_q_delta6	0.001666283133488	0.00227447097005338	0.0016342836390049
mv_msaldototal_rank	0.00166117407318515	0.00127073772749046	0.00199745778100599
mtransferencias_recibidas_lag1	0.00163566696871529	0.0027643771238558	0.00199745778100599
ctransferencias_recibidas_rank	0.00163446090859388	0.00216130827963023	0.00326856727800981
mcuentas_saldo_rank	0.00162325047940199	0.000426071945072488	0.000726348284002179
mactivos_margen_sobre_antiguedad_rank	0.00160918305413042	0.00236803741432442	0.00181587071000545
mactivos_margen_ratioavg6	0.00159923805491784	0.00233623293206378	0.00308698020700926
ctarjeta_master_trx_rank	0.00159292655898232	0.00252034754821003	0.00217904485200654
ccallcenter_trx	0.00159056955206004	0.00538576922406388	0.00199745778100599
mcomisiones_mantenimiento_ratiomax6	0.00158252280287344	0.000610592000794301	0.000907935355002724
mprestamos_personales_min6	0.00154717915316662	0.000644513778616207	0.000544761213001634
mrentabilidad_annual_sobre_edad_delta6	0.00154630138705119	0.00494969643612757	0.00272380606500817
total_deuda_acumulada_delta2	0.00152871415431936	0.00640472897513119	0.00217904485200654
Visa_msaldototal	0.0015196963610718	0.00307958386943332	0.0036317414200109
ratio_deuda_acumulada_antiguedad	0.00148175180290623	0.00203706357414177	0.00145269656800436
total_deuda_acumulada_lag1	0.0014366441565373	0.000506754420609052	0.000544761213001634
mv_status04	0.00142992366422985	0.00112477948028863	0.00108952242600327
cproductos_sobre_edad_rank	0.00142436059739229	0.00452421012599756	0.00472126384601416
ctrx_quarter_ratiomax6	0.0014142581425363	0.00232722316371799	0.00381332849101144
Master_Fvencimiento_ratioavg6	0.00141361480735683	0.00236429836046092	0.00308698020700926
ccallcenter_trx_rank	0.00140203782617354	0.00368098590651491	0.00290539313600872
cproductos_sobre_edad_delta6	0.00140143688853942	0.00143615707431919	0.00272380606500817
chomebanking_trx_delta2	0.00139389936356027	0.00535653252578179	0.00381332849101144
total_deuda_acumulada	0.0013930841481106	0.00374274786852532	0.00145269656800436
mcomisiones_mantenimiento	0.00138115723589977	0.00232145691197668	0.0016342836390049
mtarjeta_visa_debitos_automaticos_delta6	0.00137900198967125	0.004878654412721	0.00236063192300708
mcaja_ahorro_ratioavg6	0.00137059074373911	0.00152602951356846	0.00217904485200654
cliente_edad_lag6	0.00136974076110346	0.00155193259756261	0.00272380606500817
mrentabilidad_annual_exp_delta6	0.00135306705841314	0.00110869704379139	0.00145269656800436
ctransferencias_recibidas_ratiomax6	0.00135074232813817	0.00117000851738451	0.00254221899400763
mcaja_ahorro_dolares_ratioavg6	0.00134636808945707	0.00239128261665657	0.00308698020700926
cprestamos_personales_rank	0.0013194740577378	0.0022690651090459	0.00290539313600872
total_comisiones	0.001304316660283	0.00196980565344043	0.00217904485200654
mcuenta_corriente_rank	0.00130413665398832	0.00263022167318696	0.00290539313600872
numero_de_cliente	0.00130363602097942	0.00271221056513367	0.00308698020700926
mtransferencias_recibidas	0.00130084811121659	0.00158729593831985	0.00181587071000545
cproductos_rank	0.00130035585445288	0.00310035138547037	0.00381332849101144
mcomisiones_mantenimiento_delta6	0.00129564801590703	0.00233132260831532	0.0016342836390049
mrentabilidad_por_antiguedad_delta1	0.00129118540125705	0.00262179753978365	0.00308698020700926
ratio_deuda_acumulada_antiguedad_rank	0.00128080378611329	0.00139061269533121	0.00199745778100599
mcuenta_debitos_automaticos	0.00127978622691096	0.00343799245422891	0.00217904485200654
mv_Fvencimiento	0.00127288949713483	0.000954089418977608	0.0016342836390049
mcomisiones_por_ctrx_q_delta6	0.00126529777873529	0.00148341330929287	0.00236063192300708
mpayroll_ratioavg6	0.00125085971101418	0.00647622148695505	0.00399491556201198
ratio_totalcomisiones_ctrx_lag6	0.0012464258910112	0.0011858657096731	0.00199745778100599
mcaja_ahorro_max6	0.00124570732698264	0.00162729930977516	0.00145269656800436
rf_003_048	0.00124264598557347	0.000118343307221974	0.000181587071000545
mcaja_ahorro_lag6	0.00122796025854848	0.0012991184977797	0.00127110949700381
mcuenta_corriente_ratiomax6	0.00122763911360435	0.000899805564694214	0.00181587071000545
mrentabilidad_annual_por_edad_delta6	0.00122308044812058	0.00142791313628279	0.00254221899400763
cliente_edad_avg6	0.00121317884095085	0.00249349843853957	0.00272380606500817
mcaja_ahorro_min6	0.00121102982329163	0.0020679220307261	0.0016342836390049
cpagomiscuentas_ratiomax6	0.00120380620057169	0.00358827539023672	0.00290539313600872
Master_fechaalta_lag6	0.00119528034528654	0.00250827445862667	0.00381332849101144
mpayroll_delta6	0.00119321568204016	0.00429820008704337	0.00326856727800981
mrentabilidad_ratioavg6	0.00119264474201167	0.00158337668908943	0.00217904485200654
mvr_mpagominimo_lag2	0.00118950712807034	0.00246854138022173	0.00217904485200654
mpayroll_sobre_edad_delta6	0.00117928815177769	0.00427310788220034	0.00399491556201198
Master_Fvencimiento_avg6	0.0011769911464542	0.00144039166544171	0.00181587071000545
ccomisiones_otras_ratioavg6	0.00116417433820517	0.00162450628158797	0.00272380606500817
rf_041_040	0.00116084225336427	0.000277005327791365	0.000544761213001634
rf_026_027	0.00115581768270818	0.000380212224192408	0.000544761213001634
mrentabilidad_ratiomax6	0.00115448873495736	0.001681177724483	0.00272380606500817
Visa_mpagospesos_tend6	0.00115099433143151	0.00231393375540794	0.00272380606500817
mcaja_ahorro_dolares_delta2	0.00114478661431932	0.00108175783643748	0.00108952242600327
mtransferencias_recibidas_rank	0.00112862993912043	0.0017583463903647	0.00236063192300708
chomebanking_trx_ratiomax6	0.00112501574846731	0.00211882722187983	0.00345015434901035
mrentabilidad_annual_delta1	0.00111204382423677	0.000905887158327623	0.00236063192300708
mrentabilidad_annual_sobre_ctrx_q_delta2	0.00110847054362368	0.00147408819905497	0.00272380606500817
Visa_fechaalta	0.0011078221666813	0.00123366253074752	0.00181587071000545
ctrx_quarter_delta6	0.00110460996963748	0.00187047295742808	0.00236063192300708
mpasivos_margen_sobre_antiguedad_delta1	0.00110427186898278	0.0025749016955438	0.00272380606500817
ratio_deuda_acumulada_cproductos_sobre_ctrx_q_rank	0.00109179047709205	0.00131425490860063	0.00236063192300708
ctarjeta_visa_trx	0.00107861075590821	0.00266400830448368	0.00290539313600872
ratio_totalcomisiones_ctrx_delta6	0.00107465602211061	0.00155157220682878	0.00272380606500817
mcaja_ahorro_dolares_delta1	0.00106652370062437	0.00126073688462663	0.00145269656800436
Visa_fechaalta_lag1	0.00105978536922128	0.00199210483009627	0.00326856727800981
mcomisiones_sobre_ctrx_q_rank	0.00105495143618441	0.000603699528009771	0.00145269656800436
ctarjeta_visa_trx_rank	0.00105402644086082	0.00282019263875798	0.00381332849101144
mrentabilidad_sobre_ctrx_q_rank	0.00104993262405163	0.00145985276506862	0.00217904485200654
ratio_totalcomisiones_antiguedad_delta1	0.00104889654245196	0.00175902212299064	0.00217904485200654
mpagomiscuentas_avg6	0.00104730117067038	0.00271171502787465	0.00199745778100599
mrentabilidad_rank	0.00103112919604644	0.00171325249979401	0.00181587071000545
mcomisiones_lag2	0.00102897837306499	0.00196931011618141	0.00217904485200654
ctrx_quarter_delta1	0.0010108839870009	0.00300872204139367	0.00236063192300708
mv_fechaalta_lag1	0.00100176796025198	0.000697220923439088	0.00127110949700381
mcaja_ahorro_ratiomax6	0.000990887306385695	0.00131799396246413	0.00254221899400763
Master_Fvencimiento_min6	0.000988959023147377	0.00106072002735005	0.00236063192300708
cproductos_sobre_edad_lag1	0.000986307797691123	0.00117847769962955	0.00236063192300708
cliente_edad_min6	0.000978756845205975	0.00184569609447715	0.00236063192300708
chomebanking_trx_delta1	0.000978668887639531	0.00362773817559129	0.00181587071000545
Master_Fvencimiento_lag2	0.000963973132122012	0.0018218202083608	0.00199745778100599
mrentabilidad_annual_min6	0.000961311596580022	0.000585634942476458	0.000907935355002724
mcuentas_saldo_delta1	0.000938406268782402	0.00246664932886911	0.00254221899400763
mplazo_fijo_dolares_rank	0.000935282409442831	0.00251025660766275	0.00199745778100599
ratio_total_mcaja_ahorro_ctrx_q_delta1	0.00093152409035134	0.00133340066633544	0.00236063192300708
rf_014_039	0.000930084826287239	0.00120176795080342	0.00108952242600327
mv_Fvencimiento_lag2	0.000929891927462505	0.00130501989604619	0.00199745778100599
mv_fechaalta	0.000927784112236344	0.00210035719677095	0.00290539313600872
mrentabilidad	0.000925245139575774	0.000556533390719551	0.00127110949700381
mpasivos_margen_sobre_antiguedad_lag1	0.000919463807311153	0.000578382078958096	0.00108952242600327
mactivos_margen_por_edad	0.000918126902206527	0.00287186366022109	0.00217904485200654
mcaja_ahorro_dolares	0.000917702496020912	0.00160752286825615	0.0016342836390049
mtarjeta_visa_consumo_ratioavg6	0.000916669645227011	0.00165838301056814	0.00254221899400763
total_mcaja_ahorro_lag6	0.0009106827118693	0.00108639786713556	0.00181587071000545
mrentabilidad_annual_sobre_antiguedad_delta6	0.000908116759874467	0.00101895975106731	0.00181587071000545
mcomisiones_sobre_antiguedad_lag2	0.000907845230639361	0.00276334100049603	0.00236063192300708
mrentabilidad_annual_sobre_ctrx_q	0.000900227038088984	0.00106171110186809	0.00217904485200654
mrentabilidad_sobre_ctrx_q_delta2	0.00089936661378796	0.00123726643808584	0.00254221899400763
mactivos_margen_sobre_antiguedad	0.000895109769569062	0.000292276885137482	0.000726348284002179
ratio_deuda_acumulada_cproductos_sobre_ctrx_q_delta2	0.000893072908964441	0.00359728515858251	0.00127110949700381
mrentabilidad_exp_lag6	0.000891921787260051	0.000811690030272371	0.00145269656800436
mrentabilidad_sobre_edad_rank	0.00087240161924768	0.00129182058541961	0.00181587071000545
ratio_total_mcaja_ahorro_ctrx_q	0.000868057305554876	0.00123267145622949	0.00199745778100599
mcomisiones_rank	0.000862059116386353	0.00117919848109721	0.00181587071000545
ccallcenter_trx_ratioavg6	0.00086138098782426	0.00183875857285089	0.00108952242600327
mtransferencias_emitidas_max6	0.00086060605130405	0.00183168590469945	0.00236063192300708
Visa_msaldopesos_ratiomax6	0.00086042517914473	0.00239132766549829	0.00290539313600872
mprestamos_personales	0.000860310447855499	0.000578427127799825	0.00036317414200109
ctarjeta_visa_debitos_automaticos_ratioavg6	0.000852266941508813	0.00211616934021782	0.00217904485200654
Visa_fechaalta_ratioavg6	0.000850363439158147	0.00117978411603969	0.00199745778100599
mpasivos_margen_ratioavg6	0.000848784702684359	0.000730692212843704	0.00145269656800436
mcomisiones_sobre_antiguedad_lag6	0.000837167418012558	0.00128006283772835	0.00236063192300708
ratio_totalcomisiones_antiguedad_lag6	0.000834472684614531	0.000716907267274643	0.00145269656800436
mcaja_ahorro_dolares_ratiomax6	0.000831356329296748	0.00205215493612097	0.0016342836390049
mrentabilidad_sobre_ctrx_q_delta6	0.000821100794982799	0.00077975040148654	0.0016342836390049
mpasivos_margen_por_antiguedad_delta1	0.000820839412358546	0.000731548140836554	0.0016342836390049
mrentabilidad_annual_por_ctrx_q_delta6	0.000817524884778656	0.000887101791326647	0.00145269656800436
mpasivos_margen_sobre_ctrx_q	0.000817434769864116	0.000722943812066323	0.00181587071000545
mcomisiones_sobre_edad_delta6	0.00081303873610267	0.000600140669513183	0.0016342836390049
mcuenta_corriente_avg6	0.000804144259148369	0.00116712539151385	0.00181587071000545
mrentabilidad_annual_sobre_ctrx_q_delta6	0.000804079144454067	0.00146093393727012	0.00199745778100599
mpayroll_tend6	0.000787995921384489	0.00665195701853972	0.00290539313600872
mtransferencias_recibidas_delta6	0.000787454853569879	0.00107333370303416	0.00181587071000545
mpasivos_margen_tend6	0.000786252864146642	0.000645459804292515	0.0016342836390049
ratio_totalcomisiones_ctrx_lag2	0.000784888247600118	0.0011024803036328	0.00145269656800436
mrentabilidad_sobre_ctrx_q_delta1	0.000784375439002627	0.00117095454306081	0.00199745778100599
Visa_msaldopesos_lag1	0.000778631327737617	0.00207400362435951	0.00199745778100599
Visa_cconsumos_ratioavg6	0.000777689216210874	0.00238898512572839	0.00308698020700926
mactivos_margen_por_ctrx_q	0.000777235166986052	0.00179605227089184	0.00145269656800436
Visa_mconsumospesos_lag2	0.000769965721377583	0.0010866231113442	0.00181587071000545
ratio_total_mcaja_ahorro_ctrx_q_lag6	0.000769482847784669	0.000711861797001	0.00217904485200654
cliente_edad_rank	0.000765165023620742	0.00231794310232182	0.00181587071000545
mcomisiones_por_edad_rank	0.00076459980173667	0.000956657202956159	0.00108952242600327
Master_Fvencimiento_rank	0.000760768420670782	0.000523918029307785	0.00108952242600327
mv_mpagominimo_lag1	0.000755671676920523	0.00116545858436988	0.0016342836390049
mrentabilidad_sobre_antiguedad_delta6	0.000748575826545753	0.00124384356897827	0.00181587071000545
Visa_mpagominimo	0.0007460045100847	0.00127425153714532	0.00272380606500817
mrentabilidad_annual_delta6	0.00074345220377556	0.00159463889952167	0.00181587071000545
mcomisiones_otras_ratioavg6	0.000741994231948906	0.000766911481593787	0.0016342836390049
mtransferencias_emitidas_rank	0.000739989034737121	0.00347331074614442	0.0036317414200109
ratio_totalcomisiones_ctrx	0.000737988709551806	0.00113455507894382	0.00145269656800436
Visa_mpagospesos_max6	0.000735540695105034	0.00190673727501989	0.00290539313600872
mcuenta_corriente_delta6	0.000734101289700681	0.000905932207169352	0.00199745778100599
rf_047_032	0.000733391120137137	0.000103387091767959	0.00036317414200109
Master_mpagominimo	0.000733361673099516	0.000830430348431618	0.000726348284002179
ratio_total_mcaja_ahorro_ctrx_q_lag1	0.000730961193562719	0.00152756117418725	0.0016342836390049
mactivos_margen_sobre_ctrx_q_delta2	0.000727943828258334	0.000793985835472891	0.0016342836390049
Master_Fvencimiento_lag6	0.000726825197840499	0.000675282137517085	0.00145269656800436
mcomisiones_por_edad_lag6	0.000725353371426084	0.00114027628184339	0.00145269656800436
Visa_fechaalta_lag6	0.000722210903357805	0.00141836278183625	0.00236063192300708
mactivos_margen_delta1	0.000714307226929097	0.00122375178556715	0.00145269656800436
mrentabilidad_tend6	0.000714088373895249	0.00175307567588241	0.00145269656800436
mv_msaldopesos_delta6	0.000712782516639775	0.00257782987025618	0.00308698020700926
mcomisiones_por_ctrx_q_rank	0.000712275422068023	0.000620773039025046	0.00145269656800436
mpasivos_margen_por_antiguedad_delta6	0.000709515438746173	0.000967333778445922	0.00181587071000545
ratio_totalcomisiones_antiguedad_delta6	0.000708897858704993	0.000895841266622065	0.00127110949700381
mcomisiones_otras_min6	0.000706329442058118	0.0012060926396094	0.00145269656800436
mactivos_margen_avg6	0.000705596535397572	0.0008316466671583	0.0016342836390049
mcaja_ahorro_dolares_delta6	0.000700849469596124	0.00154945491126752	0.00108952242600327
ratio_total_mcaja_ahorro_ctrx_q_lag2	0.000694580470523389	0.000460309064786496	0.00127110949700381
Visa_msaldopesos_ratioavg6	0.000693327658707335	0.00144642821023339	0.00199745778100599
mcomisiones_por_edad_lag2	0.000692362810759098	0.000752901291816081	0.00127110949700381
mcomisiones_lag6	0.000691932733807586	0.00112640123859087	0.00145269656800436
mactivos_margen_por_edad_delta1	0.00068869176616763	0.00173140718301078	0.00181587071000545
mrentabilidad_annual_por_antiguedad_delta6	0.00068749828550027	0.000536937144567454	0.00127110949700381
mprestamos_personales_max6	0.000684668357501416	0.000575093513511882	0.000726348284002179
Visa_msaldototal_max6	0.000684045563186675	0.0011793336276224	0.00254221899400763
mautoservicio_ratioavg6	0.000683021680054201	0.000921068617990282	0.00181587071000545
mcuenta_corriente_lag6	0.000679280101919601	0.00119546111296137	0.00108952242600327
ccomisiones_mantenimiento	0.000677601426187715	0.000146363686777386	0.00036317414200109
ctransferencias_emitidas_delta6	0.000675627946386193	0.0020055293849315	0.00181587071000545
mrentabilidad_sobre_ctrx_q	0.000674117738830349	0.000648973613947374	0.00127110949700381
ratio_total_mcaja_ahorro_antiguedad_lag6	0.000671134949356229	0.000872641113131652	0.00127110949700381
Master_mfinanciacion_limite_lag6	0.000670419561154663	0.000756730443363042	0.00145269656800436
cproductos_sobre_edad_lag6	0.000665135032846317	0.00229321128821262	0.00236063192300708
mcomisiones_sobre_ctrx_q	0.000661625058227109	0.000509051911537229	0.00145269656800436
mplazo_fijo_dolares_ratioavg6	0.000660100317282406	0.00446190757788641	0.00127110949700381
ratio_total_mcaja_ahorro_antiguedad_lag1	0.000659927382072007	0.000752811194132623	0.000907935355002724
Visa_mpagominimo_ratioavg6	0.000658933662808843	0.000528693206531055	0.00145269656800436
ctransferencias_recibidas_avg6	0.000654252149441067	0.00105653048506926	0.000907935355002724
Master_Fvencimiento_max6	0.000651623248714008	0.00111302173259737	0.00199745778100599
mactivos_margen_por_antiguedad	0.000648764811275603	0.00242515934563674	0.00181587071000545
mtarjeta_visa_debitos_automaticos_ratioavg6	0.000647937975635135	0.00117059415232698	0.00181587071000545
chomebanking_trx_tend6	0.000646940159807113	0.00198431138047716	0.0016342836390049
mcaja_ahorro_lag1	0.000645684359483522	0.000643747948306815	0.00108952242600327
ratio_total_mcaja_ahorro_ctrx_q_delta6	0.000645450331235477	0.00103121303601759	0.00145269656800436
mcomisiones_sobre_antiguedad_rank	0.000641871506641409	0.0015173801359565	0.00108952242600327
mcuenta_corriente_ratioavg6	0.000641448501578267	0.000880254367383846	0.00181587071000545
mtarjeta_visa_debitos_automaticos_tend6	0.000640354504971926	0.000767767409586637	0.00108952242600327
mv_mpagominimo	0.000638836432360852	0.00105306172425613	0.00145269656800436
mactivos_margen_por_edad_delta6	0.000633990725307305	0.000760874936802106	0.00145269656800436
cplazo_fijo_ratiomax6	0.000632661982211116	0.00296178114831209	0.000907935355002724
mrentabilidad_annual_sobre_antiguedad_lag6	0.000632414377675294	0.00107180204241538	0.00199745778100599
mrentabilidad_sobre_antiguedad_lag1	0.000631689142456794	0.00123528428904977	0.00181587071000545
mcomisiones_min6	0.000628841196900252	0.000693752162625958	0.00108952242600327
ratio_comisiones_lag6	0.000626263048145185	0.000506889567134239	0.00127110949700381
Visa_msaldototal_delta6	0.000624771480362507	0.00123749168229449	0.0016342836390049
mvr_msaldototal_lag1	0.000620857198577534	0.00217666993465981	0.00108952242600327
ratio_totalcomisiones_ctrx_lag1	0.000620286461986193	0.00166324828547487	0.00181587071000545
Visa_cconsumos_lag6	0.000619838913679163	0.000672173767437787	0.00181587071000545
rf_014_038	0.000615863146238553	0.000641855896954198	0.000726348284002179
total_mcaja_ahorro_lag1	0.000614444109477736	0.000951566683840787	0.00145269656800436
mpasivos_margen_sobre_edad_lag2	0.000608664180333661	0.000508331130069566	0.00127110949700381
mv_fechaalta_lag6	0.000607863898603459	0.00151625391491328	0.00199745778100599
mcomisiones_sobre_edad_lag6	0.000607599666546525	0.000573156413317537	0.00108952242600327
cproductos_sobre_antiguedad_delta1	0.000600380967377834	0.000824619047848582	0.00145269656800436
chomebanking_trx	0.000599997377704175	0.000634017398493359	0.00145269656800436
mactivos_margen_por_ctrx_q_delta6	0.000599048794239429	0.000551127529712076	0.000907935355002724
Visa_msaldopesos_delta2	0.000598020034295648	0.000453416592001966	0.00108952242600327
mvr_mpagado_rank	0.000596378814962877	0.00123357243306407	0.00181587071000545
ctarjeta_visa_debitos_automaticos_tend6	0.00059426327672857	0.00179361963343848	0.00108952242600327
Visa_mpagado_ratioavg6	0.000593234828014213	0.00554799010312986	0.00236063192300708
mcomisiones_max6	0.000592098338113197	0.00060198767202407	0.00108952242600327
mcomisiones_ratiomax6	0.000590991788201428	0.000690013108762455	0.0016342836390049
cproductos_sobre_antiguedad_delta2	0.000590484244522308	0.000931564998113129	0.00145269656800436
mpasivos_margen_sobre_edad_lag6	0.000584605299284582	0.00107941529666757	0.00199745778100599
ctarjeta_visa_trx_delta2	0.000584306861984526	0.00334555223100109	0.00108952242600327
ratio_total_mcaja_ahorro_antiguedad_delta6	0.000583385093452193	0.00130209172133381	0.00181587071000545
mv_status01_rank	0.000583189801131909	0.000646000390393262	0.00127110949700381
cproductos_sobre_edad_lag2	0.000580525763734087	0.00190079082791167	0.00326856727800981
rf_032_036	0.000578734969031599	0.000662623412991248	0.000544761213001634
mtransferencias_emitidas_avg6	0.000577088456373389	0.000885119642290573	0.00181587071000545
mactivos_margen_rank	0.000575477044488332	0.000608249461024395	0.000907935355002724
mcuenta_corriente_tend6	0.000571831327227827	0.000862685319109552	0.000907935355002724
cliente_edad_lag2	0.000571523343770194	0.00098733546417358	0.00199745778100599
mtransferencias_emitidas_ratiomax6	0.000569993170161176	0.000622394797327288	0.00127110949700381
exp_totalcomisiones_rank	0.000568634849766317	0.00107855936867472	0.000907935355002724
Visa_mfinanciacion_limite_max6	0.000567878364359455	0.00112086023105821	0.000907935355002724
mcuentas_saldo_tend6	0.000565211126432165	0.00112703192237508	0.00199745778100599
mcomisiones_sobre_ctrx_q_delta6	0.000564159651059157	0.000951386488473871	0.0016342836390049
mplazo_fijo_dolares_delta6	0.000558443727128292	0.00281559765690162	0.000907935355002724
mv_mpagospesos_delta6	0.000554578881838393	0.000706185642943151	0.00108952242600327
mrentabilidad_annual_sobre_edad_lag6	0.000539318195413448	0.000670912399869376	0.00108952242600327
cmobile_app_trx_rank	0.000535976391047981	0.000705554959158945	0.00127110949700381
mcomisiones_por_antiguedad_delta6	0.000532517073125536	0.000940709912984108	0.00181587071000545
mv_mpagominimo_lag2	0.00053078725611329	0.00107783858720706	0.00127110949700381
mcuenta_corriente_min6	0.000530248099353275	0.000388591308753995	0.000907935355002724
mactivos_margen_sobre_ctrx_q_delta6	0.000529551804199489	0.0020144040067521	0.00108952242600327
mrentabilidad_annual_por_edad_delta2	0.000522620594545117	0.000408998434057213	0.00108952242600327
Master_mpagominimo_max6	0.000520936370657489	0.00176384234905563	0.00127110949700381
Visa_mpagominimo_min6	0.000518874889039268	0.000939944082674716	0.00145269656800436
Master_status_max6	0.00051390301061102	0.000360210538464751	0.000544761213001634
mpasivos_margen_por_antiguedad_lag1	0.000513076079707845	0.000940034180358174	0.00127110949700381
Visa_fechaalta_rank	0.000509615455426663	0.000896471950406271	0.00145269656800436
mvr_Visa_mlimitecompra	0.0005080111908452	0.000879533585916182	0.00108952242600327
ratio_total_mcaja_ahorro_antiguedad_rank	0.000507748956258952	0.000817005793596388	0.00108952242600327
chomebanking_trx_avg6	0.000506191193133517	0.000459543234477104	0.00145269656800436
Master_fultimo_cierre_avg6	0.000500683540536563	0.00187903223735658	0.000907935355002724
mrentabilidad_delta2	0.000493314435855567	0.000673119793114095	0.00127110949700381
mrentabilidad_max6	0.000493123895301694	0.000537207437617828	0.00145269656800436
mactivos_margen_ratiomax6	0.000491765600637413	0.00205846177396302	0.00145269656800436
cproductos_avg6	0.00049030018203003	0.00272297723830689	0.00272380606500817
ctarjeta_debito_rank	0.000489286549566342	0.000629062025903174	0.00145269656800436
Visa_mpagominimo_lag2	0.000488257635083228	0.000644964267033496	0.00108952242600327
mrentabilidad_exp_delta6	0.000486906269336849	0.000596311517966221	0.00108952242600327
mtransferencias_emitidas_tend6	0.000486410044699523	0.001729875522392	0.00145269656800436
mvr_msaldopesos2_lag6	0.000486130749534369	0.00108747903933705	0.00145269656800436
ratio_totalcomisiones_antiguedad_delta2	0.000483465333209668	0.000944584113372798	0.00145269656800436
Master_fechaalta_lag2	0.00048167476588117	0.00124402376434518	0.00181587071000545
mactivos_margen_tend6	0.000481418389080431	0.000825610122366619	0.00108952242600327
mplazo_fijo_dolares_ratiomax6	0.000480352364023915	0.0022783902192838	0.000726348284002179
mrentabilidad_annual_sobre_ctrx_q_lag6	0.000478303045818094	0.000724475472685108	0.00127110949700381
Master_mpagospesos_lag1	0.000477629880784979	0.00211125901646936	0.000907935355002724
chomebanking_trx_delta6	0.00047497527159278	0.00149625222918562	0.000907935355002724
mrentabilidad_annual_sobre_antiguedad_delta2	0.00047312101361735	0.000894985338629215	0.00127110949700381
Visa_msaldototal_ratiomax6	0.000467430652271547	0.00130141598870788	0.00181587071000545
mrentabilidad_annual_sobre_ctrx_q_lag2	0.000464688505182406	0.000562029349410484	0.00108952242600327
tpaquete9_rank	0.000464430827119571	0.000739026248563561	0.00127110949700381
mcomisiones_lag1	0.00046335777679153	0.000450082977714023	0.00108952242600327
mvr_msaldopesos2_delta2	0.000461903807015587	0.00194354217871245	0.000907935355002724
ccomisiones_mantenimiento_delta1	0.000459026153921754	0.00150201848092693	0.00036317414200109
chomebanking_trx_max6	0.000457426159073446	0.000909986602924958	0.00145269656800436
mpayroll_min6	0.000456633421243945	0.00231947476294061	0.00345015434901035
mrentabilidad_annual_lag2	0.000456483059443648	0.000806149022739709	0.000907935355002724
mdescubierto_preacordado_rank	0.000448158693409002	0.000956567105272701	0.00145269656800436
Master_fechaalta_lag1	0.00044689813534613	0.00107671236616383	0.00181587071000545
mvr_msaldototal_rank	0.000443962097352629	0.000591761584951597	0.000726348284002179
ratio_deuda_acumulada_antiguedad_delta6	0.000440598673472601	0.000639558406026021	0.000544761213001634
mpasivos_margen_por_antiguedad_delta2	0.000438799382260264	0.000996480379044558	0.0016342836390049
mrentabilidad_annual_avg6	0.00043843141026038	0.000370076234803393	0.000726348284002179
thomebanking_ratioavg6	0.000438196579342075	0.00123217591897047	0.00108952242600327
mtransferencias_emitidas_lag2	0.000435689636419272	0.000761956109003601	0.0016342836390049
mcomisiones_sobre_edad_lag2	0.000434181729482273	0.000647036513753028	0.00108952242600327
Visa_cconsumos_avg6	0.000433056481057178	0.000780426134112474	0.00127110949700381
mvr_Master_mlimitecompra_lag1	0.00042930397039225	0.000802680261926579	0.00108952242600327
mrentabilidad_annual_tend6	0.000428673488627793	0.000634017398493359	0.00145269656800436
rf_026_036	0.000428638498353141	0.00109662395420803	0.000726348284002179
mrentabilidad_annual_sobre_antiguedad	0.000428189439649483	0.00040350247536628	0.000907935355002724
mtarjeta_visa_debitos_automaticos_ratiomax6	0.000427461264641971	0.000438054936972391	0.00108952242600327
Master_fechaalta	0.000426442299475417	0.00113455507894382	0.00199745778100599
cplazo_fijo_ratioavg6	0.000422574841455694	0.00222108809260456	0.000726348284002179
mv_mconsumospesos_delta6	0.000420965084213272	0.00229474294883141	0.00236063192300708
mactivos_margen_sobre_ctrx_q	0.000419905276365409	0.000972379248719566	0.000907935355002724
mv_cconsumos_lag6	0.000416886719514171	0.000454227471153087	0.00108952242600327
ccuenta_debitos_automaticos_ratiomax6	0.000416097480992028	0.000460399162469954	0.000907935355002724
mv_fechaalta_rank	0.000415504274252052	0.00114198813782909	0.00145269656800436
mcomisiones_mantenimiento_tend6	0.000415227221002708	0.00117955887183105	0.000907935355002724
mrentabilidad_sobre_antiguedad_lag2	0.000414076945828175	0.000555767560410159	0.0016342836390049
mrentabilidad_annual_sobre_antiguedad_lag2	0.000412809756709247	0.000497249115004242	0.00108952242600327
tcallcenter_tend6	0.000410745362900496	0.000713303359936326	0.000544761213001634
mrentabilidad_annual_exp_lag6	0.000410199681681254	0.00120474117435753	0.00108952242600327
mtransferencias_recibidas_tend6	0.000402106609786021	0.00165076975631595	0.00181587071000545
mrentabilidad_annual_exp_lag2	0.000399653774585539	0.000732133775779031	0.00127110949700381
ctarjeta_debito_avg6	0.000396740907588435	0.000429946145461178	0.00108952242600327
mrentabilidad_sobre_edad_lag6	0.000394669975637426	0.000501799048018867	0.000907935355002724
mactivos_margen_sobre_ctrx_q_rank	0.000392138888562767	0.00122222012494837	0.000907935355002724
ctarjeta_debito_trx_avg6	0.000390157952225196	0.00164185008565362	0.00181587071000545
ratio_total_mcaja_ahorro_antiguedad_delta2	0.000389644552655959	0.000434766371526177	0.000726348284002179
mcaja_ahorro_delta2	0.000389526507186707	0.00146656504248624	0.00217904485200654
Visa_mpagado_max6	0.000388799876890157	0.000781056817896679	0.00108952242600327
mcomisiones_mantenimiento_lag1	0.00038713282696797	0.00104666478873062	0.000726348284002179
mv_mconsumospesos_delta2	0.000385177754982304	0.00126123242188565	0.000907935355002724
ratio_comisiones_rank	0.000383770932449133	0.000487743809399432	0.000907935355002724
mpasivos_margen_sobre_antiguedad_lag2	0.000382905207474073	0.000734431266707208	0.000907935355002724
mrentabilidad_annual_por_edad	0.000382219840176897	0.000355120019349379	0.000726348284002179
ccallcenter_trx_tend6	0.000381873457556795	0.00120140756006959	0.000726348284002179
mrentabilidad_annual_max6	0.000377094431388153	0.000458326915750422	0.000907935355002724
mcomisiones_por_antiguedad_lag6	0.00037626501265978	0.000242317719660067	0.000544761213001634
Visa_mpagospesos_ratioavg6	0.000375926443290307	0.000735557487750432	0.00127110949700381
rf_008_046	0.000374047847405022	7.06365838310067e-05	0.000181587071000545
Visa_mconsumosdolares_lag6	0.000371321007657707	0.000402871791582074	0.00108952242600327
cproductos_sobre_ctrx_q_delta6	0.000371227060435366	0.000646360781127094	0.00127110949700381
mrentabilidad_annual_ratiomax6	0.000369846890015787	0.000480761238931443	0.00108952242600327
ratio_deuda_acumulada_cproductos_sobre_ctrx_q_lag1	0.000368338811228082	0.00088138058842707	0.00036317414200109
mrentabilidad_sobre_ctrx_q_lag2	0.000366084360758577	0.00077758805708355	0.00145269656800436
mcuentas_saldo_delta2	0.000363253503142105	0.0011622150677654	0.0016342836390049
cextraccion_autoservicio_rank	0.000362214467451033	0.00065257752128569	0.00127110949700381
mrentabilidad_annual_exp_delta1	0.000360245090872519	0.000503555952846296	0.000907935355002724
mcuenta_corriente	0.000353802318335421	0.000514367674861246	0.000726348284002179
ccajas_consultas_tend6	0.000353708134773337	0.000731593189678283	0.00036317414200109
chomebanking_trx_min6	0.000352053182633771	0.000312188473181681	0.000726348284002179
mcaja_ahorro_lag2	0.000350016211632632	0.000545586522179414	0.00127110949700381
total_mcaja_ahorro_lag2	0.00034909486096361	0.000313224596541447	0.00036317414200109
Visa_mpagospesos_lag6	0.000348273097871161	0.000501528754968493	0.00127110949700381
Visa_mpagominimo_rank	0.000347706160332593	0.00105914331788954	0.00145269656800436
mv_fultimo_cierre_rank	0.000347410351416421	0.00156292451494448	0.00290539313600872
Visa_msaldopesos_rank	0.000347082259390084	0.000876290069311697	0.00108952242600327
mtarjeta_visa_consumo_delta6	0.000346098186713027	0.0010458539095795	0.00181587071000545
mv_cconsumos_delta2	0.000345494836786043	0.0012538444118421	0.000726348284002179
mvr_mpagospesos	0.000342829324437583	0.000440397476742297	0.000907935355002724
mcaja_ahorro_dolares_lag6	0.000341797218940813	0.000254120516193054	0.000726348284002179
Master_mpagominimo_ratioavg6	0.000338581433093241	0.00102977147308226	0.00127110949700381
ratio_totalcomisiones_ctrx_rank	0.000337026361426401	0.00144606781949956	0.00108952242600327
rf_030_046	0.000332658280972203	0.000669560934617508	0.000726348284002179
Master_msaldopesos_ratiomax6	0.000332576261289288	0.00160135117693928	0.000544761213001634
mcomisiones_otras	0.000332348963801584	0.000650775567616532	0.000544761213001634
mcomisiones_delta2	0.000327469015071835	0.000454227471153087	0.000907935355002724
ratio_comisiones	0.000326201973900141	0.000238038079695816	0.000544761213001634
Visa_mpagominimo_max6	0.000325638681000579	0.00100377829140465	0.0016342836390049
mrentabilidad_annual_sobre_antiguedad_rank	0.000319927591764757	0.000374896460868391	0.000726348284002179
mcomisiones_otras_lag6	0.000315202644178448	0.000797679840494665	0.000726348284002179
thomebanking	0.000312094419380943	0.00015005769179916	0.000544761213001634
Master_msaldopesos_lag2	0.000311375648567838	0.000453731933894068	0.000544761213001634
mrentabilidad_por_edad_lag1	0.000307143264494687	0.000577886541699077	0.000544761213001634
mcomisiones_mantenimiento_avg6	0.000305233254587398	0.000776146494148223	0.000544761213001634
mrentabilidad_annual_por_ctrx_q_rank	0.000304580367120985	0.000200737638744238	0.000544761213001634
mactivos_margen_sobre_antiguedad_delta1	0.00029746914313112	0.00027547366717258	0.000726348284002179
mactivos_margen_por_edad_delta2	0.000296014001789999	0.000648973613947374	0.000907935355002724
mrentabilidad_sobre_edad	0.00029515594590186	0.000372103432681196	0.000726348284002179
ccomisiones_otras_tend6	0.000294126258684464	0.000613790468557057	0.000907935355002724
mcomisiones_tend6	0.000291865029815987	0.00018424976267144	0.000544761213001634
Visa_mfinanciacion_limite_lag2	0.000290863651226913	0.000170239572893734	0.000544761213001634
mactivos_margen_por_edad_lag1	0.000290214468490781	0.00023524505150862	0.000726348284002179
ccallcenter_trx_ratiomax6	0.000289704243472534	0.000824348754798209	0.00036317414200109
mrentabilidad_annual_por_antiguedad_lag6	0.000289468782959165	0.000288492782432249	0.000544761213001634
mrentabilidad_annual_sobre_antiguedad_lag1	0.000288652748151418	0.00063527876606177	0.000726348284002179
chomebanking_trx_lag6	0.00028666619560844	0.000291511054828089	0.000907935355002724
ctarjeta_master_trx_ratioavg6	0.000286522618182722	0.000386248768984089	0.000907935355002724
mcomisiones_sobre_antiguedad_lag1	0.000285950958930339	0.000802545115401393	0.000907935355002724
Visa_mconsumosdolares_min6	0.000285945540030544	0.000347371618571998	0.000726348284002179
mcaja_ahorro_dolares_rank	0.000284713609839811	0.000596897152908698	0.000726348284002179
Visa_cconsumos_max6	0.000281759823284418	0.000621088380917149	0.00108952242600327
Master_fechaalta_min6	0.000281650309022205	0.000219207663853111	0.000544761213001634
Visa_mpagominimo_delta1	0.000278437596772506	0.000792048735278545	0.00108952242600327
Visa_mpagospesos_delta6	0.000277421292438365	0.000381608738286006	0.000726348284002179
mpasivos_margen_sobre_ctrx_q_rank	0.000276824690406539	0.000267635168711741	0.000726348284002179
mcuenta_corriente_delta2	0.000275275056736407	0.00030011538359832	0.000544761213001634
mrentabilidad_annual_sobre_ctrx_q_rank	0.000275146265547782	0.000353227967996762	0.000726348284002179
Visa_fultimo_cierre_min6	0.00027436580079985	0.000803626287602888	0.00127110949700381
mvr_mpagospesos_delta2	0.000273574133704075	0.00041129592498539	0.000726348284002179
mv_mlimitecompra_lag1	0.000271650133123027	0.00018897989105298	0.000726348284002179
mcuenta_debitos_automaticos_ratioavg6	0.000270507537764406	0.000550992383186889	0.000726348284002179
mcomisiones_otras_avg6	0.000268305732736465	0.000412422146028614	0.000726348284002179
mrentabilidad_sobre_antiguedad_rank	0.000267950082302193	0.000641495506220367	0.00127110949700381
rf_005_029	0.00026740039365115	0.000340253901578822	0.000544761213001634
ctarjeta_visa_debitos_automaticos_avg6	0.000266628751929125	0.00030790883321743	0.000726348284002179
mrentabilidad_annual_por_edad_lag2	0.000266498252672408	0.000245065699005533	0.000726348284002179
rf_039_047	0.000266068125859265	0.000823357680280171	0.000726348284002179
mv_mpagospesos	0.000262150849246725	0.000296826818152106	0.000907935355002724
Visa_mfinanciacion_limite_lag6	0.000260703226112071	0.000237812835487171	0.000544761213001634
mprestamos_personales_delta6	0.000260383613745464	0.000329577326089059	0.000181587071000545
mvr_msaldopesos_delta6	0.000259707073393173	0.000956296812222327	0.00108952242600327
ccomisiones_otras_ratiomax6	0.000258828451292905	0.000351335916644146	0.000907935355002724
mactivos_margen_sobre_antiguedad_lag6	0.000258073363302643	0.000558110100180065	0.00108952242600327
mcomisiones	0.000257377124434495	0.000110369662235948	0.000181587071000545
Master_fultimo_cierre_min6	0.000255652661140206	0.000444722165548277	0.00036317414200109
cproductos_sobre_antiguedad_lag1	0.000255257593855508	0.000253624978934035	0.000544761213001634
tcallcenter_ratioavg6	0.00025280486516507	0.00043463122500099	0.000544761213001634
mv_mpagominimo_delta1	0.000252390673628753	0.000900886736895709	0.000544761213001634
mcomisiones_mantenimiento_lag6	0.000251761589042074	0.000293538252705892	0.000544761213001634
mrentabilidad_annual_ratioavg6	0.000249406661585264	0.000362598127076386	0.000726348284002179
mrentabilidad_annual_sobre_edad_lag1	0.000249146832606979	0.000556218048827449	0.00036317414200109
mcomisiones_por_edad_lag1	0.000249124131805108	0.000299034211396825	0.00036317414200109
Master_mfinanciacion_limite_lag1	0.00024810800879113	0.000365931741364329	0.000726348284002179
ccaja_ahorro_max6	0.00024717446806517	0.00100738219874297	0.000544761213001634
Visa_mconsumospesos_avg6	0.000246700874765333	0.00048783390708289	0.00108952242600327
ccallcenter_trx_avg6	0.000244363653362337	0.000195692168470595	0.000181587071000545
mcaja_ahorro_avg6	0.000244004489882014	0.000517566142624002	0.000726348284002179
mcaja_ahorro_dolares_max6	0.000243310059391005	0.000678390507596384	0.00108952242600327
cextraccion_autoservicio_tend6	0.000241798055886173	0.00106626103488271	0.000907935355002724
mcomisiones_otras_max6	0.000237456977813472	0.00029322291081379	0.000544761213001634
mdescubierto_preacordado_tend6	0.000236987108524082	0.00213126070219702	0.000544761213001634
mcomisiones_sobre_antiguedad	0.000236825969090575	0.000453281445476779	0.000726348284002179
Visa_cconsumos_delta2	0.00023682232774507	0.000644739022824852	0.000907935355002724
mtarjeta_master_consumo_ratioavg6	0.000236229979852786	0.00101765333465717	0.000726348284002179
mvr_mpagominimo_rank	0.000236171667931857	0.000126542196416644	0.00036317414200109
Visa_mfinanciacion_limite	0.000235094775726812	0.0014374184418876	0.000544761213001634
mrentabilidad_sobre_antiguedad	0.00023343868302256	0.000700104049309741	0.000726348284002179
ctarjeta_visa_trx_delta6	0.000230534475218588	0.00191921580417881	0.00217904485200654
ccaja_ahorro_rank	0.000228071749723473	0.00057130941080665	0.000907935355002724
ccallcenter_trx_max6	0.000226896778990198	0.000702491637921376	0.00036317414200109
mcuentas_saldo	0.000225261786742955	0.000247588434142355	0.000726348284002179
mtransferencias_recibidas_lag2	0.000224677884220333	0.000293583301547621	0.000726348284002179
mtransferencias_emitidas_delta1	0.000222844648069897	0.00114973653860647	0.00108952242600327
mautoservicio_ratiomax6	0.000218048566004815	0.000344623639226531	0.00108952242600327
Master_mlimitecompra_rank	0.000216071355808199	0.000172446966138452	0.000544761213001634
mpayroll_delta2	0.00021528028532125	0.000235470295717265	0.000544761213001634
cpayroll_trx_lag1	0.000215016282752697	0.000659244749861576	0.00036317414200109
rf_004_035	0.000214166897476351	0.000439721744116362	0.00036317414200109
ctarjeta_master_trx	0.000214148107722238	0.0005405861007475	0.00036317414200109
total_mcaja_ahorro	0.000211514745410297	0.000445217702807295	0.000544761213001634
mtransferencias_emitidas_delta2	0.000211403548128924	0.000731818433886928	0.00108952242600327
mv_status07_delta2	0.000211059293429023	0.000751009240463464	0.000181587071000545
Visa_mpagominimo_lag6	0.000210099420673464	0.000363499103910965	0.000544761213001634
Master_mpagominimo_delta6	0.000205685604670824	0.000964540750258727	0.000907935355002724
mcuenta_debitos_automaticos_delta6	0.000204076748056508	0.000152355182727337	0.000181587071000545
thomebanking_avg6	0.000203846993298666	0.000159698143929157	0.00036317414200109
Visa_mconsumosdolares_max6	0.000203119142808077	0.000274842983388375	0.000544761213001634
mrentabilidad_annual_exp_delta2	0.000199821386577779	0.000193710019434521	0.000544761213001634
total_mcaja_ahorro_rank	0.000195789062446551	0.000646450878810552	0.000544761213001634
mrentabilidad_annual_por_ctrx_q_delta2	0.000194234252227378	0.00021276567948587	0.000544761213001634
mactivos_margen_por_antiguedad_lag6	0.000190791805455661	0.000220919519838812	0.000544761213001634
ratio_deuda_acumulada_cproductos_sobre_ctrx_q_lag2	0.000189673938378491	0.000773308417119299	0.00036317414200109
mdescubierto_preacordado	0.000189530480760774	0.000316648308512848	0.00036317414200109
Visa_msaldopesos_delta1	0.000188148378879796	0.000338091557175832	0.000544761213001634
mcomisiones_por_antiguedad	0.000184974631026837	0.000254030418509596	0.000726348284002179
cliente_antiguedad_ratioavg6	0.000183178069798632	0.000618790889988972	0.000726348284002179
ratio_deuda_acumulada_cproductos_sobre_ctrx_q_lag6	0.000181911360904511	0.000618205255046495	0.000181587071000545
Visa_mpagominimo_delta2	0.000179621124026389	0.00036196744329218	0.000726348284002179
ccomisiones_otras_avg6	0.000179506476017183	0.00145386126911867	0.0016342836390049
mpasivos_margen_sobre_antiguedad_lag6	0.000176975895671937	0.000950305316272376	0.00145269656800436
rf_031_043	0.000176806774585491	0.000119289332898282	0.000181587071000545
Visa_mpagominimo_avg6	0.000176720157744043	0.000629332318953548	0.000907935355002724
mv_mpagominimo_delta2	0.000176232312135487	0.000616448350219066	0.000907935355002724
mrentabilidad_annual_lag6	0.000175736356836973	0.000133434669201175	0.00036317414200109
mcuenta_corriente_delta1	0.00017513443802358	0.000369986137119935	0.000544761213001634
mv_msaldototal_delta2	0.0001745519982687	0.000731142701260994	0.000544761213001634
mcuentas_saldo_max6	0.000174011333902627	0.000324531855815416	0.000726348284002179
mrentabilidad_sobre_ctrx_q_lag6	0.000172994448620295	0.000220153689529419	0.000544761213001634
Master_mlimitecompra_min6	0.000172870140984774	8.59081411771235e-05	0.00036317414200109
cproductos_lag2	0.00016997593401277	0.000730106577901228	0.00108952242600327
cpayroll_trx_avg6	0.000168636697818978	0.000855747797483292	0.00108952242600327
mvr_mpagominimo_delta2	0.000168486412871947	0.000243624136070207	0.000544761213001634
ratio_total_mcaja_ahorro_antiguedad_delta1	0.000168169473269062	0.000218531931227177	0.000544761213001634
mtarjeta_visa_consumo_avg6	0.000167645059010399	0.000461525383513178	0.000726348284002179
Visa_mconsumosdolares_ratioavg6	0.000167255564973624	0.000373770239825167	0.00036317414200109
cliente_antiguedad_lag6	0.000166491932898902	0.00056482237759768	0.000726348284002179
mrentabilidad_annual_sobre_ctrx_q_lag1	0.000166293841727206	0.000233668342048107	0.000544761213001634
mcaja_ahorro_tend6	0.000163989852961099	0.000181997320584992	0.000544761213001634
mrentabilidad_annual_por_ctrx_q_lag6	0.000163422164459453	0.000418143348928191	0.000544761213001634
mcomisiones_mantenimiento_lag2	0.000159655312063207	0.000268040608287302	0.000181587071000545
mrentabilidad_annual_sobre_edad_delta2	0.000156473096176236	0.000540766296114416	0.000544761213001634
rf_002_041	0.000154727366157724	0.000298043136878788	0.000181587071000545
mcomisiones_otras_lag1	0.000153768448649849	0.000170059377526818	0.00036317414200109
mcomisiones_sobre_edad	0.000151770247392054	0.0003459751044784	0.00036317414200109
Visa_fultimo_cierre_avg6	0.000150765596999253	0.000159653095087428	0.00036317414200109
mpasivos_margen_avg6	0.000150127335152489	0.000211369165392272	0.000544761213001634
cmobile_app_trx_lag1	0.00014668430729877	0.000179744878498544	0.00036317414200109
ccomisiones_otras_lag6	0.00014626897772025	0.000269121780488797	0.000544761213001634
Visa_mfinanciacion_limite_rank	0.000145640325306242	0.00033993855968672	0.000726348284002179
catm_trx_ratioavg6	0.000145225881489655	0.000659785335962324	0.00108952242600327
mrentabilidad_annual_sobre_antiguedad_delta1	0.000145146170774273	0.000209026625622367	0.000544761213001634
mv_fultimo_cierre_lag1	0.000142386745116582	0.000193574872909334	0.000544761213001634
mvr_Master_mlimitecompra_lag2	0.000139668745173066	0.000229704043975959	0.000544761213001634
ratio_total_mcaja_ahorro_ctrx_q_rank	0.00013910538543902	0.000867460496332822	0.000544761213001634
mcaja_ahorro_delta1	0.000137502897426327	0.000717673097584035	0.00108952242600327
mcomisiones_por_edad	0.000136380969190459	0.000141047923453369	0.00036317414200109
Visa_mlimitecompra_lag6	0.000135958505273523	0.000350119597917464	0.00036317414200109
mcomisiones_otras_rank	0.000133889593172836	0.000387780429602873	0.00036317414200109
mcomisiones_por_antiguedad_lag1	0.000132245708434828	0.000160193681188176	0.00036317414200109
mcomisiones_sobre_edad_rank	0.000131839763643499	0.000499726801299335	0.000544761213001634
ctransferencias_recibidas	0.000131078984314621	6.02303013916173e-05	0.000181587071000545
Visa_msaldototal_lag2	0.000130380196492799	0.000557614562921046	0.000726348284002179
Visa_mconsumosdolares_lag1	0.000128439831962688	0.000122983337920056	0.00036317414200109
mpayroll_max6	0.000127105678375535	0.000263310479905761	0.000726348284002179
ctransferencias_emitidas_tend6	0.000126736923655497	0.000289213563899913	0.000181587071000545
ctarjeta_debito_max6	0.000125627189584782	0.000146273589093928	0.000181587071000545
mcomisiones_por_ctrx_q_lag1	0.000123994928609841	0.000386474013192734	0.000726348284002179
Master_mpagospesos	0.000123042179996166	0.000206548939327274	0.000181587071000545
mtarjeta_visa_debitos_automaticos_max6	0.000122613410479616	0.000117757672279497	0.00036317414200109
mrentabilidad_annual_por_ctrx_q_lag2	0.000121508432595563	0.000202990080830686	0.000726348284002179
mpasivos_margen_por_edad	0.000119977125320488	0.000143255316698087	0.00036317414200109
mcuenta_corriente_lag1	0.000119955192573944	0.000101810382307446	0.00036317414200109
mtarjeta_visa_consumo_ratiomax6	0.000118667689378518	0.000796013033350694	0.00127110949700381
cmobile_app_trx_delta6	0.000116489400395991	0.000711050917849878	0.000907935355002724
mrentabilidad_min6	0.000113467613452705	5.9464471082225e-05	0.000181587071000545
Master_mpagospesos_tend6	0.000113330929409476	0.000373139556040962	0.00036317414200109
ctarjeta_visa_debitos_automaticos_ratiomax6	0.00011182597708794	0.000444632067864819	0.000544761213001634
ctotal_comisiones_rank	0.000110118645545488	0.000430216438511552	0.00108952242600327
mcaja_ahorro_dolares_lag2	0.000107435491281215	0.000151859645468319	0.00036317414200109
mcaja_ahorro_dolares_lag1	0.000107241173961035	9.84317191777739e-05	0.00036317414200109
mv_mfinanciacion_limite_lag6	0.000106308620645982	8.91066089398796e-05	0.000181587071000545
mcuenta_corriente_lag2	0.000105470717259726	0.00039399716976147	0.000181587071000545
rf_048_039	0.000105119642829659	0.000187313083909009	0.000181587071000545
Visa_cconsumos	0.000105085664414006	0.000511935037407883	0.000907935355002724
mv_fultimo_cierre_lag2	0.000104361729375754	0.000146318637935657	0.000181587071000545
Visa_cconsumos_lag2	0.00010414486191646	0.000101945528832633	0.00036317414200109
mpasivos_margen_sobre_ctrx_q_lag6	0.000103573442583442	0.000126767440625289	0.00036317414200109
ccajas_trx_tend6	0.000103463376822487	0.000123118484445243	0.00036317414200109
Visa_Fvencimiento_tend6	0.000103117437250763	0.000283807702892437	0.000181587071000545
rf_013_029	9.85935257361876e-05	7.29340747591835e-05	0.000181587071000545
cforex_sell_avg6	9.83423824359205e-05	0.000168752961116678	0.00036317414200109
mv_mpagospesos_delta2	9.74203123209373e-05	0.000497474359212887	0.000544761213001634
mpayroll_sobre_edad_lag6	9.67474545106423e-05	0.00157896190259999	0.00217904485200654
mvr_mpagominimo	9.12007963647775e-05	4.56344766714348e-05	0.000181587071000545
mtarjeta_visa_consumo_tend6	8.943143964565e-05	0.00015397694102958	0.000181587071000545
mtarjeta_visa_debitos_automaticos_lag6	8.72733004861077e-05	0.000104558361652912	0.00036317414200109
ccajas_consultas_ratioavg6	8.43149529346037e-05	0.000647261757961673	0.000181587071000545
rf_037_050	8.34621901399258e-05	0.000622124504276915	0.000181587071000545
Master_Fvencimiento_tend6	8.08460188119324e-05	0.000281375065439074	0.00036317414200109
rf_017_041	7.67297781425161e-05	0.000388005673811518	0.000181587071000545
mdescubierto_preacordado_delta6	7.48999224033842e-05	0.00034381276007541	0.000181587071000545
mactivos_margen_sobre_antiguedad_delta6	7.4507524676245e-05	0.000105279143120576	0.00036317414200109
mcomisiones_por_antiguedad_rank	7.30646632430079e-05	5.75724197296088e-05	0.000181587071000545
Master_msaldototal_avg6	7.17728245869345e-05	0.00024650726194086	0.000544761213001634
mv_mpagominimo_delta6	7.162252870874e-05	0.000128839687344821	0.000181587071000545
Master_mpagominimo_lag1	6.84291630389297e-05	0.00018208741826845	0.00036317414200109
mvr_mpagominimo_lag6	6.72833498742799e-05	7.77543008241821e-05	0.000181587071000545
mv_fultimo_cierre_lag6	6.55580953647378e-05	5.2932389031526e-05	0.000181587071000545
mrentabilidad_annual_por_edad_lag6	6.53590178877472e-05	0.000137263820748136	0.00036317414200109
mcomisiones_mantenimiento_min6	6.35812601351135e-05	0.000107306340998379	0.000181587071000545
rf_017_048	6.23715764760503e-05	9.55936421488496e-05	0.00036317414200109
ctarjeta_visa_debitos_automaticos_max6	6.23132773851047e-05	0.000336424750031861	0.00036317414200109
mv_msaldodolares_lag1	6.14979517763969e-05	0.000110009271502116	0.000181587071000545
ccuenta_debitos_automaticos_ratioavg6	6.14133576788613e-05	0.00011460425335847	0.00036317414200109
mvr_mpagominimo_delta1	6.04105771753619e-05	0.000421972500475153	0.000544761213001634
mactivos_margen_por_edad_rank	5.74103948668825e-05	0.000296106036684443	0.000544761213001634
Master_mlimitecompra	5.68052031784259e-05	0.000172086575404621	0.000544761213001634
mvr_msaldopesos2_lag1	4.69658741025569e-05	0.000428864973259683	0.000907935355002724
rf_015_048	4.31502296843982e-05	0.000295610499425425	0.000181587071000545
catm_trx_ratiomax6	4.15094776072099e-05	0.000182267613635365	0.00036317414200109
mv_mconsumosdolares_delta2	3.97641918431974e-05	5.77075662547956e-05	0.000181587071000545
mv_fultimo_cierre	3.93736547603503e-05	0.000174789505908358	0.00036317414200109
cextraccion_autoservicio_ratioavg6	3.82908010900884e-05	0.000184520055721813	0.000181587071000545
ccajas_trx_ratioavg6	3.62273181412233e-05	0.000351110672435501	0.00036317414200109
mprestamos_personales_tend6	3.26346573312228e-05	9.57738375157654e-05	0.000181587071000545
mcomisiones_avg6	3.19952364023564e-05	7.58622494715658e-05	0.000181587071000545
rf_037_031	3.1122268671811e-05	4.36973764770896e-05	0.000181587071000545
mforex_sell_avg6	3.01644254155402e-05	9.1854588285346e-05	0.000181587071000545
mpayroll_lag2	2.71376482922667e-05	0.000520359170811198	0.000544761213001634
mpayroll_delta1	2.70658242099217e-05	0.000607979167974022	0.000726348284002179
mcuenta_debitos_automaticos_ratiomax6	2.08814249093702e-05	0.00013884053020865	0.000181587071000545
ctarjeta_master_trx_delta6	1.86659096278848e-05	7.00509488885302e-05	0.000181587071000545
Visa_mpagosdolares_ratioavg6	3.97215556734609e-06	0.000373815288666896	0.00036317414200109
mv_mlimitecompra_lag6	1.04271596771442e-06	0.000189610574837186	0.000181587071000545
cextraccion_autoservicio_avg6	9.42923459750973e-07	0.000254120516193054	0.00036317414200109
rf_037_047	2.22203715231157e-07	0.000760829887960377	0.00108952242600327
ratio_total_mcaja_ahorro_antiguedad	9.16226597843142e-08	7.66280797809581e-05	0.000181587071000545
rf_028_041	8.19360883768513e-08	0.000577075662547956	0.000907935355002724
rf_033_051	3.11450609880986e-08	0.000110639955286322	0.000181587071000545
rf_006_039	1.63030645610456e-08	0.00123109474676897	0.0016342836390049
rf_012_036	1.05565404217061e-08	0.000566218891691277	0.000726348284002179
ccomisiones_otras_min6	3.80663683400543e-09	0.000396249611847917	0.000907935355002724
mpayroll_sobre_edad_lag2	4.40013504193024e-10	0.000245786480473197	0.00036317414200109
mpayroll_sobre_edad_delta2	8.34851198990197e-11	9.82965726525871e-05	0.000181587071000545
rf_007_023	6.95580525339119e-11	0.000143435512065003	0.00036317414200109
rf_019_055	5.71630950260096e-11	0.00015568879701528	0.000181587071000545
Visa_fultimo_cierre_ratioavg6	3.8491113854854e-11	0.000144786977316872	0.00036317414200109
mrentabilidad_exp	1.49991261889115e-11	9.63144236165129e-05	0.00036317414200109
Visa_fultimo_cierre_lag6	8.51964304836266e-12	6.15367178017571e-05	0.000181587071000545
