Feature	Gain	Cover	Frequency
mcaja_ahorro	0.100620932614836	0.0146092991795694	0.00739366963402572
ctrx_quarter_normalizado	0.0746802331256646	0.0104758628578616	0.00534124629080119
ctrx_quarter	0.0490267820218029	0.00699442802888588	0.00395647873392681
mv_status05_delta2	0.03260699316145	0.000946128417206524	0.000370919881305638
mdescubierto_preacordado_delta2	0.0283943982013084	0.00383607994393253	0.00202769535113749
mv_status04_delta3	0.0279419525810982	0.00130762589333948	0.000816023738872404
mcaja_ahorro_lag1	0.0275964971086191	0.00354064122176008	0.00415430267062315
mcuentas_saldo	0.0274072744452117	0.0147465012805205	0.0101632047477745
mv_status01	0.027148085160603	0.0027212714592928	0.00111275964391691
mtarjeta_visa_consumo	0.0258635976980884	0.0115944548709802	0.00482195845697329
mv_status06_delta2	0.0217745895202416	0.000411381565818279	0.000222551928783383
mv_Finiciomora	0.0198312387598706	0.00862780022710153	0.00343719090009891
mdescubierto_preacordado_delta3	0.0190320688935406	0.00499622542993285	0.00286844708209693
ctarjeta_visa_trx	0.0164101064694543	0.00933371045720451	0.00506923837784372
mdescubierto_preacordado	0.0156887178408417	0.00189434622036845	0.00195351137487636
mcuenta_corriente	0.0147206994086794	0.00547440435969812	0.00692383778437191
mdescubierto_preacordado_mean6	0.0129623775234616	0.00152073168029016	0.0018051434223541
mcuenta_corriente_delta3	0.0129592085214879	0.00585124016199155	0.00450049455984174
Visa_Finiciomora	0.0122470498895493	0.00469612494423318	0.00163204747774481
mpayroll	0.0121020918478296	0.0150014028835147	0.00509396636993076
mv_status06_delta3	0.0110722206809896	0.000841326486028662	0.000667655786350148
mv_mpagospesos	0.010745727437341	0.00399141918035801	0.00323936696340257
cpayroll_trx	0.0103167828601427	0.0104250156094558	0.00380811078140455
Visa_delinquency	0.00947590079546101	0.000321916266093458	0.000247279920870425
mprestamos_personales	0.00919064236383982	0.0123227442775457	0.00974282888229476
ctrx_quarter_lag2	0.00887859246279114	0.0012835634016509	0.00140949554896142
mv_status07_delta3	0.00877279816508732	0.000265493806857887	0.00029673590504451
mprestamos_personales_delta2	0.00868763135189571	0.0208954606759773	0.00934718100890208
mprestamos_personales_delta3	0.00800032715877706	0.00780204424215069	0.004648862512364
mv_Finiciomora_lag1	0.00780144009625812	0.00414478822525038	0.00212660731948566
mv_Finiciomora_mean6	0.00751018211100837	0.006619930169637	0.00311572700296736
mpayroll_sobre_edad	0.00677920515021346	0.0106572992705413	0.00398120672601385
cproductos_delta2	0.00637828500144883	0.00778709099117757	0.00378338278931751
mprestamos_personales_delta1	0.00608845926779356	0.00824662616209842	0.00615727002967359
mv_msaldototal	0.00536767430431679	0.00532354461160115	0.00452522255192878
mv_msaldopesos	0.00533845913493302	0.00575313496135785	0.00450049455984174
mcuentas_saldo_delta3	0.00530320515570487	0.00562553074176345	0.00657764589515331
cproductos_delta3	0.00518748821816465	0.00467138654673288	0.003486646884273
mv_status07_mean6	0.00501755790031725	0.00031473805033949	0.000346191889218595
cproductos	0.00497350252551378	0.0122114972798764	0.00999010880316518
mcuenta_corriente_delta2	0.00470057531898149	0.00154502841820518	0.00294263105835806
mv_status01_mean6	0.00463145743478027	0.0013176804983474	0.00101384767556874
Visa_mpagospesos	0.00455676863710418	0.000953689919290001	0.00173095944609298
ctrx_quarter_normalizado_delta2	0.00449095097829799	0.00225693207527054	0.00353610286844708
mcuentas_saldo_lag1	0.00446534768129485	0.00252077081202613	0.00353610286844708
Visa_msaldototal	0.00416078304809939	0.00404637524691805	0.00311572700296736
ctrx_quarter_delta1	0.00405739383195388	0.00409751756271675	0.00501978239366963
ctrx_quarter_normalizado_delta1	0.00389832078679392	0.0034614047053064	0.00482195845697329
ctrx_quarter_delta2	0.00387261252251907	0.00248344789378216	0.0044757665677547
mv_status06	0.0035136270085193	0.000320950377011063	0.000148367952522255
mv_status07	0.00349742733722355	0.00034922911247465	0.000222551928783383
ctrx_quarter_lag1	0.00339633427780525	0.00112735176750269	0.00165677546983185
mprestamos_personales_lag1	0.00320647193275918	0.00336691855238088	0.00440158259149357
mpasivos_margen	0.00319403430367949	0.00265814888009821	0.00378338278931751
Visa_msaldopesos	0.00298577024852191	0.00420103245775499	0.00425321463897132
mvr_mpagospesos	0.00296617381068627	0.000384972375096784	0.000890207715133531
ccaja_ahorro_delta3	0.0028884082516117	0.00835157176680585	0.00150840751730959
ctrx_quarter_delta3	0.00282331806642367	0.00269539007578409	0.00422848664688427
mautoservicio	0.00276568372635877	0.00223683802347113	0.00138476755687438
ctrx_quarter_normalizado_delta3	0.00275999288738882	0.00219272733123405	0.0036597428288823
Visa_Finiciomora_mean6	0.00252676454051055	0.00241865499211845	0.00136003956478734
Visa_Finiciomora_lag1	0.00250981019623019	0.00112202718507109	0.000469831849653808
mprestamos_personales_mean6	0.00240909504935799	0.00385029505567122	0.00514342235410485
mcaja_ahorro_lag2	0.00233506393348536	0.000883848107602646	0.00217606330365974
cprestamos_personales	0.00230433957081449	0.00335936674778989	0.00363501483679525
mcuentas_saldo_delta2	0.00225626048119123	0.00378869592430217	0.00561325420375866
mv_mpagominimo	0.00223795295729917	0.00760109666287563	0.00590999010880316
mcuenta_debitos_automaticos	0.00219155314868689	0.0101695024053816	0.00477250247279921
mprestamos_personales_lag2	0.00215221619247708	0.00334642360812481	0.00361028684470821
ccaja_ahorro_delta2	0.00190584187614356	0.00739393421486785	0.00143422354104847
mrentabilidad_mean6	0.00187264740324914	0.00112853250782653	0.00304154302670623
ccaja_ahorro	0.0018457638560369	0.00719516442878558	0.00237388724035608
mv_status04_delta2	0.00180352077207266	0.000896517457868022	0.000544015825914936
cprestamos_personales_mean6	0.0017921861770499	0.00169449747055831	0.00279426310583581
mpayroll_sobre_edad_delta3	0.00175405854626387	0.00510757674625923	0.00323936696340257
Visa_mpagominimo	0.00171870430402463	0.00677527835035168	0.0056379821958457
ctarjeta_debito_trx	0.00167804042050082	0.00153486026779972	0.00103857566765579
ctarjeta_visa_trx_delta2	0.00152904306048784	0.00390568091886457	0.00227497527200791
mpayroll_sobre_edad_delta2	0.00152258039079281	0.00517972364249715	0.00346191889218595
cproductos_delta1	0.00151676426340054	0.00463621054034638	0.00202769535113749
ctrx_quarter_normalizado_lag1	0.00149805170844747	0.00138669585771335	0.00178041543026706
mactivos_margen_mean6	0.00145662427171726	0.000667201323635794	0.0021513353115727
mactivos_margen	0.00143141454345028	0.00254930912017713	0.00521760633036598
ccaja_seguridad	0.00140564748359846	0.00981327810555496	0.00274480712166172
mcuentas_saldo_delta1	0.00136576513332099	0.00437341621411725	0.00487141444114738
mv_mpagominimo_delta3	0.00135088803766882	0.0037885784245873	0.00301681503461919
Visa_status	0.00135024515018018	0.000399520967596745	0.000272007912957468
mpayroll_delta2	0.00133917706921975	0.0051121272239988	0.00346191889218595
mrentabilidad	0.00133258249622457	0.000938416368613372	0.00286844708209693
ccheques_emitidos_rechazados_mean6	0.00132926762979416	0.0147732808589649	0.00264589515331355
mv_status06_mean6	0.00129045651737079	0.000183363954076001	0.000272007912957468
mcomisiones_mantenimiento	0.00127581760265511	0.00732588116686862	0.00492087042532146
mdescubierto_preacordado_delta1	0.00123423988783817	0.00241990276753603	0.00113748763600396
mpayroll_lag1	0.00118722761819651	0.0008409802949617	0.000865479723046489
cpayroll_trx_lag1	0.00118438035736719	0.00145469034415598	0.000741839762611276
cpayroll_trx_mean6	0.00118301667967595	0.00276056400416741	0.00163204747774481
mprestamos_personales_lag3	0.00114836546151364	0.00157173088746178	0.00217606330365974
mpasivos_margen_mean6	0.00113768088132039	0.000731686918352933	0.00160731948565776
ctarjeta_visa_trx_delta3	0.00113116316661622	0.00225640586861477	0.0024975272007913
mcuenta_corriente_lag1	0.00111243827928448	0.00197485951056678	0.00380811078140455
mpayroll_delta3	0.00110576208524703	0.00375834088979052	0.00257171117705242
mrentabilidad_annual_delta1	0.00110078416210064	0.00444482450036869	0.00521760633036598
mv_status04	0.00107159833549905	9.91510234163496e-05	0.00019782393669634
cproductos_mean6	0.00104950307687411	0.00283998467882804	0.00390702274975272
mcuenta_corriente_mean6	0.00102025953749963	0.00296948489943046	0.00516815034619189
mrentabilidad_annual_mean6	0.00100200632102833	0.00338661463038642	0.00410484668644906
Visa_Fvencimiento	0.000964300182685225	0.00385033309243789	0.00262116716122651
mtarjeta_visa_debitos_automaticos_mean6	0.000956981507836701	0.00218519576898177	0.00378338278931751
cplazo_fijo	0.000928823864321507	0.00699210797441971	0.00155786350148368
mcomisiones_mantenimiento_delta3	0.000918252756555766	0.00233817634927194	0.00309099901088032
Visa_status_mean6	0.000910414914314111	0.000545961483629244	0.000420375865479723
tpaquete7	0.000907937682921905	0.00218786926409666	0.000642927794263106
cextraccion_autoservicio	0.000902039268790834	0.00164329301548733	0.00121167161226508
mcaja_ahorro_mean6	0.000812273706353349	0.00221955398488481	0.00318991097922849
mtarjeta_visa_debitos_automaticos_delta3	0.000793420769654873	0.00271297831435337	0.00227497527200791
ccaja_seguridad_mean6	0.000763365602894681	0.00189174776313237	0.00106330365974283
mv_mpagominimo_delta2	0.000762294992708245	0.00229540541740551	0.00227497527200791
mv_status04_delta1	0.000741253497667556	0.000773118560600775	0.000420375865479723
mv_mpagospesos_delta3	0.000727189929772115	0.00137611937696865	0.00202769535113749
cprestamos_personales_delta1	0.000702868009661612	0.00183791622909988	0.000989119683481701
mpayroll_sobre_edad_lag1	0.000701014640697826	0.000824270573891966	0.000840751730959446
mpagomiscuentas	0.000699304897633921	0.00518996777228554	0.00202769535113749
ctrx_quarter_normalizado_lag2	0.000672763944370315	0.000918464860538567	0.00150840751730959
mcomisiones_mantenimiento_mean6	0.000667693713596583	0.00167584241366438	0.00272007912957468
mrentabilidad_annual_delta2	0.000662737368697461	0.00168472268057651	0.00341246290801187
mtransferencias_emitidas_mean6	0.000661253794978541	0.00620037013408178	0.00353610286844708
mpayroll_mean6	0.000648020071565034	0.000919397891126981	0.000964391691394659
mvr_mpagominimo_delta2	0.000641179541887363	0.00258527796718775	0.00229970326409496
mvr_msaldopesos2	0.000639633254469988	0.00331101975773994	0.00323936696340257
mv_mpagominimo_mean6	0.000633919036418439	0.00173460611120894	0.0019782393669634
mv_mpagominimo_lag1	0.000624610045818095	0.00300059163083595	0.0024975272007913
mvr_mpagominimo_delta3	0.000621813543840368	0.0018367052664936	0.00217606330365974
mv_mconsumototal	0.000620590595055308	0.000284570375148825	0.000346191889218595
ctarjeta_visa_debitos_automaticos_delta3	0.000613084971820904	0.00237470595613973	0.00173095944609298
ccomisiones_mantenimiento_delta3	0.000605735226488296	0.00135568280596836	0.00131058358061325
cprestamos_personales_lag1	0.00059574231714078	0.00191973745682941	0.00155786350148368
ccaja_ahorro_mean6	0.000592867114976336	0.0024042834965445	0.0013353115727003
mcaja_ahorro_delta3	0.00058618818018056	0.000471945607551704	0.00145895153313551
cprestamos_personales_delta2	0.000583029759312741	0.000903672889222153	0.000667655786350148
mcuentas_saldo_lag2	0.000581408844932146	0.00191763055889727	0.0029673590504451
mplazo_fijo_dolares	0.000574999681876937	0.00526819311330838	0.00113748763600396
Master_delinquency_lag1	0.000574214021940021	0.000463252888261386	0.00029673590504451
Visa_fechaalta	0.00056742875964002	0.00197780830148798	0.00294263105835806
mrentabilidad_annual_delta3	0.000559807609286177	0.00118144786419445	0.00264589515331355
cprestamos_personales_lag2	0.000552956475084903	0.00135479637983416	0.00111275964391691
mv_msaldototal_mean6	0.000550827319985037	0.000408887050637652	0.000890207715133531
mcuentas_saldo_mean6	0.000544754162037305	0.000855530676319499	0.00225024727992087
Visa_fechaalta_lag3	0.000544090073389045	0.000706025187756706	0.0021513353115727
mcaja_ahorro_delta1	0.000538309037799476	0.000608344417182806	0.00150840751730959
cliente_edad_mean6	0.00053547502394067	0.00259279182916247	0.00408011869436202
mrentabilidad_annual_lag3	0.000534338009111945	0.0018473356954247	0.00318991097922849
mpayroll_lag2	0.000530723018364613	0.00108923177186603	0.00106330365974283
internet	0.000529903645159764	0.00152303921275146	0.00143422354104847
mv_status01_delta2	0.000515863381375614	0.000993839515370091	0.000568743818001978
mtransferencias_recibidas	0.000505574347909456	0.00537813603361336	0.00192878338278932
numero_de_cliente	0.00049165157456325	0.00276787789066587	0.00440158259149357
mpayroll_sobre_edad_mean6	0.000484896992135934	0.00101836023711657	0.00126112759643917
mcaja_ahorro_dolares_delta3	0.000484808011321859	0.00252606601952902	0.0021513353115727
cliente_edad	0.00047720207491748	0.00187755891935878	0.00341246290801187
ccuenta_debitos_automaticos_delta3	0.000477046819874229	0.00292406542230847	0.00140949554896142
mactivos_margen_lag1	0.000473629269986781	0.00115409754594907	0.00259643916913947
mtarjeta_visa_debitos_automaticos_lag3	0.000471127998181409	0.000958987668854022	0.00229970326409496
chomebanking_trx_mean6	0.000470497293850658	0.001751186281311	0.00291790306627102
mvr_mpagominimo	0.000468121366293306	0.00239068045663782	0.00234915924826904
mextraccion_autoservicio	0.000467695651053835	0.00096512015597575	0.000914935707220574
mv_status05_delta3	0.000466709374977221	0.00131640673741595	0.000618199802176063
cproductos_lag1	0.000464549753321622	0.0035226892801471	0.00311572700296736
mv_mpagospesos_lag1	0.000461609205763434	0.000645106575569602	0.00123639960435213
cliente_edad_lag1	0.000460738950997679	0.00217913238826285	0.00336300692383778
mrentabilidad_annual_lag1	0.000453456314905753	0.00118471309465225	0.00284371909000989
cliente_edad_lag3	0.000447645620111819	0.00167478180926696	0.00304154302670623
mrentabilidad_annual_lag2	0.000443256358987578	0.0011957068500254	0.00309099901088032
Visa_mpagominimo_delta3	0.000442821715036848	0.0015892692263124	0.00168150346191889
mpayroll_sobre_edad_lag2	0.000440323741450347	0.000756366001093329	0.000766567754698319
mrentabilidad_lag1	0.000438912315926541	0.000892775167269812	0.00229970326409496
mactivos_margen_delta2	0.000438265015497053	0.00101956875181212	0.00267062314540059
mv_status01_delta1	0.000422750189946027	0.00090700336591585	0.000321463897131553
mprestamos_prendarios	0.000416311543770959	0.00717511236807017	0.00145895153313551
mactivos_margen_delta3	0.000412057468114903	0.00115711657307803	0.00239861523244313
Visa_fechaalta_mean6	0.000409889902301964	0.000988061222100393	0.00229970326409496
ccaja_seguridad_lag1	0.000409503892594765	0.000881020111660751	0.000593471810089021
Visa_cconsumos_delta3	0.000402687287451736	0.00148175416269596	0.00200296735905045
mcuenta_corriente_lag3	0.000397363977586294	0.000941375986832018	0.00210187932739862
mpayroll_delta1	0.000386055896690622	0.00329047208925284	0.00170623145400593
ccomisiones_mantenimiento_delta1	0.000385409364189911	0.00315323741225908	0.00111275964391691
mpayroll_sobre_edad_lag3	0.000380852465515494	0.00073500449644011	0.000692383778437191
Visa_fechaalta_lag1	0.000380192904384776	0.000901013987421205	0.00192878338278932
ccomisiones_mantenimiento	0.000379069325705979	0.000523486838648395	0.00143422354104847
Visa_mpagospesos_delta3	0.000378932204901057	0.00102540080496739	0.00227497527200791
Visa_status_delta1	0.000378032766437213	0.00556261284556576	0.00106330365974283
cliente_antiguedad_lag2	0.000376479355370044	0.00145229383955482	0.00286844708209693
mtarjeta_master_consumo_delta2	0.000371103638791809	0.0014220110184096	0.000766567754698319
mv_fechaalta	0.000368788533429684	0.000813612558889989	0.00136003956478734
cliente_edad_lag2	0.000366530818299637	0.00241187070169061	0.0031404549950544
mvr_msaldopesos	0.000364692612766505	0.00176709610047567	0.00200296735905045
Visa_mfinanciacion_limite_mean6	0.000362922385800369	0.000477232906419931	0.00158259149357072
mrentabilidad_lag2	0.000359178703575934	0.000850494194150317	0.0019782393669634
mcaja_ahorro_dolares	0.000354155061022492	0.00209887047966605	0.00210187932739862
ccaja_seguridad_lag2	0.000354059240082705	0.000626473173270558	0.000469831849653808
cprestamos_personales_delta3	0.000350066078413556	0.000460606320164483	0.000370919881305638
mcuenta_debitos_automaticos_delta3	0.000346588760081096	0.00236345677069732	0.00126112759643917
mcuenta_corriente_delta1	0.0003444685062774	0.00148133453430721	0.00210187932739862
Visa_mlimitecompra_delta3	0.000340835996768123	0.00109637543441859	0.00200296735905045
mcaja_ahorro_lag3	0.000340712949184637	0.00139641575800464	0.00192878338278932
mtarjeta_visa_debitos_automaticos_delta2	0.000340553808703584	0.00167575720754102	0.00185459940652819
ctarjeta_master_trx_delta2	0.000339208079042491	0.00329457111576422	0.00106330365974283
mpasivos_margen_delta2	0.000338634226191392	0.000685526948236198	0.00190405539070228
Visa_mfinanciacion_limite	0.000338486109485683	0.000719716446599947	0.00190405539070228
mpayroll_sobre_edad_delta1	0.000336919368743274	0.003503032557014	0.00150840751730959
mactivos_margen_lag3	0.000333922343668675	0.000402705887752634	0.00128585558852621
Master_mfinanciacion_limite	0.000331605241017839	0.000521698263261099	0.00173095944609298
mcomisiones_mean6	0.000330572438603987	0.000564301324941943	0.00131058358061325
cliente_antiguedad_lag1	0.000325259194525037	0.00208586218791547	0.00284371909000989
ccajas_depositos_lag1	0.00032458930311349	0.00332081516666209	0.00108803165182987
mv_mconsumospesos	0.00031923568436736	0.000190021518048544	0.000519287833827893
mpasivos_margen_lag2	0.00031614503338258	0.000841788482103066	0.0019782393669634
Visa_fechaalta_lag2	0.00031457901743996	0.00105645773080463	0.00182987141444115
mtarjeta_visa_consumo_delta2	0.000312664260274249	0.00074441379452038	0.00101384767556874
mvr_mpagominimo_mean6	0.00031105644182081	0.0013592385845993	0.00192878338278932
ccajas_depositos	0.00030918493316631	0.00310856332395328	0.000816023738872404
Visa_Fvencimiento_mean6	0.000301874256753937	0.00158798049546536	0.00220079129574679
mpayroll_lag3	0.000301203603846204	0.000724671771113508	0.000642927794263106
cliente_antiguedad	0.000301049496285199	0.00156021026637998	0.00222551928783383
mautoservicio_mean6	0.000291892230736874	0.0025407392671752	0.00207715133531157
Master_delinquency	0.000288967586058589	0.000675640213413866	0.000346191889218595
mv_mlimitecompra_mean6	0.00028664902351603	0.000279458855100836	0.000914935707220574
mcaja_ahorro_dolares_mean6	0.000285952960888065	0.000719766911221077	0.00168150346191889
Master_status	0.000282246861356809	0.000137925176119433	0.000123639960435213
tpaquete7_mean6	0.000282131240137762	0.000700098701737648	0.000247279920870425
mv_msaldopesos_mean6	0.000281391040849288	0.000608201496856548	0.000964391691394659
mcheques_emitidos_rechazados_mean6	0.000281260696472115	0.00281620718043827	0.000667655786350148
mv_msaldopesos_lag1	0.000278723518697192	0.000850411247636857	0.00113748763600396
mpasivos_margen_delta3	0.000270145485223118	0.000550219530187427	0.00170623145400593
cliente_antiguedad_lag3	0.000269725328538231	0.000965521048432406	0.00220079129574679
mrentabilidad_annual	0.000268947312218839	0.000715463107562392	0.00178041543026706
Visa_mpagominimo_delta2	0.000267479483643514	0.000381351632681181	0.000865479723046489
mtarjeta_visa_debitos_automaticos_lag2	0.000267464384148214	0.000901050706082102	0.00182987141444115
mvr_mpagominimo_delta1	0.000265292933908308	0.00117931469829721	0.00111275964391691
Master_fechaalta	0.000263665114325628	0.00179123061722985	0.00225024727992087
mv_cconsumos_delta3	0.000263036815339559	0.000746633013894698	0.00118694362017804
Visa_mpagominimo_mean6	0.000261768644478584	0.00166768371551407	0.002324431256182
tcallcenter_delta1	0.000258278693533954	0.00141786190387874	0.000717111770524233
ctarjeta_visa_debitos_automaticos_mean6	0.000257726024842062	0.000611241519527515	0.00150840751730959
mtarjeta_visa_consumo_delta3	0.000257552840882644	0.000186371024102574	0.000593471810089021
cinversion1	0.000255491649593104	0.00442713109578859	0.000766567754698319
Visa_mlimitecompra_mean6	0.000255179331519839	0.000467848652349401	0.00128585558852621
Master_msaldopesos	0.000254082760960455	0.000983782650752273	0.00165677546983185
thomebanking	0.000253806017808068	0.000576596144866178	0.000840751730959446
mrentabilidad_delta2	0.000253590311730062	0.000618190761478152	0.00150840751730959
mcomisiones_otras_mean6	0.000250900692741379	0.000538520494073836	0.00155786350148368
Visa_mlimitecompra	0.000250332651689826	0.000488540653418946	0.00145895153313551
ctransferencias_emitidas_mean6	0.000250049308592404	0.00125147901236146	0.00190405539070228
ccaja_seguridad_lag3	0.000249643216016119	0.000244005293298133	0.000222551928783383
mactivos_margen_lag2	0.00024443776889011	0.000701677227554534	0.00153313550939664
mv_mlimitecompra	0.000243138399069372	0.000497318108080563	0.00123639960435213
tpaquete7_delta1	0.000242607856283248	0.00717346595980583	0.00123639960435213
Visa_mlimitecompra_lag1	0.000241747065313069	0.000419302063424827	0.00131058358061325
ccaja_ahorro_delta1	0.000240529379459114	0.000560701483917928	0.000173095944609298
Visa_Fvencimiento_lag1	0.000239113408728142	0.00071162158242935	0.00217606330365974
mcuentas_saldo_lag3	0.000239020213678997	0.000323158015884638	0.00153313550939664
Visa_cconsumos_mean6	0.000235625442344883	0.000762719929985385	0.00153313550939664
ctarjeta_visa	0.000234787403784153	7.3448808142725e-05	0.000148367952522255
Visa_cconsumos	0.000233791080583216	0.000662867015243442	0.0013353115727003
mcuenta_corriente_lag2	0.000230656478234822	0.000678501821053043	0.00143422354104847
tcallcenter_delta3	0.000228918659272118	0.00167117321225457	0.000791295746785361
ctarjeta_visa_trx_delta1	0.00022831635904012	0.00169700573169917	0.000989119683481701
mcomisiones	0.000225712376944618	0.000720198120110576	0.0018051434223541
Visa_mpagominimo_lag1	0.000225692057539991	0.00131170034659318	0.00160731948565776
mtransferencias_recibidas_mean6	0.000225672037541818	0.00237881816370886	0.00145895153313551
mv_mlimitecompra_lag1	0.00022291774983728	0.00063803070131408	0.00128585558852621
mtransferencias_emitidas_delta2	0.000222244084026694	0.00230569511599358	0.00131058358061325
ccajas_depositos_mean6	0.00022153271447536	0.00212823100336988	0.00158259149357072
mdescubierto_preacordado_lag1	0.000221223497217018	3.44627228609819e-05	0.000123639960435213
mrentabilidad_lag3	0.000218317409827095	0.000332942503358936	0.00118694362017804
Master_fechaalta_lag2	0.000217598914680874	0.00155978903743421	0.00220079129574679
mcuenta_debitos_automaticos_lag1	0.000216537840135924	0.00146642704043459	0.00153313550939664
Visa_mpagominimo_delta1	0.000216262972022398	0.00108579942442595	0.00153313550939664
Visa_cconsumos_delta2	0.000216062194470626	0.000736385871293108	0.001162215628091
mpasivos_margen_lag1	0.000215387016526493	0.000683362053649924	0.00145895153313551
mvr_msaldototal	0.000215264948029224	0.0014851554404999	0.00145895153313551
Visa_mlimitecompra_delta1	0.000211116834552202	0.000982268241366336	0.00111275964391691
cliente_antiguedad_mean6	0.000210273811775322	0.000916863644472255	0.00182987141444115
cpagomiscuentas_mean6	0.000210146613501571	0.00150487712741766	0.00108803165182987
ccomisiones_mantenimiento_delta2	0.000208331659248253	0.000983156268057549	0.000741839762611276
Master_fechaalta_lag3	0.000208150741645677	0.000824048284767925	0.00187932739861523
Master_status_mean6	0.000207805840434047	0.00076260327762423	0.000544015825914936
ccajas_trx_mean6	0.000207631007280958	0.000804236590055764	0.00155786350148368
mplazo_fijo_dolares_delta3	0.000207412701088619	0.00325519364721748	0.000717111770524233
active_quarter_mean6	0.000206659851774035	0.000473059971834697	0.000989119683481701
mcaja_ahorro_dolares_delta2	0.000204837368433935	0.00119771696133343	0.00143422354104847
mvr_Master_mlimitecompra_mean6	0.000203149911860824	0.000799054927950422	0.00168150346191889
mcomisiones_otras	0.000202838122500549	0.000619496533549868	0.00145895153313551
chomebanking_trx	0.000200815617070481	0.000603457163417522	0.00158259149357072
mvr_mpagominimo_lag2	0.000200123595878296	0.000683878939414847	0.00121167161226508
Master_fechaalta_lag1	0.000199233644872773	0.00139161945353788	0.00182987141444115
minversion2	0.000199090819095254	0.00635394113160908	0.00108803165182987
Master_Fvencimiento_mean6	0.000197186608376043	0.000377428196689216	0.00158259149357072
internet_lag1	0.000196402565408584	0.000783644294273114	0.00106330365974283
Master_mlimitecompra_lag1	0.000194699518824517	0.000478270255665455	0.0013353115727003
mv_mfinanciacion_limite_lag2	0.000194473757321083	0.00028019322831876	0.000865479723046489
mvr_Visa_mlimitecompra_mean6	0.000191348780670442	0.000684773368334113	0.00143422354104847
mv_cconsumos_mean6	0.000189751776871894	0.000555343195638634	0.00123639960435213
mv_mfinanciacion_limite_lag3	0.000189635514047894	0.000245388080407318	0.000865479723046489
Visa_mconsumosdolares	0.000188720539867223	0.000833949424603378	0.00140949554896142
ctarjeta_master_trx	0.000187339139286497	0.00069996387834687	0.000667655786350148
mcaja_ahorro_dolares_lag3	0.000187329954527506	0.000474796670344675	0.00123639960435213
mv_mlimitecompra_lag2	0.000185832077622039	0.000305825395685445	0.00123639960435213
Visa_msaldopesos_delta3	0.00018497120979772	0.000425581707641377	0.00126112759643917
mactivos_margen_delta1	0.000184627325731801	0.000895179298054387	0.00158259149357072
mvr_Visa_mlimitecompra	0.00018400111223751	0.000306583871408982	0.000989119683481701
mv_mpagominimo_delta1	0.000183606277445021	0.000794089529342718	0.00103857566765579
Visa_msaldopesos_mean6	0.000183261557341445	0.000528611728054965	0.00108803165182987
mvr_mpagominimo_lag1	0.000182958274454128	0.000831339386866547	0.00108803165182987
mv_mfinanciacion_limite_lag1	0.000181348232407319	0.000464000630837892	0.00106330365974283
Master_mfinanciacion_limite_mean6	0.000180733989642269	0.000404460945593059	0.00136003956478734
Visa_mconsumospesos_mean6	0.000179880282792084	0.000422508449874777	0.001162215628091
Master_msaldototal_mean6	0.000178656272935909	0.00116259499728375	0.00121167161226508
mtarjeta_master_consumo	0.000177902455884036	0.000470516027687479	0.000840751730959446
mcaja_ahorro_delta2	0.000177878274964715	0.000465202743305386	0.00143422354104847
Master_mlimitecompra	0.000177540171347122	0.000536138394485798	0.00128585558852621
mvr_mconsumospesos_mean6	0.000177191506687174	0.000665485338216579	0.00140949554896142
mcomisiones_mantenimiento_lag1	0.000176447146676657	0.00058704128578537	0.00103857566765579
mvr_mpagospesos_delta3	0.00017548779725529	0.000394077943946153	0.000692383778437191
mv_mlimitecompra_delta3	0.000175035059974444	0.000820578277162822	0.00126112759643917
mtarjeta_master_consumo_delta3	0.000174887913732218	0.000828996830451782	0.000692383778437191
mv_mpagominimo_lag2	0.000174589629871324	0.00077579064345948	0.000914935707220574
minversion1_pesos	0.000173937418909479	0.00391024391860901	0.000667655786350148
mv_mfinanciacion_limite	0.000173009712120487	0.000376688362747364	0.000914935707220574
cpayroll_trx_delta3	0.000172986610115062	0.000260591583177007	0.000445103857566766
ccajas_consultas_mean6	0.000172662330057816	0.000638039739753685	0.00143422354104847
mv_cconsumos_delta2	0.000172478859329449	0.000945148028960595	0.00111275964391691
Visa_msaldototal_mean6	0.000172333276574285	0.000368784623914252	0.000890207715133531
Visa_delinquency_delta3	0.000172056885269282	0.000108785905885099	2.47279920870425e-05
mv_status05_mean6	0.000171844836455904	0.000138829114230367	0.000173095944609298
Visa_cconsumos_lag2	0.000171171074585301	0.000636394084692648	0.00158259149357072
catm_trx	0.000170213019171402	0.00081476703124873	0.000717111770524233
mcomisiones_lag2	0.000170197151257223	0.00044094018199013	0.00136003956478734
Visa_msaldopesos_lag1	0.00016948622840335	0.000861878673735564	0.00148367952522255
ctrx_quarter_normalizado_lag3	0.000164729447915384	0.000510849687824112	0.00113748763600396
mv_cconsumos	0.000164313719456411	0.000165421145053043	0.000420375865479723
internet_mean6	0.000164021308933512	0.000706162176606973	0.00103857566765579
ctrx_quarter_normalizado_mean6	0.000162708230603901	0.00049580567585329	0.00106330365974283
cprestamos_personales_lag3	0.000162493104324373	0.00030047332133338	0.000420375865479723
mv_Fvencimiento_lag1	0.000161746307464797	0.000338967941461589	0.00136003956478734
Master_fechaalta_mean6	0.000160720896748315	0.000936107235595064	0.00155786350148368
Master_Fvencimiento	0.000160535422222068	0.00047000375529277	0.00113748763600396
ccajas_extracciones_mean6	0.00015993285900433	0.00138126497946598	0.00123639960435213
Visa_mconsumosdolares_mean6	0.000159372812161797	0.000456180874172778	0.00143422354104847
Master_mlimitecompra_lag2	0.000158659603686004	0.00040962123555475	0.00126112759643917
mv_fechaalta_mean6	0.000157881019139138	0.000412200674407502	0.00111275964391691
Visa_mlimitecompra_lag2	0.000157767523738085	0.00043455254725038	0.00111275964391691
Visa_mlimitecompra_lag3	0.000157753322400888	0.000357619138188606	0.000865479723046489
mv_msaldopesos_lag3	0.000157583719173588	0.000345179609080275	0.000618199802176063
Master_msaldototal	0.000157571260072889	0.00043571728200409	0.00101384767556874
mcomisiones_otras_lag3	0.000157461591634328	0.000405425704870504	0.00131058358061325
Visa_mfinanciacion_limite_delta2	0.000156756841854193	0.000693326085960963	0.00118694362017804
Visa_msaldopesos_delta2	0.00015634512130495	0.00039625620789101	0.00103857566765579
mv_msaldototal_lag1	0.000155840463140364	0.000405010124949489	0.000741839762611276
Visa_Fvencimiento_lag3	0.000155623649829749	0.000767915432201371	0.00128585558852621
Visa_Fvencimiento_lag2	0.000154311638306979	0.000363190018099447	0.00123639960435213
ccomisiones_otras_mean6	0.00015406052663838	0.000513473942273239	0.00131058358061325
Master_mpagospesos	0.000153827102388123	0.000541825926757794	0.000642927794263106
mpasivos_margen_delta1	0.000153073827144156	0.000433572912207752	0.00131058358061325
Visa_cconsumos_lag3	0.000152654096848123	0.000315089890431205	0.00118694362017804
chomebanking_trx_delta2	0.000152548755368123	0.000563494926658415	0.00113748763600396
Visa_mpagospesos_lag2	0.00015159968982104	0.00059899349235832	0.00123639960435213
Master_mfinanciacion_limite_lag2	0.000151356020521778	0.000401069930184089	0.001162215628091
mpasivos_margen_lag3	0.000151320644306682	0.000435232783981085	0.00118694362017804
Visa_msaldopesos_lag3	0.000150568443749479	0.000378183847900378	0.00106330365974283
ctarjeta_debito_trx_mean6	0.000150221566446057	0.000354241774589456	0.001162215628091
Master_msaldopesos_mean6	0.000149481177059219	0.000767034937543163	0.000964391691394659
Master_status_delta1	0.000148899891855246	0.000230555718563918	0.000123639960435213
mvr_msaldopesos_lag1	0.000148379757735661	0.00100081653169243	0.000766567754698319
ctarjeta_visa_trx_mean6	0.000147564497866106	0.000292819363544774	0.000791295746785361
Visa_mpagominimo_lag2	0.000147441522878999	0.000309275443403086	0.000766567754698319
Visa_mconsumosdolares_delta2	0.000147225455595721	0.00107764496304421	0.000791295746785361
ccallcenter_trx_mean6	0.000146949594795644	0.000570493220973993	0.00126112759643917
Master_cconsumos_mean6	0.000146670003292196	0.000546716381637104	0.00118694362017804
mvr_msaldopesos2_delta1	0.000146023476473607	0.00160251101108611	0.000865479723046489
mv_mpagominimo_lag3	0.000145510614336289	0.000262125575848755	0.000840751730959446
matm	0.000145131309517244	0.000520050819342224	0.000642927794263106
ccallcenter_trx_delta1	0.000143581093701552	0.00113699710066723	0.000667655786350148
Visa_msaldototal_delta3	0.00014344853173476	0.000541351126227282	0.00103857566765579
mtransferencias_emitidas_delta3	0.000143361101037148	0.0014741335341534	0.000964391691394659
cproductos_lag2	0.000143110807808477	0.000660841651568573	0.00111275964391691
Master_Fvencimiento_lag1	0.000142689013294162	0.000369391423323164	0.0013353115727003
mv_Fvencimiento_mean6	0.000142625137670764	0.000375452356131351	0.00118694362017804
Master_mfinanciacion_limite_lag1	0.000141697708647155	0.000375355475356832	0.00113748763600396
mv_msaldopesos_lag2	0.000141547543682114	0.000366211398988729	0.000519287833827893
mcaja_ahorro_dolares_lag1	0.000140914588603272	0.000588877877883068	0.00103857566765579
mpagomiscuentas_delta2	0.000140725352206222	0.00131656472180822	0.000865479723046489
Visa_mconsumospesos	0.000139806241425721	0.000749205768068158	0.00106330365974283
mv_status01_delta3	0.000138850521884527	0.000499428866179619	0.000346191889218595
mv_mfinanciacion_limite_mean6	0.000138624805378595	0.000204600709432585	0.000989119683481701
ctarjeta_master_trx_mean6	0.000138521755493635	0.000456802078594812	0.000618199802176063
Visa_mfinanciacion_limite_lag1	0.000137750262142612	0.000264144160693921	0.00101384767556874
mtarjeta_master_consumo_delta1	0.000137616437733993	0.000821948636417551	0.000395647873392681
Visa_mpagospesos_lag1	0.000136793652683157	0.000483780785161848	0.00103857566765579
Master_mfinanciacion_limite_lag3	0.000136473379639675	0.00032737953208275	0.00113748763600396
Visa_cconsumos_lag1	0.000135771317801704	0.000481377030978923	0.001162215628091
mv_fechaalta_lag1	0.000135577442342931	0.000477163800017116	0.00103857566765579
ccajas_trx_lag1	0.000135210011396694	0.000570820017055969	0.000642927794263106
mrentabilidad_delta1	0.000135041568317717	0.000436545617333743	0.00106330365974283
Visa_mconsumototal	0.000135041529109547	0.000712348894366332	0.000964391691394659
mv_status03_mean6	0.000134657724739413	4.59972782038405e-05	0.00019782393669634
mv_status02_mean6	0.000134514683041274	0.000399120451741739	0.000445103857566766
ccuenta_debitos_automaticos	0.000134229534116602	0.000455219598460598	0.000692383778437191
Visa_mconsumosdolares_delta3	0.000134179637523138	0.000853004244149016	0.000865479723046489
cproductos_lag3	0.000133962055763012	0.000514338337210901	0.000840751730959446
Master_mlimitecompra_delta3	0.000133862451985241	0.000500890457184113	0.00113748763600396
Master_mlimitecompra_lag3	0.000133711044595982	0.00024830627244444	0.001162215628091
Master_mpagominimo	0.000132225961194025	0.000505530848567679	0.00101384767556874
mvr_msaldopesos2_lag2	0.000132190507971632	0.000318398241777953	0.00101384767556874
mv_fultimo_cierre_mean6	0.000131940211220352	0.000365305577869543	0.00111275964391691
Visa_mlimitecompra_delta2	0.000131143181465355	0.000771553780744122	0.000840751730959446
Visa_mconsumospesos_lag3	0.000130335813281581	0.000677693822212502	0.000989119683481701
mv_msaldototal_delta3	0.000130235689704553	0.00052398169321678	0.0013353115727003
mrentabilidad_delta3	0.000130198714592517	0.000312396717880088	0.00103857566765579
mvr_msaldototal_lag2	0.000129605427063032	0.000305711191235016	0.000667655786350148
ccomisiones_mantenimiento_mean6	0.000129522983583444	0.000335759012950499	0.000890207715133531
mvr_mconsumosdolares_mean6	0.000129022239925844	0.000528041082404474	0.00113748763600396
mv_status07_delta2	0.000128518931257477	0.000297002183923326	0.00029673590504451
mv_msaldopesos_delta3	0.000127934643335587	0.000501564479987589	0.00108803165182987
mcomisiones_lag1	0.000127533072349671	0.000352557047107209	0.00113748763600396
mv_fechaalta_lag2	0.000127326084239006	0.000400564719070322	0.000939663699307616
Visa_fultimo_cierre_mean6	0.000126947828253838	0.000365664385091788	0.00101384767556874
mv_fechaalta_lag3	0.000126671204257533	0.000404671936667593	0.000865479723046489
mcomisiones_delta3	0.000126602608184826	0.00056432260293518	0.00108803165182987
ccomisiones_otras_lag2	0.000126102192926285	0.000521184578610203	0.00113748763600396
mv_Fvencimiento_lag2	0.000125705277834037	0.000303796077693248	0.00106330365974283
Master_Finiciomora_mean6	0.000125264862011769	0.000336313182278794	0.00029673590504451
Visa_cconsumos_delta1	0.000125006398933727	0.00100226305863092	0.000766567754698319
mvr_msaldopesos_delta3	0.000124971947633247	0.000666897971006544	0.000939663699307616
Visa_mconsumosdolares_delta1	0.000124168012277958	0.00133475345170877	0.000692383778437191
mvr_mpagospesos_lag1	0.000124068253015286	0.000292291179730344	0.000618199802176063
Visa_mpagominimo_lag3	0.000124012642688649	0.000405234297081781	0.000791295746785361
Visa_mconsumospesos_lag1	0.000123554088860393	0.000379883545298221	0.00113748763600396
Visa_mfinanciacion_limite_lag3	0.000123493067515229	0.000276543675876916	0.00103857566765579
mvr_msaldototal_lag3	0.000123372399775799	0.000254652292701841	0.000593471810089021
Visa_msaldototal_delta2	0.00012290343409534	0.000324272662618869	0.000791295746785361
mcomisiones_lag3	0.000122090561298847	0.000442679799162897	0.00108803165182987
mcomisiones_otras_lag1	0.000122024110230867	0.000253971961820724	0.00101384767556874
mcomisiones_otras_lag2	0.000121696222581609	0.000259089601645528	0.000914935707220574
mtarjeta_master_consumo_mean6	0.000121157214353266	0.000850554827016002	0.000667655786350148
Visa_mconsumospesos_delta2	0.000119892039593829	0.000186958146075263	0.000791295746785361
chomebanking_trx_lag1	0.000119417744481532	0.000310599480654838	0.00108803165182987
cforex_buy_mean6	0.000119155116239896	0.000788980645506282	0.00148367952522255
Visa_msaldototal_delta1	0.000119039123370276	0.000236907011244422	0.000816023738872404
mvr_Master_mlimitecompra_lag3	0.00011894991433708	0.000595686364966936	0.000989119683481701
Visa_mfinanciacion_limite_lag2	0.000117612201353128	0.000264056130058182	0.000890207715133531
Master_mlimitecompra_mean6	0.000117595858820981	0.000309267911370082	0.000989119683481701
ccallcenter_trx_delta3	0.000117344930665	0.000645735500325465	0.000445103857566766
mprestamos_hipotecarios_lag1	0.000117016318778804	0.00316555953580295	0.000593471810089021
mv_msaldototal_lag3	0.000116983741598243	0.000948980327353208	0.000692383778437191
mv_Fvencimiento_lag3	0.000116981906073867	0.000306789778361239	0.00106330365974283
mvr_msaldopesos2_mean6	0.000116674021747823	0.000336749286989746	0.00103857566765579
ctarjeta_visa_trx_lag1	0.000116170248700029	0.000588342444486871	0.00108803165182987
Visa_mpagospesos_mean6	0.000115672958822779	0.000280264876782714	0.000865479723046489
mcomisiones_otras_delta3	0.000115560031388834	0.000410566788148034	0.000914935707220574
mprestamos_prendarios_lag1	0.000115525077427356	0.00130526686060252	0.000346191889218595
ccallcenter_trx_delta2	0.000115438526983803	0.000723643177856352	0.000445103857566766
mv_fultimo_cierre_lag3	0.000114972621072212	0.000850817883268679	0.000816023738872404
mv_cconsumos_delta1	0.000114312121640964	0.00123559084779167	0.000544015825914936
mvr_mpagominimo_lag3	0.000114171088473253	0.00035412173281345	0.000914935707220574
mvr_Master_mlimitecompra_lag1	0.000114123912497982	0.00148338042277201	0.000865479723046489
mv_mpagado_mean6	0.000113736861170597	0.000430290640525282	0.000791295746785361
mcheques_depositados_mean6	0.00011289300623093	0.00106077142025663	0.000593471810089021
mv_mconsumosdolares	0.000112171799625299	0.000942101227459924	0.000766567754698319
mvr_mpagado_mean6	0.000112147825728182	0.000471801274969258	0.000741839762611276
Master_mpagospesos_mean6	0.000111541256859778	0.000577338238417931	0.000964391691394659
thomebanking_mean6	0.000111521095375247	0.000194256968507714	0.000741839762611276
ctrx_quarter_mean6	0.00011149445797215	0.000500921244369018	0.00101384767556874
mtransferencias_emitidas_delta1	0.000110144515653504	0.00213104591240443	0.000791295746785361
ctarjeta_debito_delta2	0.000109427490139787	0.00207304520980321	0.000519287833827893
Visa_mpagosdolares_mean6	0.000108541684816298	0.00043783001726181	0.000840751730959446
ccallcenter_trx	0.000108350894366653	0.000769646858288246	0.000593471810089021
ctransferencias_emitidas_delta2	0.000106953793057838	0.00147057945022989	0.000667655786350148
Master_mfinanciacion_limite_delta3	0.000106649012020199	0.000321948465534552	0.000791295746785361
mv_fultimo_cierre_lag1	0.00010661696425715	0.000421486258845675	0.000840751730959446
mvr_Visa_mlimitecompra_lag3	0.000106131131022637	0.00026069966785062	0.000865479723046489
mcaja_ahorro_dolares_lag2	0.000106004309805898	0.0003429059707675	0.000964391691394659
mvr_msaldopesos_lag2	0.000105021796212714	0.00013928517882878	0.000469831849653808
mv_mpagospesos_lag2	0.00010441060831551	0.00038597921960864	0.000865479723046489
mv_mlimitecompra_lag3	0.000104256858008328	0.000248770904730396	0.000865479723046489
mautoservicio_lag3	0.000103778191139073	0.00130011843359281	0.000791295746785361
tcallcenter_mean6	0.000103665790365815	0.000325347107126939	0.000766567754698319
Visa_mconsumospesos_lag2	0.000103273219416333	0.000255183206878235	0.000766567754698319
mv_mpagospesos_lag3	0.000102943587260026	0.00019880923510513	0.000766567754698319
mcomisiones_mantenimiento_delta2	0.000101825419002445	0.000649596608744319	0.000642927794263106
ccajas_consultas_delta3	0.000101095125106884	0.00167347104722337	0.000544015825914936
Master_mpagominimo_delta3	0.000101081358505593	0.000967024630520899	0.000741839762611276
mvr_msaldopesos2_delta3	0.000100956953492361	0.000301349579223023	0.000816023738872404
mvr_msaldototal_lag1	9.92505700173019e-05	0.000502394321723843	0.000568743818001978
ctarjeta_debito_mean6	9.89242989507795e-05	0.000568846530258417	0.000741839762611276
mforex_buy_mean6	9.78190482384944e-05	0.000604563995667511	0.00101384767556874
mforex_sell_mean6	9.7464285069254e-05	0.000458616921947209	0.000964391691394659
mtarjeta_visa_debitos_automaticos	9.63699550117623e-05	0.000220919706290218	0.000816023738872404
chomebanking_trx_delta3	9.62261261789687e-05	0.000618850661719745	0.000717111770524233
mvr_mpagospesos_mean6	9.6163344341002e-05	0.000317349688633335	0.000840751730959446
mvr_mconsumospesos	9.47392860059224e-05	0.000422298965206844	0.000717111770524233
mprestamos_prendarios_mean6	9.45488774989947e-05	0.00114143996448526	0.000272007912957468
tpaquete7_delta3	9.41219911911123e-05	0.00017487789494124	9.89119683481701e-05
mvr_Visa_mlimitecompra_lag2	9.37726326690717e-05	0.000199148176590325	0.000766567754698319
mvr_msaldopesos_lag3	9.37345256661637e-05	0.000398548582135884	0.000692383778437191
Visa_mfinanciacion_limite_delta1	9.35261065185389e-05	0.000335238361169074	0.000568743818001978
Visa_msaldopesos_delta1	9.32389185545818e-05	0.000401312367496417	0.000741839762611276
mvr_msaldototal_delta3	9.29034060303777e-05	0.000883665455802291	0.000816023738872404
Master_Fvencimiento_lag2	9.22857637791037e-05	0.000273340867142642	0.000840751730959446
Master_msaldodolares_mean6	9.21613530531184e-05	0.000224947555089706	0.000395647873392681
Master_mconsumospesos_mean6	9.2122495673216e-05	0.000275360016890283	0.000692383778437191
Visa_mpagospesos_lag3	9.19650422155923e-05	0.000373837205803981	0.000890207715133531
mv_mfinanciacion_limite_delta2	9.18950427048009e-05	0.00130781193455469	0.000568743818001978
Master_Fvencimiento_lag3	9.11188276485824e-05	0.000324402684338606	0.000865479723046489
Visa_mconsumototal_lag1	9.08949750010551e-05	0.000291825229338613	0.000741839762611276
mvr_Master_mlimitecompra	9.06638084215814e-05	0.000196439469221137	0.000741839762611276
mtarjeta_visa_descuentos	9.02657063785501e-05	0.00233932008848365	0.000469831849653808
Master_fultimo_cierre_lag2	8.9879208544944e-05	0.000331318220441548	0.000791295746785361
Master_mconsumospesos	8.96810795357206e-05	0.000147928092550857	0.000395647873392681
Master_fultimo_cierre_mean6	8.96751625480053e-05	0.00022271957972702	0.000840751730959446
mtransferencias_emitidas	8.83571325098002e-05	0.000890108545135035	0.000593471810089021
mcuenta_debitos_automaticos_mean6	8.80964528070278e-05	0.000283033463814287	0.000667655786350148
mcomisiones_delta2	8.78824998549759e-05	0.000315474589016902	0.000816023738872404
mtarjeta_visa_consumo_mean6	8.75780683520513e-05	0.00027205034743776	0.000618199802176063
Visa_mpagospesos_delta1	8.73221252872738e-05	0.000154397167397467	0.000692383778437191
mcomisiones_mantenimiento_lag2	8.73179438584152e-05	0.000272149205370942	0.000642927794263106
mtransferencias_emitidas_lag3	8.73121658146541e-05	0.000698285176491026	0.000865479723046489
Visa_msaldototal_lag2	8.66885977078793e-05	0.000219856653982067	0.000568743818001978
mv_msaldototal_delta2	8.63902982402958e-05	0.000333420881605125	0.000667655786350148
mvr_msaldototal_mean6	8.62753018248876e-05	0.000217531515393625	0.000741839762611276
mtransferencias_emitidas_lag1	8.62437509947682e-05	0.000462288882187242	0.000914935707220574
mvr_msaldopesos_mean6	8.61141101285732e-05	0.000224164317807666	0.000692383778437191
Master_mpagominimo_lag3	8.52492214144746e-05	0.000229922651189903	0.000519287833827893
Master_fultimo_cierre	8.50984144769044e-05	0.000181835892880244	0.000692383778437191
mv_msaldototal_lag2	8.49868025383423e-05	0.000344825791829896	0.000568743818001978
mcomisiones_otras_delta2	8.48754199369462e-05	0.000230527944192215	0.000766567754698319
mtarjeta_visa_debitos_automaticos_lag1	8.44746222862457e-05	0.000247689398941384	0.000890207715133531
mv_fultimo_cierre_lag2	8.42952871009253e-05	0.000639323198177626	0.000717111770524233
matm_mean6	8.38068467068622e-05	0.000299275822236101	0.000989119683481701
Visa_msaldototal_lag1	8.36449530770859e-05	0.000438769450078277	0.000642927794263106
mpagomiscuentas_mean6	8.33401065801816e-05	0.000235466886533991	0.000766567754698319
mtarjeta_visa_debitos_automaticos_delta1	8.29555730759177e-05	0.00029797871200234	0.000816023738872404
ctarjeta_visa_trx_lag2	8.28702151580597e-05	0.000248228974955733	0.000717111770524233
Visa_delinquency_mean6	8.26332711474526e-05	0.000231554748591533	0.000420375865479723
ccomisiones_otras_delta2	8.22310656477486e-05	0.000258893392185765	0.000593471810089021
Visa_mconsumospesos_delta3	8.20287502933297e-05	0.000271191789825677	0.000618199802176063
mextraccion_autoservicio_mean6	8.13170370578762e-05	0.000280149071775272	0.000791295746785361
cpagomiscuentas	8.0880752168632e-05	0.000409583387088904	0.000618199802176063
mv_mconsumosdolares_mean6	7.98370962669517e-05	0.000261247999853336	0.000741839762611276
mcomisiones_mantenimiento_lag3	7.9633530355682e-05	0.000204025450411878	0.000642927794263106
ctarjeta_debito_trx_delta1	7.94814972438421e-05	0.00068854908232878	0.000593471810089021
mv_status06_delta1	7.94764213785939e-05	0.000189400313626511	0.000123639960435213
ctrx_quarter_lag3	7.94573306753249e-05	0.00024502729602641	0.000618199802176063
mextraccion_autoservicio_lag1	7.8973120796912e-05	0.000407875027853105	0.000544015825914936
mvr_mconsumospesos_lag2	7.70018371505244e-05	0.000190256611628692	0.000667655786350148
mv_Fvencimiento	7.69204218745772e-05	0.000199094322554344	0.000791295746785361
mv_msaldopesos_delta2	7.66941064332088e-05	0.000247065558307799	0.000469831849653808
Master_mconsumototal_mean6	7.66264855412175e-05	0.000237141445771683	0.000667655786350148
cseguro_accidentes_personales_mean6	7.59747060989831e-05	0.000405507333278188	0.000544015825914936
Visa_mconsumototal_lag3	7.57207029503354e-05	0.000260921486222598	0.000568743818001978
mcomisiones_otras_delta1	7.46081822008761e-05	0.00043999547675056	0.000642927794263106
Master_mpagominimo_delta2	7.41416065034606e-05	0.000564719258623272	0.000370919881305638
Visa_mconsumototal_mean6	7.41259256245073e-05	0.000262898644886239	0.000667655786350148
chomebanking_trx_lag3	7.41236814468482e-05	0.00021277654295798	0.000642927794263106
catm_trx_other_mean6	7.39964615626562e-05	0.00033773871367528	0.000766567754698319
mtransferencias_recibidas_lag1	7.3955506392475e-05	0.000806938141993598	0.000445103857566766
Master_msaldopesos_delta2	7.39508515249575e-05	0.000337561993350915	0.000494559841740851
mvr_mconsumototal_mean6	7.36503145879878e-05	0.000366155473643671	0.000840751730959446
Visa_mfinanciacion_limite_delta3	7.35028573146966e-05	0.000203904843733396	0.000618199802176063
mvr_Master_mlimitecompra_lag2	7.3054876398456e-05	0.000229825582114559	0.000618199802176063
Visa_msaldopesos_lag2	7.30467599395853e-05	0.000259381185473209	0.000692383778437191
mvr_mpagado	7.2890676194893e-05	0.000444285534449011	0.000395647873392681
mv_fultimo_cierre	7.26998832947375e-05	0.000250429552548366	0.000741839762611276
ccomisiones_otras	7.20724863110091e-05	0.000405831681449438	0.000717111770524233
mvr_Visa_mlimitecompra_lag1	7.15670692539046e-05	0.00019577796842253	0.000593471810089021
Visa_mconsumototal_delta3	7.14537314206872e-05	0.000129972384921379	0.000519287833827893
mvr_msaldopesos2_lag1	7.13457166173491e-05	0.000223851361836336	0.000642927794263106
cpayroll_trx_lag3	7.12797178715181e-05	0.000174911318337696	0.000148367952522255
ccajas_consultas_delta1	7.02511235894325e-05	0.00051366120744381	0.000420375865479723
mv_mpagospesos_mean6	7.01505962601423e-05	0.000343809908878434	0.000741839762611276
mv_mconsumospesos_mean6	6.99637141912062e-05	0.000158755295844195	0.000544015825914936
ccuenta_debitos_automaticos_mean6	6.99537258178765e-05	0.000234988508287802	0.000519287833827893
mv_Finiciomora_lag3	6.99062904254212e-05	0.00038273159527799	0.000321463897131553
cextraccion_autoservicio_mean6	6.98938567794015e-05	0.000293415618107481	0.000741839762611276
ctarjeta_master_trx_delta1	6.98864101676187e-05	0.000451598479443345	0.000272007912957468
mvr_mconsumospesos_lag1	6.98710633698464e-05	0.000238853853475221	0.000741839762611276
Master_mpagominimo_lag1	6.98279323759376e-05	0.000380053110191232	0.000692383778437191
ccheques_depositados_mean6	6.9803786789918e-05	0.000837289881240807	0.000346191889218595
mcaja_ahorro_dolares_delta1	6.9749860729887e-05	0.000271991409279501	0.000593471810089021
ccomisiones_otras_lag3	6.92293022431189e-05	0.000235362944478531	0.000667655786350148
mpagodeservicios_mean6	6.89841380864089e-05	0.000536939332045398	0.000593471810089021
Visa_status_delta3	6.89375048073542e-05	0.000136929441356258	0.000148367952522255
mcaja_ahorro_adicional_mean6	6.87809085996209e-05	0.0025364136206208	0.000445103857566766
Master_msaldototal_lag1	6.86278747911231e-05	0.000170258969851736	0.000568743818001978
Master_mpagominimo_mean6	6.85735807409699e-05	0.000340956963077213	0.000642927794263106
Visa_mconsumosdolares_lag2	6.83409271303672e-05	0.00017595233944931	0.000519287833827893
matm_other_mean6	6.78314406174254e-05	0.000164555996912081	0.000667655786350148
Master_msaldopesos_lag2	6.77964025881164e-05	0.000759778388645949	0.000494559841740851
mvr_msaldodolares_mean6	6.76832174829756e-05	0.000582689559566696	0.000692383778437191
ctransferencias_recibidas_mean6	6.73398480702421e-05	0.000254343667649488	0.000494559841740851
mv_mconsumospesos_delta2	6.7028223368968e-05	0.000173816631490927	0.000420375865479723
ccomisiones_otras_lag1	6.69880860260869e-05	0.000188557102531674	0.000667655786350148
ctarjeta_master_mean6	6.67428429016711e-05	4.80594546900184e-05	0.000173095944609298
cpagomiscuentas_delta2	6.65969913254875e-05	0.000988809058827312	0.000370919881305638
mv_msaldodolares_mean6	6.6563768772314e-05	0.000249482493548482	0.000593471810089021
chomebanking_trx_delta1	6.62279668428014e-05	0.000179038684123254	0.000544015825914936
Visa_mconsumosdolares_lag1	6.61871531589791e-05	0.000351447578645669	0.000568743818001978
Visa_msaldototal_lag3	6.60584876879195e-05	0.000119806494125824	0.000494559841740851
Visa_fultimo_cierre	6.59890940658879e-05	0.000183556020917612	0.000618199802176063
mv_msaldopesos_delta1	6.59648099494378e-05	0.000454530511591113	0.000469831849653808
mautoservicio_lag1	6.49776239829009e-05	0.00020838885128171	0.000568743818001978
mtarjeta_visa_consumo_lag1	6.49015661971391e-05	0.000145374168459908	0.000395647873392681
Visa_fultimo_cierre_lag1	6.45223919443651e-05	0.000184176472136345	0.000469831849653808
ctarjeta_debito_delta3	6.43265134381816e-05	0.00132412499993633	0.000321463897131553
mcomisiones_delta1	6.40640691073698e-05	0.000245952229679344	0.000618199802176063
Visa_msaldodolares_mean6	6.39790167835063e-05	0.000389759923575173	0.000667655786350148
Visa_mconsumospesos_delta1	6.36496636791e-05	0.000205236224717327	0.000642927794263106
mv_cconsumos_lag2	6.33603044708071e-05	0.000287887764935177	0.000642927794263106
Master_mlimitecompra_delta2	6.32378016664718e-05	0.000283501956267158	0.000544015825914936
mvr_mconsumospesos_lag3	6.21133728136345e-05	0.000112047182025569	0.000544015825914936
mvr_msaldototal_delta2	6.19116030041505e-05	0.000329065201069123	0.000568743818001978
mpagomiscuentas_delta3	6.16634355628427e-05	0.000395598096507255	0.000519287833827893
Master_mconsumospesos_delta2	6.15919408117115e-05	0.000298904304708162	0.000395647873392681
mvr_msaldodolares2_mean6	6.15656481801489e-05	0.000239354827820423	0.000544015825914936
ctarjeta_visa_debitos_automaticos_lag3	6.15632367551374e-05	0.000242960223718779	0.000519287833827893
Visa_mpagospesos_delta2	6.12381486726344e-05	0.00021507174171523	0.000667655786350148
Master_delinquency_delta2	6.07424141957612e-05	0.000344809503808524	0.000173095944609298
mcuenta_debitos_automaticos_lag2	6.03681886573637e-05	0.000277487063010711	0.000544015825914936
catm_trx_mean6	6.03016097837662e-05	0.000277310342686346	0.000642927794263106
foto_mes	6.0285401784655e-05	0.00014060140159629	0.000544015825914936
cmobile_app_trx	6.02203596109745e-05	0.000135980122746473	0.000519287833827893
Master_fultimo_cierre_lag3	6.017829157201e-05	0.000174371271571285	0.000519287833827893
Master_mconsumototal_delta3	5.92157931066088e-05	0.000302086117900436	0.000445103857566766
Master_msaldopesos_delta3	5.8887498867857e-05	0.000186355489284503	0.000346191889218595
mvr_mpagospesos_lag3	5.88169136850187e-05	0.000191087489019485	0.000593471810089021
ctarjeta_visa_debitos_automaticos_lag2	5.85704827368249e-05	0.000174015477162242	0.000568743818001978
mtarjeta_visa_consumo_lag2	5.83503454616608e-05	0.000227702113709809	0.000469831849653808
Visa_fultimo_cierre_lag2	5.8280249676432e-05	0.000179681825591413	0.000544015825914936
mttarjeta_master_debitos_automaticos_delta3	5.80136389874021e-05	0.00126001836062972	0.000346191889218595
mvr_mconsumospesos_delta3	5.79051792632229e-05	0.00024188399035287	0.000618199802176063
Master_fultimo_cierre_lag1	5.78920327023905e-05	0.000169776072385745	0.000494559841740851
cprestamos_hipotecarios_lag1	5.78853545094868e-05	0.00183863478504849	0.000346191889218595
mvr_mconsumototal_lag1	5.78198072089816e-05	0.000148784202252214	0.000642927794263106
mv_cconsumos_lag3	5.75526956815206e-05	0.000208033810075967	0.000544015825914936
minversion2_lag3	5.74742467946701e-05	0.00182015616602769	0.000321463897131553
Master_mconsumosdolares_mean6	5.68231223279872e-05	0.000227323064148865	0.000494559841740851
Visa_mconsumototal_delta2	5.61231561514146e-05	0.000131060010487207	0.000445103857566766
Master_mconsumospesos_lag1	5.58680635669917e-05	0.000275223216340841	0.000568743818001978
mplazo_fijo_dolares_delta2	5.50639156911655e-05	0.000764012238548106	0.000222551928783383
Master_cconsumos_delta2	5.4716780639969e-05	0.000508258668470616	0.000370919881305638
mtarjeta_visa_descuentos_delta3	5.35746068124211e-05	0.00158402165891827	0.00029673590504451
thomebanking_lag1	5.35614283336874e-05	8.89335381947139e-05	0.000346191889218595
mextraccion_autoservicio_lag3	5.32870122474833e-05	0.000308859581030834	0.000395647873392681
Master_mpagado_mean6	5.31002576663641e-05	0.000466090299244536	0.000395647873392681
mv_mlimitecompra_delta2	5.285833725061e-05	0.000314709993516548	0.000420375865479723
Master_mconsumospesos_delta3	5.28450901422623e-05	0.000320310342506519	0.000544015825914936
mprestamos_prendarios_lag2	5.24424449137367e-05	0.000470110804311844	0.000148367952522255
mvr_mconsumosdolares_lag2	5.22070650947129e-05	0.00028836482507559	0.000420375865479723
ctarjeta_master_trx_lag3	5.14953997361114e-05	0.000159184339274205	0.000222551928783383
Visa_mpagado_mean6	5.12939276943035e-05	0.000232956836535292	0.000346191889218595
cinversion1_mean6	5.11594337449104e-05	0.00180301118760072	0.000321463897131553
ccomisiones_otras_delta3	5.10562263227466e-05	0.000110185640068545	0.000346191889218595
Visa_mconsumosdolares_lag3	5.09637931220488e-05	0.00017455797183938	0.000445103857566766
cpayroll_trx_delta2	5.08606378344993e-05	6.113666454258e-05	0.000148367952522255
mvr_mpagospesos_delta1	5.04888482568512e-05	0.000236460738288915	0.000445103857566766
Master_msaldototal_delta3	4.99446727898434e-05	0.000117666643549288	0.000272007912957468
tcallcenter	4.98822910896355e-05	0.000258942067949055	0.000272007912957468
Master_mpagominimo_lag2	4.9575164760142e-05	0.00022314862315703	0.000420375865479723
ccheques_emitidos_rechazados_lag1	4.95633933646273e-05	0.000542667443145204	9.89119683481701e-05
mtarjeta_visa_consumo_lag3	4.95102666611724e-05	0.000209481090217753	0.000395647873392681
Visa_mconsumototal_lag2	4.93871171058122e-05	0.000178256482495753	0.000370919881305638
Visa_madelantodolares_lag3	4.93386678145728e-05	4.1865863950543e-06	2.47279920870425e-05
mv_status07_delta1	4.92648422602307e-05	9.76567622186995e-05	9.89119683481701e-05
mv_mconsumospesos_delta3	4.91388598992359e-05	0.000311298076715991	0.000395647873392681
ctarjeta_visa_delta3	4.90355153863167e-05	0.000454768617984463	0.00019782393669634
mv_mconsumototal_delta2	4.89151803649709e-05	9.77657883964375e-05	0.000321463897131553
Master_mpagospesos_lag2	4.86961330156839e-05	0.000167619933787837	0.000395647873392681
ctarjeta_visa_debitos_automaticos_lag1	4.85949567911719e-05	0.000117672386724454	0.000445103857566766
ccajas_otras	4.83670609235871e-05	0.000626043188336423	0.000272007912957468
cmobile_app_trx_mean6	4.82532492841342e-05	0.000185119953420552	0.000395647873392681
chomebanking_trx_lag2	4.81913347431516e-05	0.000159992808866809	0.000469831849653808
mcomisiones_mantenimiento_delta1	4.81885488188491e-05	0.000367132754925986	0.000272007912957468
mvr_msaldopesos2_delta2	4.812897577143e-05	0.000286360645243546	0.000593471810089021
Master_mpagospesos_delta3	4.8089457121227e-05	0.000201101985951653	0.000370919881305638
tmobile_app_mean6	4.80227324422454e-05	0.000416269196185213	0.000420375865479723
mvr_msaldopesos2_lag3	4.78865042664607e-05	0.000123941391944385	0.000420375865479723
Visa_fultimo_cierre_lag3	4.78773242859651e-05	0.000178315326503599	0.000395647873392681
ctarjeta_debito_trx_lag1	4.76411991441252e-05	0.000233872920049446	0.000494559841740851
Master_msaldototal_delta2	4.74420923658343e-05	0.000141950200406544	0.000321463897131553
cmobile_app_trx_lag1	4.73690815143914e-05	0.00023100067341365	0.000395647873392681
ctarjeta_debito_trx_lag3	4.68916710678968e-05	0.000124056161297289	0.000395647873392681
mvr_mpagospesos_delta2	4.66999376004886e-05	0.0001488253459825	0.000445103857566766
mv_mpagado	4.64899898549477e-05	0.00021220005998191	0.000272007912957468
Master_msaldopesos_lag1	4.62824096702776e-05	0.000219650652879398	0.000346191889218595
mvr_mconsumosdolares_lag3	4.60122194897005e-05	8.73783616801411e-05	0.000370919881305638
ccaja_ahorro_lag1	4.5825790703973e-05	0.000176039051979273	0.00019782393669634
cpayroll_trx_lag2	4.50005726483166e-05	0.000276158694839981	0.00019782393669634
mv_mconsumosdolares_lag3	4.49525814340974e-05	0.000179068812255271	0.000370919881305638
ccaja_ahorro_lag2	4.48644151850801e-05	0.000208376988329728	0.000173095944609298
mvr_mconsumototal_lag2	4.42969766068871e-05	7.83145014635338e-05	0.000321463897131553
cextraccion_autoservicio_delta2	4.40227417206304e-05	0.000268609808911786	0.000272007912957468
mv_status05	4.37526324681677e-05	0.000101705229958537	0.000148367952522255
Master_msaldopesos_lag3	4.37480546692104e-05	0.000120271973765492	0.00029673590504451
Master_mlimitecompra_delta1	4.36362339471404e-05	0.00105620465449568	0.000272007912957468
Master_mfinanciacion_limite_delta2	4.35120176844914e-05	0.000128661528727385	0.000370919881305638
mvr_msaldopesos_delta2	4.3476160097209e-05	0.000104880264321107	0.000370919881305638
mv_mconsumototal_delta3	4.3435154109563e-05	0.00018075024447308	0.000370919881305638
mv_mpagospesos_delta2	4.25162773987766e-05	0.000295107124419432	0.000519287833827893
Master_msaldototal_lag2	4.22825292829048e-05	0.000182580434342724	0.000346191889218595
mvr_mpagospesos_lag2	4.17459390653202e-05	0.000150441343663583	0.000420375865479723
Visa_mconsumototal_delta1	4.1518215192952e-05	9.93088195077907e-05	0.000445103857566766
mv_msaldototal_delta1	4.13932904876723e-05	0.000171791079515233	0.000346191889218595
cforex_mean6	4.13099162888221e-05	0.000233922160715212	0.000519287833827893
mtarjeta_visa_consumo_delta1	4.13040020579312e-05	0.000113257485578955	0.000321463897131553
ccajas_otras_mean6	4.08526984023974e-05	0.000199897990475908	0.000370919881305638
mv_mconsumospesos_lag3	4.08503410724087e-05	8.31468655382984e-05	0.000321463897131553
mpagomiscuentas_lag1	4.07246700641085e-05	0.000268503607246425	0.000370919881305638
Master_cconsumos_lag2	4.04162924732424e-05	8.13853113194065e-05	0.000321463897131553
ccajas_consultas	4.03349606371831e-05	0.000210081110796962	0.000272007912957468
ccuenta_debitos_automaticos_lag1	4.03084944788346e-05	8.14653391700777e-05	0.000272007912957468
mtarjeta_master_consumo_lag3	4.00513914648379e-05	9.77119343604564e-05	0.00019782393669634
cmobile_app_trx_delta1	3.99939105715232e-05	7.77515761468713e-05	0.000247279920870425
ctarjeta_master_trx_delta3	3.96944470194837e-05	0.000304533934476437	0.000272007912957468
mtransferencias_recibidas_lag2	3.95286182678013e-05	0.000353668963479476	0.000346191889218595
mv_cconsumos_lag1	3.95283241146283e-05	0.000172835395891286	0.000395647873392681
mvr_mconsumototal_delta3	3.92062911143921e-05	0.000199893565406518	0.000346191889218595
mvr_mpagosdolares_mean6	3.88557203400454e-05	0.00027615238676234	0.000469831849653808
matm_lag1	3.87714268933852e-05	0.000247769803393706	0.000272007912957468
mtarjeta_master_descuentos_mean6	3.87600262601328e-05	0.000908430874471	0.000247279920870425
cpagodeservicios_mean6	3.87189180249296e-05	0.00023320078025422	0.000346191889218595
mv_status03_delta2	3.86668938674819e-05	0.000207470602308067	9.89119683481701e-05
mv_mconsumototal_mean6	3.83682203600781e-05	9.32267970071923e-05	0.000321463897131553
mtransferencias_emitidas_lag2	3.83516402049767e-05	0.000240883359768243	0.000469831849653808
mv_mpagospesos_delta1	3.82593086392083e-05	9.02914695949853e-05	0.00029673590504451
Master_mpagospesos_lag1	3.80012910027404e-05	0.000178112244063719	0.000370919881305638
mv_mconsumospesos_lag2	3.77541433414424e-05	0.000112157620459495	0.00029673590504451
mvr_mpagosdolares	3.76574809881909e-05	0.000628735795985064	0.000247279920870425
tpaquete9	3.7554269400159e-05	0.000256233925482342	9.89119683481701e-05
ctarjeta_visa_trx_lag3	3.67862376404894e-05	0.000136999489263199	0.000370919881305638
Master_msaldototal_lag3	3.63676251755246e-05	0.000148909987203387	0.000321463897131553
mvr_Master_mlimitecompra_delta3	3.62585579697537e-05	0.000107058434115552	0.00029673590504451
mvr_msaldototal_delta1	3.55624567845355e-05	0.000128564553802454	0.000321463897131553
minversion1_pesos_lag2	3.54261094526701e-05	0.00129885757126788	0.000247279920870425
ctarjeta_visa_debitos_automaticos	3.53538732382771e-05	8.71136107200383e-05	0.00029673590504451
mtarjeta_visa_descuentos_delta2	3.51097041114191e-05	0.00113927601140311	0.000247279920870425
mcuenta_debitos_automaticos_lag3	3.50871846842711e-05	0.000127361876432485	0.000420375865479723
mv_mfinanciacion_limite_delta3	3.48564068936288e-05	0.00013126356367915	0.000346191889218595
matm_lag3	3.4596021757553e-05	0.000130584833355046	0.00029673590504451
ccajas_consultas_delta2	3.44633400833158e-05	0.000440175492339364	0.000222551928783383
catm_trx_delta2	3.44565359954271e-05	0.000266259908764842	0.000222551928783383
mpagomiscuentas_lag2	3.43987209749844e-05	0.000105495819718387	0.000346191889218595
ctarjeta_master_trx_lag1	3.412363277497e-05	0.000134792132840862	0.000222551928783383
Master_mpagospesos_delta2	3.39112603716601e-05	0.000128974767149954	0.00029673590504451
mv_mconsumototal_lag3	3.38623259558893e-05	0.000122573668901208	0.000247279920870425
cseguro_accidentes_personales_lag2	3.36119086854322e-05	0.000111288423850794	0.000222551928783383
Master_cconsumos_delta1	3.35016219830331e-05	0.000117691875859853	0.00029673590504451
ccajas_otras_delta3	3.3334058759908e-05	0.00049386542415137	0.000173095944609298
ctarjeta_visa_delta2	3.30586145006952e-05	2.1721065078764e-05	4.94559841740851e-05
cpagomiscuentas_lag2	3.30499787786164e-05	0.000230408749769921	0.000247279920870425
Master_mconsumototal_delta2	3.29624922399924e-05	0.000222348815402381	0.000222551928783383
Master_msaldopesos_delta1	3.26345779529179e-05	0.000269475239503986	0.000247279920870425
Visa_mpagosdolares_lag2	3.26050266935471e-05	0.000171425870064934	0.000222551928783383
ccajas_trx_lag2	3.25836945081808e-05	0.000111974309606252	0.00029673590504451
ctarjeta_master_trx_lag2	3.23557886853964e-05	9.2134181469499e-05	0.00019782393669634
active_quarter_lag1	3.19990911289908e-05	9.53755918729202e-05	0.00019782393669634
Visa_fechaalta_delta3	3.1995773137562e-05	3.27783719803846e-05	0.000148367952522255
ccheques_emitidos	3.19877844728221e-05	0.000842510709917771	0.000148367952522255
Master_cconsumos_lag1	3.18956275978321e-05	0.000141881376454967	0.000321463897131553
mv_status05_delta1	3.18160624880619e-05	8.23061023541881e-05	9.89119683481701e-05
internet_delta2	3.14365161252448e-05	8.67138480683325e-05	9.89119683481701e-05
Visa_delinquency_delta1	3.13315872193449e-05	0.000172354946336021	0.000148367952522255
mvr_mconsumosdolares	3.13303602180278e-05	0.000165017616384835	0.00029673590504451
mextraccion_autoservicio_lag2	3.12443239835045e-05	0.000250827808793471	0.000272007912957468
mvr_mconsumototal_lag3	3.12360888280238e-05	0.000124507047623012	0.000370919881305638
ctarjeta_debito_trx_delta3	3.0959196071962e-05	0.00012041046902236	0.000395647873392681
cextraccion_autoservicio_lag1	3.07700231737701e-05	0.000150778213839703	0.000247279920870425
ctarjeta_debito_trx_delta2	3.04098316792707e-05	0.000126941965592493	0.000272007912957468
mvr_mconsumototal	3.03915327359948e-05	9.2446007635879e-05	0.000346191889218595
catm_trx_other_lag3	3.03322350340794e-05	0.000115773467053645	0.00019782393669634
mv_mconsumosdolares_delta3	2.98396303800479e-05	0.000336379934921295	0.000247279920870425
cseguro_accidentes_personales_lag3	2.97637865238665e-05	6.81284624796912e-05	0.000173095944609298
mttarjeta_master_debitos_automaticos_delta2	2.95794275007022e-05	0.000110805620535215	0.000123639960435213
ctarjeta_visa_debitos_automaticos_delta2	2.95783660543535e-05	9.41296994635885e-05	0.000321463897131553
Master_mconsumototal	2.94561032239322e-05	9.96855153084207e-05	0.000247279920870425
Visa_status_delta2	2.94081439122985e-05	0.000118880430667939	9.89119683481701e-05
mvr_mpagado_lag1	2.92687647473863e-05	0.000310315146408924	0.000173095944609298
Master_mpagospesos_lag3	2.88670936427937e-05	0.000145726667604512	0.000321463897131553
ctransferencias_recibidas_lag2	2.88491518001832e-05	0.000173118600332249	0.00019782393669634
Master_mconsumospesos_lag3	2.88348693663988e-05	8.94273571085614e-05	0.000222551928783383
mv_mconsumospesos_lag1	2.86508646258127e-05	0.000110195525861863	0.00029673590504451
Master_cconsumos_delta3	2.85469528656235e-05	0.000134132326749681	0.000222551928783383
mv_status03	2.82839459281964e-05	1.63329311186911e-05	7.41839762611276e-05
Master_mconsumototal_lag1	2.82549084796475e-05	0.000140090070705708	0.000247279920870425
mtarjeta_master_consumo_lag1	2.82218401861198e-05	9.84010212299417e-05	0.000222551928783383
Master_mpagosdolares_mean6	2.80687339956634e-05	0.000118700885831198	0.000272007912957468
ctarjeta_debito_trx_lag2	2.77366054122562e-05	0.000116541640269676	0.000346191889218595
mpagomiscuentas_lag3	2.77065303868639e-05	0.000132797462200485	0.00029673590504451
mprestamos_prendarios_lag3	2.72458287472803e-05	0.000277765183329396	7.41839762611276e-05
ctransferencias_emitidas	2.70217540528561e-05	9.71343215794355e-05	0.000247279920870425
cforex_sell_mean6	2.61571529865904e-05	0.000293083737903227	0.000370919881305638
mextraccion_autoservicio_delta2	2.59459190407555e-05	0.000176821912659662	0.000247279920870425
Master_mconsumospesos_lag2	2.58115282272297e-05	9.23306733805e-05	0.000272007912957468
ccomisiones_otras_delta1	2.57582151624394e-05	6.06270283594233e-05	0.000272007912957468
ctransferencias_emitidas_lag3	2.57457075722607e-05	0.000199326497471703	0.000272007912957468
tcallcenter_delta2	2.56236843022295e-05	7.09979787535227e-05	7.41839762611276e-05
matm_delta2	2.51020980100293e-05	0.000166345419653089	0.000247279920870425
ctarjeta_debito	2.48809375241406e-05	5.52819211378877e-05	0.00019782393669634
mv_fultimo_cierre_delta1	2.48300425620033e-05	5.38058309698606e-05	0.000148367952522255
ccomisiones_mantenimiento_lag3	2.47202170457097e-05	3.75678976174369e-05	0.000148367952522255
mvr_msaldopesos_delta1	2.45779838322987e-05	5.21585753518097e-05	0.000222551928783383
tmobile_app_lag1	2.4465569780336e-05	0.000100824264548266	0.000148367952522255
mautoservicio_delta3	2.4294301951779e-05	9.16567447274359e-05	0.000247279920870425
mv_mconsumosdolares_lag1	2.42195220307461e-05	0.000110785189895691	0.000222551928783383
mv_Fvencimiento_delta3	2.40141617024168e-05	3.69937684016805e-05	0.000148367952522255
Master_delinquency_mean6	2.39789495796413e-05	0.000168527261313624	7.41839762611276e-05
ccuenta_debitos_automaticos_lag2	2.39586892476361e-05	8.89097181403376e-05	0.00019782393669634
Visa_mpagosdolares_lag1	2.3955991005668e-05	0.000131110945860399	0.000247279920870425
mplazo_fijo_dolares_delta1	2.35780808335004e-05	0.000569963436602549	0.000148367952522255
mvr_mconsumosdolares_delta2	2.32286017310198e-05	0.000298869563205929	0.000222551928783383
Master_mconsumospesos_delta1	2.32101834631907e-05	6.84665566111739e-05	0.000222551928783383
mv_mconsumototal_lag2	2.32023556744754e-05	6.68287160343784e-05	0.000148367952522255
Master_fultimo_cierre_delta2	2.30868856519358e-05	3.6094726112199e-05	0.00019782393669634
ctransferencias_emitidas_lag1	2.29706857447972e-05	4.78247377115204e-05	0.000173095944609298
mdescubierto_preacordado_lag2	2.29643504395971e-05	3.72457149056759e-05	9.89119683481701e-05
mcheques_emitidos_rechazados_lag1	2.29500517099168e-05	0.000267829490292536	4.94559841740851e-05
mvr_mconsumototal_delta1	2.27635117322683e-05	0.000105189171824698	0.00019782393669634
Visa_mpagosdolares_lag3	2.27314282989734e-05	5.29945368648798e-05	0.00019782393669634
catm_trx_lag1	2.2382008636692e-05	0.000115865075405061	0.000123639960435213
ccuenta_debitos_automaticos_lag3	2.23388745336978e-05	9.11889113274533e-05	0.000173095944609298
mtransferencias_recibidas_delta3	2.2307782301332e-05	0.000186804116000324	0.000173095944609298
mvr_mconsumospesos_delta1	2.19344640338737e-05	6.10324400358823e-05	0.000173095944609298
mvr_mconsumosdolares_lag1	2.18019447672303e-05	6.00688105633886e-05	0.000222551928783383
ccheques_depositados	2.1692300404937e-05	0.00037078306057113	0.000123639960435213
Master_mpagospesos_delta1	2.15712872047671e-05	7.56758420012856e-05	0.000222551928783383
cpagomiscuentas_lag1	2.1446973258637e-05	0.00010434370111996	0.000272007912957468
mautoservicio_delta2	2.14428526330741e-05	9.29177012027763e-05	0.00029673590504451
Master_mpagado	2.14238470237877e-05	0.000148855097512867	0.000222551928783383
mvr_mconsumototal_delta2	2.14054881731841e-05	9.07770032725281e-05	0.000222551928783383
mv_mconsumosdolares_lag2	2.13984483997753e-05	0.000125011317232653	0.000148367952522255
mcuenta_debitos_automaticos_delta2	2.1237973523775e-05	8.29293780852978e-05	0.000173095944609298
Master_mconsumototal_lag3	2.11452106987625e-05	7.11753581307751e-05	0.000222551928783383
mv_mconsumospesos_delta1	2.0824966295623e-05	8.27913535804932e-05	0.00019782393669634
cpagomiscuentas_lag3	2.07397636329307e-05	5.22831363476191e-05	0.00019782393669634
Master_mconsumosdolares	2.04258338588077e-05	4.29037780985422e-05	9.89119683481701e-05
Visa_fultimo_cierre_delta2	2.00672364827529e-05	4.05075559486214e-05	0.000222551928783383
Master_mpagosdolares	2.00389592438724e-05	5.09212506300204e-05	0.000123639960435213
mvr_mconsumospesos_delta2	2.00280933120452e-05	7.39240794252993e-05	0.000222551928783383
mvr_Visa_mlimitecompra_delta3	1.99871139124398e-05	0.000102786829897961	0.000148367952522255
cinversion2_lag3	1.9826986151274e-05	0.000697255170977681	0.000123639960435213
mv_mconsumototal_lag1	1.94978114976483e-05	5.32051513377639e-05	0.000222551928783383
Master_cconsumos	1.93382769515075e-05	6.11817625901935e-05	0.000173095944609298
mvr_mconsumosdolares_delta3	1.93354431197217e-05	8.30738048181562e-05	0.000173095944609298
mplazo_fijo_dolares_mean6	1.93225780613009e-05	0.000185512654791316	0.000148367952522255
ccajas_otras_delta1	1.92066031110406e-05	0.000295548878155137	9.89119683481701e-05
mv_fultimo_cierre_delta2	1.91349728160387e-05	3.28257296378994e-05	0.00019782393669634
mtarjeta_visa_descuentos_mean6	1.89274781848219e-05	0.000120747998251367	0.000173095944609298
tmobile_app_delta2	1.85180657332773e-05	5.93924339995981e-05	0.000148367952522255
Visa_msaldodolares	1.83710100986827e-05	6.38424532489795e-05	0.000123639960435213
Visa_mpagado	1.82792238940609e-05	8.66643249513289e-05	0.000123639960435213
Master_mpagominimo_delta1	1.81979117233496e-05	8.45260749318071e-05	0.00019782393669634
mv_mconsumototal_delta1	1.8165661961644e-05	4.03362021977725e-05	0.000148367952522255
mv_status02_delta1	1.8008904632835e-05	4.71278363577931e-05	9.89119683481701e-05
tpaquete9_mean6	1.79446954949365e-05	6.8186176682587e-05	2.47279920870425e-05
tmobile_app	1.79345748859254e-05	4.53291868763548e-05	0.000148367952522255
mv_mlimitecompra_delta1	1.78544217454918e-05	4.51488888363132e-05	0.000123639960435213
catm_trx_lag3	1.73184910215876e-05	7.52970748915794e-05	0.000148367952522255
Visa_mpagosdolares	1.70966207452872e-05	0.000173662883867226	0.000173095944609298
cmobile_app_trx_delta3	1.70508200272281e-05	9.3563384732074e-05	0.000123639960435213
mv_mpagado_lag1	1.69340321506889e-05	7.56394999420396e-05	0.000148367952522255
ccajas_consultas_lag1	1.66240720506723e-05	7.54909305910288e-05	0.000148367952522255
Visa_delinquency_lag3	1.65327984928798e-05	4.37830488013872e-05	7.41839762611276e-05
cextraccion_autoservicio_lag3	1.64409340557053e-05	4.51681896708869e-05	0.000173095944609298
ctransferencias_emitidas_delta3	1.64176742373939e-05	0.000149907416673987	0.000123639960435213
ccaja_ahorro_lag3	1.61641501635795e-05	0.000153341835423145	9.89119683481701e-05
cseguro_vida_mean6	1.60740945095833e-05	0.000104483702783428	0.000123639960435213
ctarjeta_debito_lag3	1.597710060224e-05	5.67401227275295e-05	0.000123639960435213
Visa_fultimo_cierre_delta3	1.59733083144736e-05	3.6720920506098e-05	0.000173095944609298
mv_mconsumosdolares_delta1	1.54545969613755e-05	0.000168321730963018	0.000173095944609298
ccomisiones_mantenimiento_lag1	1.53400014035637e-05	3.51661205931754e-05	9.89119683481701e-05
mextraccion_autoservicio_delta3	1.53109629135477e-05	4.34477791822812e-05	0.000173095944609298
mv_fultimo_cierre_delta3	1.52766976068272e-05	3.09432862892877e-05	0.000123639960435213
mv_mconsumosdolares_delta2	1.49031284683404e-05	9.80730011926023e-05	0.000148367952522255
matm_other	1.48184083111964e-05	2.91452958607373e-05	0.000123639960435213
ctarjeta_debito_lag1	1.4774191235649e-05	5.28574538642007e-05	0.000123639960435213
Visa_fultimo_cierre_delta1	1.46017445123623e-05	3.97197052963666e-05	0.000123639960435213
ccajas_extracciones_lag2	1.45416216009833e-05	0.000131746272844316	7.41839762611276e-05
catm_trx_other_lag1	1.42881838157754e-05	4.82216758508495e-05	0.000123639960435213
mcaja_ahorro_adicional_lag1	1.42825663570407e-05	0.000183564117853091	0.000123639960435213
mvr_msaldodolares2_lag1	1.38895722043687e-05	8.05325910329018e-05	9.89119683481701e-05
ctarjeta_visa_descuentos_mean6	1.3711411992961e-05	5.24060026360025e-05	0.000123639960435213
mv_mpagosdolares	1.35548409029619e-05	0.000176281395141187	7.41839762611276e-05
matm_other_lag3	1.35076201752401e-05	5.48941155885764e-05	0.000148367952522255
cmobile_app_trx_delta2	1.32560816276851e-05	6.57701829460298e-05	0.000148367952522255
Visa_mpagosdolares_delta3	1.3190888609758e-05	3.6238587942582e-05	0.000123639960435213
Master_mconsumototal_delta1	1.3131442896999e-05	7.04717720977564e-05	9.89119683481701e-05
mvr_Visa_mlimitecompra_delta2	1.30634201518913e-05	8.48890247722041e-05	9.89119683481701e-05
Master_cconsumos_lag3	1.29380920925575e-05	6.70993043200596e-05	0.000148367952522255
cpayroll_trx_delta1	1.28936816104565e-05	1.406607163562e-05	4.94559841740851e-05
mcheques_depositados	1.26490684510677e-05	0.00019650998788014	7.41839762611276e-05
mautoservicio_lag2	1.2490103028369e-05	4.93152328926683e-05	0.000148367952522255
thomebanking_lag3	1.24759262728566e-05	1.71951605968638e-05	9.89119683481701e-05
mttarjeta_master_debitos_automaticos_lag2	1.22654234866521e-05	3.97172573856402e-05	9.89119683481701e-05
mvr_msaldodolares2	1.20755021718743e-05	6.39273769211035e-05	7.41839762611276e-05
Visa_Fvencimiento_delta3	1.2052764741172e-05	2.59024732011278e-05	0.000148367952522255
mttarjeta_master_debitos_automaticos_delta1	1.20502964643133e-05	6.56062670777727e-05	4.94559841740851e-05
mvr_mpagado_lag2	1.20000526641202e-05	0.000100323855105539	9.89119683481701e-05
mv_mfinanciacion_limite_delta1	1.19753877842611e-05	0.0001457063311154	9.89119683481701e-05
mvr_msaldodolares2_delta3	1.18819856210183e-05	4.27739446796297e-05	9.89119683481701e-05
Master_fultimo_cierre_delta3	1.18798904037757e-05	2.08577057956406e-05	9.89119683481701e-05
ccajas_consultas_lag3	1.18365852245063e-05	5.60832352991378e-05	9.89119683481701e-05
matm_other_lag1	1.18025879423888e-05	4.32064716749044e-05	9.89119683481701e-05
Master_Fvencimiento_delta3	1.17921385973731e-05	2.65064480976639e-05	0.000173095944609298
ccajas_trx	1.16974750031386e-05	3.58923027252071e-05	0.000123639960435213
matm_lag2	1.16690477470588e-05	3.29823017739773e-05	0.000148367952522255
cforex_lag2	1.15088607601136e-05	7.26126583288298e-05	0.000148367952522255
thomebanking_delta2	1.14848842593292e-05	0.000119917779913463	9.89119683481701e-05
Master_mconsumototal_lag2	1.12528549928946e-05	6.44365423521974e-05	0.00019782393669634
mv_status02	1.1193382293887e-05	2.20100126948933e-05	7.41839762611276e-05
ctransferencias_emitidas_delta1	1.11693823600945e-05	7.67133795476345e-05	0.000123639960435213
Master_msaldototal_delta1	1.11622602878168e-05	4.36694092534342e-05	0.000123639960435213
ccheques_emitidos_mean6	1.10667423230419e-05	0.000153928580794184	0.000173095944609298
mforex_buy_lag2	1.1018884431918e-05	7.9360230095775e-05	9.89119683481701e-05
Master_mpagosdolares_lag3	1.090022929689e-05	3.93388668775842e-05	0.000123639960435213
mv_status02_delta2	1.08719845885384e-05	9.36013273483335e-05	4.94559841740851e-05
mvr_msaldodolares2_lag3	1.08381251476453e-05	5.13517063162189e-05	7.41839762611276e-05
mv_msaldodolares_delta2	1.07233961595282e-05	4.62837779092433e-05	7.41839762611276e-05
ccajas_depositos_lag3	1.06690502044963e-05	0.000113307102846372	9.89119683481701e-05
internet_lag2	1.05903851366588e-05	3.28202689139712e-05	7.41839762611276e-05
tpaquete7_delta2	1.05648297412272e-05	0.000157652794513184	4.94559841740851e-05
mttarjeta_master_debitos_automaticos_lag3	1.0508411144282e-05	7.24239809020709e-05	9.89119683481701e-05
ctarjeta_visa_descuentos_delta1	1.04897514858375e-05	0.000185645783474668	4.94559841740851e-05
cpagomiscuentas_delta3	1.04076226211872e-05	4.87437398884634e-05	9.89119683481701e-05
Master_msaldodolares	1.01913655458592e-05	2.24132589118636e-05	7.41839762611276e-05
mtarjeta_visa_descuentos_delta1	1.0189710961064e-05	3.63142848742757e-05	7.41839762611276e-05
mv_mpagosdolares_lag3	1.01821844626339e-05	3.55587278135271e-05	4.94559841740851e-05
catm_trx_lag2	1.01394996301371e-05	2.82521850472467e-05	7.41839762611276e-05
mv_mpagado_delta1	1.00580425117205e-05	0.000103730781934231	9.89119683481701e-05
Master_mpagado_lag1	9.97478181746076e-06	7.40978810868747e-05	9.89119683481701e-05
ctransferencias_emitidas_lag2	9.94282816933654e-06	5.80839315659178e-05	7.41839762611276e-05
ccajas_consultas_lag2	9.8976211181153e-06	5.35737502029141e-05	9.89119683481701e-05
cmobile_app_trx_lag2	9.8447868831073e-06	6.35342047982765e-05	7.41839762611276e-05
mv_Finiciomora_lag2	9.81847084916788e-06	5.55080704288433e-05	4.94559841740851e-05
ctarjeta_visa_debitos_automaticos_delta1	9.75139338854597e-06	6.20281747990572e-05	9.89119683481701e-05
Master_msaldodolares_lag3	9.69700840913182e-06	5.45727802305284e-05	0.000123639960435213
mv_mpagosdolares_mean6	9.65919678465201e-06	5.17816912503546e-05	0.000173095944609298
ctransferencias_recibidas_lag1	9.59344805217079e-06	2.48727501390209e-05	7.41839762611276e-05
mpagodeservicios	9.48346153732709e-06	9.82302323815681e-05	4.94559841740851e-05
ccajas_depositos_delta3	9.26338460598787e-06	5.34881674779022e-05	7.41839762611276e-05
mpagodeservicios_lag2	9.21244878158541e-06	9.81826864232282e-05	7.41839762611276e-05
mvr_mpagosdolares_lag1	9.14224750187283e-06	5.70358491733627e-05	7.41839762611276e-05
internet_lag3	9.12395447045395e-06	5.46317183887874e-05	4.94559841740851e-05
ctarjeta_debito_lag2	8.67121453999301e-06	5.17557057364896e-05	7.41839762611276e-05
mttarjeta_master_debitos_automaticos_mean6	8.65343142921035e-06	2.67959606162686e-05	4.94559841740851e-05
ctransferencias_recibidas_delta3	8.57183751103634e-06	3.42826131217654e-05	7.41839762611276e-05
Master_status_delta2	8.55928035927959e-06	8.82904908769677e-06	4.94559841740851e-05
Visa_msaldodolares_lag3	8.51385499819025e-06	2.7481846371727e-05	9.89119683481701e-05
Master_mfinanciacion_limite_delta1	8.50927425862018e-06	1.31444332471254e-05	7.41839762611276e-05
mautoservicio_delta1	8.49266555506961e-06	4.2421916287089e-05	9.89119683481701e-05
mcajeros_propios_descuentos_mean6	8.46013000255864e-06	2.77475388359554e-05	7.41839762611276e-05
mttarjeta_master_debitos_automaticos	8.34261331351879e-06	5.5219970166427e-05	7.41839762611276e-05
cextraccion_autoservicio_delta3	8.33845724744549e-06	3.36889947706102e-05	7.41839762611276e-05
Master_cadelantosefectivo_delta1	8.33265468326212e-06	9.18070087858727e-06	4.94559841740851e-05
cmobile_app_trx_lag3	8.1933764793889e-06	3.70302987617516e-05	4.94559841740851e-05
ccuenta_debitos_automaticos_delta2	8.08675592472011e-06	0.000166972367250289	7.41839762611276e-05
Visa_delinquency_lag1	8.07641850677872e-06	3.56535372789693e-05	4.94559841740851e-05
mvr_mpagado_delta1	8.01560724695638e-06	4.26810182224386e-05	7.41839762611276e-05
Master_Fvencimiento_delta1	7.82357065137998e-06	6.92410379048459e-06	4.94559841740851e-05
cplazo_fijo_mean6	7.81981597895219e-06	1.40479947564095e-05	7.41839762611276e-05
mforex_buy_delta2	7.73616412192891e-06	5.98179938643438e-05	7.41839762611276e-05
Master_Fvencimiento_delta2	7.73446150712482e-06	3.41755641026911e-05	7.41839762611276e-05
mvr_msaldodolares_lag2	7.67205386213534e-06	1.37116894827654e-05	4.94559841740851e-05
mpagomiscuentas_delta1	7.57150450888063e-06	8.62450731642244e-05	7.41839762611276e-05
matm_delta1	7.53839406656965e-06	5.36225201166173e-05	7.41839762611276e-05
Master_mconsumosdolares_lag1	7.36167322385872e-06	2.48771752084109e-05	7.41839762611276e-05
cextraccion_autoservicio_lag2	6.96016281150241e-06	2.07138439652575e-05	7.41839762611276e-05
matm_other_delta2	6.94032160871356e-06	0.000107808624602785	9.89119683481701e-05
mcheques_depositados_lag3	6.7906345851447e-06	0.000147948523190382	4.94559841740851e-05
cseguro_vida	6.7439864192378e-06	2.64274559015308e-05	4.94559841740851e-05
mvr_mpagosdolares_delta3	6.70541813833005e-06	6.00906534591012e-05	7.41839762611276e-05
ccallcenter_trx_lag1	6.6664323823006e-06	0.000110566760938565	7.41839762611276e-05
Master_mpagado_lag2	6.64280605948906e-06	3.64343266502825e-05	4.94559841740851e-05
mpagodeservicios_delta3	6.50366655451899e-06	7.1533035548069e-05	4.94559841740851e-05
mv_fechaalta_delta3	6.50359450950569e-06	1.11941074510621e-05	4.94559841740851e-05
Visa_msaldodolares_delta3	6.48589493050503e-06	5.12300639831987e-05	9.89119683481701e-05
ccajas_depositos_lag2	6.43694987032848e-06	6.53978180643774e-05	9.89119683481701e-05
mv_status04_mean6	6.40920574004125e-06	1.5914432534887e-05	4.94559841740851e-05
mv_msaldodolares_delta3	6.3836089309795e-06	8.02723592926015e-05	4.94559841740851e-05
ccajas_trx_lag3	6.37882479902494e-06	2.91354100674191e-05	4.94559841740851e-05
mprestamos_hipotecarios_delta1	6.2946134904188e-06	0.000131208862289456	2.47279920870425e-05
Visa_Fvencimiento_delta1	6.27689899393452e-06	1.15670372351898e-05	4.94559841740851e-05
mvr_mconsumosdolares_delta1	6.27060372395229e-06	2.73624636486081e-05	7.41839762611276e-05
catm_trx_other	6.2619778345475e-06	3.01688991460282e-05	4.94559841740851e-05
ccajas_trx_delta3	6.22769310752996e-06	2.24518605810108e-05	4.94559841740851e-05
mforex_sell	6.20896348700626e-06	8.79529616479603e-05	4.94559841740851e-05
ctransferencias_recibidas_delta2	6.09253752025959e-06	2.08258829561972e-05	7.41839762611276e-05
Master_mconsumosdolares_lag2	6.09032936510708e-06	7.75253327055032e-06	4.94559841740851e-05
mv_mpagosdolares_lag2	6.08464638584375e-06	3.64692564533402e-05	4.94559841740851e-05
cforex_buy_delta2	6.02458044883756e-06	3.94670997394833e-05	2.47279920870425e-05
mv_mpagado_lag2	5.82184431110751e-06	2.52046303432749e-05	4.94559841740851e-05
Visa_msaldodolares_lag1	5.79566452556059e-06	1.1898258386556e-05	2.47279920870425e-05
ctarjeta_master_debitos_automaticos_lag2	5.6927163674243e-06	2.01936629358947e-05	4.94559841740851e-05
Visa_fechaalta_delta1	5.68683863382655e-06	9.45769139232216e-06	4.94559841740851e-05
mforex_sell_lag3	5.63739229106383e-06	3.56634230722875e-05	4.94559841740851e-05
thomebanking_delta1	5.6350862380106e-06	4.00552573667103e-05	4.94559841740851e-05
ctarjeta_master_debitos_automaticos_mean6	5.50015677161105e-06	3.96280027945387e-05	7.41839762611276e-05
ctarjeta_visa_descuentos_delta2	5.48874100645529e-06	0.000109023447375974	2.47279920870425e-05
ctarjeta_master_debitos_automaticos_delta2	5.47679280659666e-06	1.99778701903202e-05	2.47279920870425e-05
Master_fultimo_cierre_delta1	5.36843318577778e-06	9.75285293568005e-06	4.94559841740851e-05
mvr_msaldodolares_lag3	5.35554509255687e-06	3.20093514106406e-05	4.94559841740851e-05
thomebanking_lag2	5.30094220148259e-06	1.08401018998577e-05	4.94559841740851e-05
cforex_buy_lag3	5.23873819392866e-06	6.82166814162546e-05	4.94559841740851e-05
mtarjeta_master_consumo_lag2	5.21070900798933e-06	1.17430043562539e-05	4.94559841740851e-05
Master_status_delta3	5.16457863498413e-06	3.98162094692348e-06	2.47279920870425e-05
mprestamos_hipotecarios_lag2	5.10147553507036e-06	8.37881239982061e-05	2.47279920870425e-05
mv_msaldodolares_lag3	5.05447878402258e-06	3.09270924183284e-05	4.94559841740851e-05
cseguro_vida_lag3	5.04543039594924e-06	5.38436794357075e-06	2.47279920870425e-05
mtransferencias_recibidas_delta2	4.98510384713473e-06	3.30985775334819e-05	4.94559841740851e-05
Visa_Finiciomora_lag3	4.95947922477703e-06	1.48343390020635e-05	2.47279920870425e-05
mforex_buy_delta3	4.87257449864563e-06	6.72102135060486e-05	7.41839762611276e-05
internet_delta3	4.81693890111796e-06	1.40264343119346e-05	2.47279920870425e-05
Visa_mpagado_delta2	4.77335509878693e-06	5.42485262096912e-06	2.47279920870425e-05
Master_msaldodolares_delta1	4.7239115128487e-06	2.06719470316708e-05	4.94559841740851e-05
Visa_delinquency_delta2	4.68761540668437e-06	1.87187967232308e-05	4.94559841740851e-05
Master_madelantopesos_mean6	4.68417856548872e-06	2.0889528635084e-05	2.47279920870425e-05
cseguro_vida_lag1	4.60869597584078e-06	5.05813676406992e-06	2.47279920870425e-05
tcuentas_lag3	4.60438846820891e-06	8.34421212320688e-05	2.47279920870425e-05
mcheques_emitidos_mean6	4.57507827782392e-06	0.00010666949876129	0.00019782393669634
mv_status05_lag1	4.48559604332133e-06	1.0006588297514e-05	2.47279920870425e-05
Visa_fechaalta_delta2	4.44509216530883e-06	8.77039338067541e-06	4.94559841740851e-05
Visa_msaldodolares_delta2	4.39397439049013e-06	7.14055558894705e-06	2.47279920870425e-05
catm_trx_other_delta2	4.39122099671656e-06	3.70444213236347e-05	4.94559841740851e-05
Visa_mpagado_lag1	4.35317770708557e-06	0.000128381242949211	9.89119683481701e-05
mvr_Master_mlimitecompra_delta1	4.34388987348971e-06	7.66930430585228e-06	2.47279920870425e-05
mvr_Master_mlimitecompra_delta2	4.27803681051729e-06	6.05735509250924e-06	2.47279920870425e-05
minversion1_pesos_lag3	4.21645641197835e-06	4.06626216780984e-05	7.41839762611276e-05
mvr_msaldodolares_lag1	4.11030425710585e-06	2.30034878481668e-05	4.94559841740851e-05
Master_mconsumosdolares_delta1	4.05084224845093e-06	8.83328585626171e-06	4.94559841740851e-05
cinversion2_mean6	4.0467473226185e-06	0.000138282571085489	2.47279920870425e-05
Master_madelantopesos_lag1	4.04186149447171e-06	2.8901352141809e-06	2.47279920870425e-05
Master_msaldodolares_lag2	4.00220708597826e-06	7.55218119263467e-06	2.47279920870425e-05
Master_mpagosdolares_delta1	3.97425509112461e-06	1.92132746899663e-05	2.47279920870425e-05
mv_status02_delta3	3.93957374895733e-06	6.26278187766158e-05	2.47279920870425e-05
mplazo_fijo_dolares_lag1	3.87627215768038e-06	9.7309347196374e-05	2.47279920870425e-05
mforex_sell_delta2	3.87303834129262e-06	4.6626108809291e-05	4.94559841740851e-05
Master_mpagosdolares_lag2	3.8638111731512e-06	8.73809978916926e-06	4.94559841740851e-05
cplazo_fijo_delta2	3.85651393530864e-06	0.000120495580995309	2.47279920870425e-05
ctarjeta_master_descuentos_mean6	3.77782509751782e-06	6.16309542084903e-05	2.47279920870425e-05
tmobile_app_delta1	3.75225132325624e-06	3.72242486116135e-06	2.47279920870425e-05
Visa_mpagado_delta1	3.74896518846596e-06	1.4105991410543e-05	2.47279920870425e-05
ctarjeta_master	3.73363405864613e-06	6.61190102245437e-06	2.47279920870425e-05
mcaja_ahorro_adicional_lag2	3.6519075678456e-06	5.29443546949883e-05	2.47279920870425e-05
mvr_mpagosdolares_delta2	3.59968400009319e-06	2.8082055251761e-05	2.47279920870425e-05
cforex	3.58899744564602e-06	5.31203218160524e-05	4.94559841740851e-05
Visa_madelantopesos_lag2	3.5805423262026e-06	1.48155089195526e-05	2.47279920870425e-05
mv_status06_lag2	3.54258024036849e-06	7.82201627501543e-06	2.47279920870425e-05
Master_fechaalta_delta3	3.51820574602216e-06	9.19199892809379e-06	4.94559841740851e-05
mv_mpagosdolares_delta1	3.50602254219158e-06	5.03691526108017e-05	2.47279920870425e-05
mcheques_emitidos_lag3	3.50509134814213e-06	5.12258272146338e-05	4.94559841740851e-05
ccheques_depositados_lag1	3.49918096148988e-06	9.1635184282961e-05	2.47279920870425e-05
ccajas_extracciones_delta1	3.47788332832377e-06	1.36001212438885e-05	2.47279920870425e-05
ccomisiones_mantenimiento_lag2	3.47417815621124e-06	5.07235347636563e-06	2.47279920870425e-05
ccajas_extracciones_lag1	3.45253377578724e-06	1.54829411941504e-05	2.47279920870425e-05
mvr_msaldodolares2_delta2	3.41427493311264e-06	3.84755075944608e-06	2.47279920870425e-05
Master_cadelantosefectivo_mean6	3.40363751140413e-06	4.54520531647382e-06	2.47279920870425e-05
Visa_mpagosdolares_delta2	3.37089354296183e-06	7.81770418612045e-05	2.47279920870425e-05
mv_status03_delta3	3.36492924507514e-06	3.22537658816317e-05	2.47279920870425e-05
mextraccion_autoservicio_delta1	3.34258187440657e-06	1.93658925087169e-05	7.41839762611276e-05
mv_msaldodolares_lag1	3.31353137688841e-06	1.73354447115698e-05	4.94559841740851e-05
Master_delinquency_lag2	3.23381197684103e-06	1.13948361306279e-05	2.47279920870425e-05
mv_status06_lag1	3.22873500886304e-06	9.91874596260082e-06	2.47279920870425e-05
Master_mpagado_delta3	3.18862186477471e-06	1.38966008930221e-05	2.47279920870425e-05
mcaja_ahorro_adicional	3.15859355224186e-06	5.4771437601018e-05	2.47279920870425e-05
Master_delinquency_delta3	3.13170385375777e-06	9.48367690618717e-06	2.47279920870425e-05
mtransferencias_recibidas_delta1	3.05347889763422e-06	4.9743334818553e-05	2.47279920870425e-05
cforex_sell	3.04478546602946e-06	1.5687530040631e-05	2.47279920870425e-05
mvr_msaldodolares_delta3	3.02644755963418e-06	3.21382433254275e-06	2.47279920870425e-05
mcheques_depositados_rechazados_mean6	3.00513105753601e-06	1.79619215567064e-05	2.47279920870425e-05
Master_mpagosdolares_delta3	2.98160272451935e-06	4.86136240183133e-06	2.47279920870425e-05
ccajas_extracciones_lag3	2.97230401678245e-06	1.29954872944644e-05	2.47279920870425e-05
matm_other_lag2	2.92526989544716e-06	8.39746359654762e-06	2.47279920870425e-05
tcallcenter_lag2	2.81332640279324e-06	2.80926000979671e-05	2.47279920870425e-05
mvr_msaldodolares_delta2	2.76103544599778e-06	1.12705575860562e-05	2.47279920870425e-05
ctarjeta_visa_mean6	2.74275365629653e-06	3.73212235365445e-06	2.47279920870425e-05
ccajas_otras_lag2	2.70217589538775e-06	1.42455223219485e-05	2.47279920870425e-05
mcheques_emitidos_lag2	2.66988386237325e-06	5.79287716860282e-05	7.41839762611276e-05
mforex_sell_delta3	2.61446041780567e-06	2.3483654952194e-05	4.94559841740851e-05
mpagodeservicios_delta2	2.59059605851524e-06	2.24342544538632e-05	2.47279920870425e-05
cpagodeservicios_lag2	2.57868265590793e-06	1.72444954130423e-05	2.47279920870425e-05
cforex_buy_lag1	2.5653214916048e-06	7.68088480659646e-06	2.47279920870425e-05
mcuenta_debitos_automaticos_delta1	2.48454310337725e-06	1.59681924204555e-05	2.47279920870425e-05
ccajas_otras_lag3	2.4567744067207e-06	1.04914629221689e-05	2.47279920870425e-05
cliente_edad_delta2	2.45376223902181e-06	9.95292256235805e-06	2.47279920870425e-05
mvr_mpagado_delta2	2.43795178931758e-06	1.38171379448263e-05	2.47279920870425e-05
mv_msaldodolares_lag2	2.4306115296973e-06	7.60302241541401e-06	2.47279920870425e-05
Master_fechaalta_delta2	2.40007375599898e-06	6.09501525753098e-06	2.47279920870425e-05
ccajas_depositos_delta2	2.37404427864945e-06	5.07651492460053e-05	7.41839762611276e-05
Master_mconsumosdolares_delta2	2.3531329991197e-06	3.86289727669244e-06	2.47279920870425e-05
ccajas_extracciones_delta3	2.34797933015816e-06	1.71844274498326e-05	2.47279920870425e-05
mttarjeta_master_debitos_automaticos_lag1	2.33935524800498e-06	3.74255421936547e-05	4.94559841740851e-05
mv_fechaalta_delta2	2.30335308059388e-06	1.08285213991135e-05	2.47279920870425e-05
matm_delta3	2.27368670848499e-06	1.09030885258566e-05	2.47279920870425e-05
cseguro_vivienda_mean6	2.2529965569106e-06	1.81019232201747e-05	2.47279920870425e-05
Master_mconsumosdolares_lag3	2.2451440180376e-06	1.02125894001829e-05	4.94559841740851e-05
Visa_mpagado_lag2	2.20011429189374e-06	1.6383866491883e-05	2.47279920870425e-05
cliente_edad_delta3	2.123482657799e-06	6.61858570174573e-06	2.47279920870425e-05
mcajeros_propios_descuentos	2.11941897597744e-06	1.0955812756887e-05	2.47279920870425e-05
cforex_delta1	2.10493890850858e-06	3.50628375906033e-05	2.47279920870425e-05
matm_other_delta3	2.09368665367638e-06	3.8337106488006e-06	2.47279920870425e-05
ctransferencias_recibidas_lag3	1.99889955370474e-06	1.42832766373828e-05	2.47279920870425e-05
minversion1_pesos_mean6	1.97353738103833e-06	1.5618235336991e-05	2.47279920870425e-05
catm_trx_other_delta1	1.97293951770093e-06	7.28348533024581e-05	4.94559841740851e-05
cforex_buy_lag2	1.96914839392713e-06	1.85693800185071e-05	2.47279920870425e-05
mv_Fvencimiento_delta1	1.90683827926178e-06	3.16853798410411e-06	2.47279920870425e-05
Visa_msaldodolares_delta1	1.86223432934447e-06	1.02121186481202e-05	2.47279920870425e-05
cforex_sell_lag2	1.85585172928873e-06	3.21698778640458e-05	2.47279920870425e-05
mforex_buy_lag1	1.85056021910276e-06	1.45341874868402e-05	2.47279920870425e-05
Master_cadelantosefectivo_lag1	1.83690376826553e-06	1.20260204963923e-05	2.47279920870425e-05
matm_other_delta1	1.79230753745679e-06	6.34771496482686e-06	2.47279920870425e-05
cforex_buy_delta1	1.78990726226882e-06	4.11196277806372e-05	4.94559841740851e-05
Visa_Fvencimiento_delta2	1.725010266029e-06	1.8298980033651e-05	2.47279920870425e-05
Master_cadelantosefectivo_lag3	1.63901216757772e-06	4.92030056009035e-06	2.47279920870425e-05
mforex_buy	1.62594653485976e-06	1.88154891969242e-05	2.47279920870425e-05
mcajeros_propios_descuentos_delta1	1.62198675469003e-06	2.15631748369103e-05	2.47279920870425e-05
mplazo_fijo_dolares_lag2	1.33170979952494e-06	3.52517974685999e-06	2.47279920870425e-05
ccheques_emitidos_lag3	1.30880328358735e-06	2.23676901121872e-05	2.47279920870425e-05
mforex_buy_delta1	1.16011021777212e-06	3.5536131714514e-05	4.94559841740851e-05
mvr_mpagado_delta3	1.11899726533596e-06	1.3960434872734e-05	2.47279920870425e-05
mvr_msaldodolares2_lag2	1.08422991024464e-06	4.82765655413687e-06	2.47279920870425e-05
ctransferencias_recibidas	9.97022607309939e-07	5.43662142253841e-06	2.47279920870425e-05
cforex_delta2	9.81796053032368e-07	3.66595344371125e-05	2.47279920870425e-05
ccallcenter_trx_lag2	8.66005442436149e-07	6.28124477356349e-06	2.47279920870425e-05
mpagodeservicios_lag3	8.22413185843351e-07	6.93107092101362e-06	2.47279920870425e-05
Master_mconsumosdolares_delta3	7.49501917027208e-07	2.8577474722622e-06	2.47279920870425e-05
cextraccion_autoservicio_delta1	6.19694814315564e-07	4.46706047405371e-06	2.47279920870425e-05
mvr_mpagado_lag3	5.95119255569874e-07	1.11003336401579e-05	2.47279920870425e-05
Visa_madelantopesos_lag3	5.4411726737969e-07	3.63222876593429e-06	2.47279920870425e-05
ccajas_depositos_delta1	5.02191480558799e-07	1.13904110612379e-05	2.47279920870425e-05
mpagodeservicios_lag1	4.94635576000757e-07	2.36527490931416e-05	2.47279920870425e-05
mforex_sell_lag2	4.24730256712709e-07	8.02368645870685e-06	2.47279920870425e-05
mcheques_emitidos_lag1	3.28123376896217e-07	1.50740459524268e-05	2.47279920870425e-05
catm_trx_other_lag2	2.27173594884555e-07	3.61602547993368e-05	2.47279920870425e-05
Visa_mpagado_lag3	1.85493548335429e-07	1.07535776707202e-05	2.47279920870425e-05
