Feature	Gain	Cover	Frequency
ctrx_quarter_normalizado	0.11025230488686	0.0207166159146489	0.0151845130066546
mtarjeta_visa_consumo	0.0570004252573622	0.0170624149335775	0.0117765678564227
ctrx_quarter	0.0470983529229871	0.00626903374209525	0.00516233111514418
mdescubierto_preacordado_tend6	0.0437645716904552	0.0064740851228826	0.00338777979431337
mpasivos_margen_sobre_edad	0.0372979803801835	0.0116455348892999	0.0107481347045775
mcuentas_saldo	0.0360855512332819	0.0230469916557667	0.0190562613430127
mcaja_ahorro_avg3	0.0292575095292106	0.00736488689322731	0.0105868118572293
mcaja_ahorro	0.0284231851566938	0.0105001530689809	0.0124823553135713
cpayroll_trx	0.028139937599393	0.0151727720392408	0.00367009477717282
mv_status01_tend6	0.0195750648857793	0.00697181085413761	0.0039120790481952
mv_status07_delta2	0.0182589263384953	0.0070401201174091	0.00211736237144586
mpasivos_margen	0.0170442968579689	0.0081380635720312	0.0111917725347852
cpayroll_trx_avg3	0.0164206553923591	0.0145476331970408	0.00721919741883444
mv_status07	0.0133892446398723	0.00208605089544358	0.00193587416817907
mv_mpagominimo	0.01302962183522	0.00665831335297942	0.00641258318209316
mprestamos_personales_tend6	0.0118727347807154	0.0156279947798302	0.010123008671103
mv_Finiciomora	0.0114777004272745	0.0191319032613414	0.00691671708005646
ctarjeta_visa_trx	0.0111962062284069	0.0055820167746182	0.00417422867513612
mdescubierto_preacordado_delta1	0.0108317759951562	0.00867370115559003	0.00288364589635007
cproductos_sobre_edad_delta2	0.0107356754303936	0.0081336129196936	0.007884654164146
mactivos_margen_sobre_edad_avg6	0.00980565318157875	0.00864459024768403	0.0130873159911272
mcaja_ahorro_delta2	0.00962995902903935	0.00731585892357608	0.0116959064327485
mprestamos_personales	0.00942576399586105	0.0183856060581828	0.0063117564025005
mcuenta_corriente	0.00931286892405629	0.00812583100398599	0.0131276467029643
mes_avg3	0.00905713887270396	0.0117480595696633	0.0124420246017342
mcomisiones_mantenimiento_tend6	0.00885561637241831	0.0118994129682581	0.0133494656180682
mcuenta_corriente_avg3	0.00809391187096609	0.00744271853795004	0.017322040734019
cprestamos_personales_delta2	0.00800163473684965	0.00430599966325004	0.00278281911675741
mpayroll_sobre_edad	0.0078787605372735	0.0107869266391506	0.00312563016737245
ctarjeta_visa_trx_tend6	0.00774315727374706	0.00765578340683252	0.0117967332123412
mactivos_margen_avg3	0.0073606374504761	0.00813258783082197	0.0127243395845937
mvr_mpagominimo	0.00718367672149292	0.0141959358013189	0.0130671506352087
mv_status07_tend6	0.00716591405681357	0.010127594508703	0.00356926799758016
cpayroll_trx_lag1	0.00704762707831141	0.00478167349611835	0.00286348054043154
mprestamos_personales_delta2	0.00692625206334852	0.012059033464359	0.00621092962290785
mes_lag1	0.00687953090879608	0.0104002442751155	0.0068158903004638
Visa_status	0.00675575172282741	0.00438826120878	0.00326678765880218
cproductos_tend6	0.00667346510185156	0.00804040521735917	0.00727969348659004
mes_lag2	0.00643642990775609	0.00733057010582775	0.00800564629965719
Visa_cconsumos_tend6	0.00641253707988157	0.00785099277750846	0.0145795523290986
mpayroll	0.00635676347390779	0.00956770830280861	0.0029038112522686
mes_avg6	0.0062672955966412	0.0081486307838542	0.0118975599919339
Master_fechaalta_lag2	0.00612995067406826	0.0135259415162059	0.020165355918532
internet_avg6	0.00573288076352969	0.00731640103435162	0.00796531558782012
ccomisiones_mantenimiento_tend6	0.00546143257135973	0.0159845804464461	0.00506150433555152
mactivos_margen	0.00544374525514246	0.00446404956232927	0.0063722524702561
cproductos_tend3	0.00539182183609768	0.00462966146598681	0.00308529945553539
cliente_edad_lag2	0.00500907812422896	0.0113662530806964	0.0176245210727969
mcuenta_corriente_avg6	0.00500421490460995	0.00807976453481637	0.0156079854809437
mtransferencias_recibidas	0.00493005484192113	0.00899258579075922	0.00528332325065537
mcuenta_corriente_tend3	0.00484802863205491	0.00708522393594004	0.00865093768905021
mtransferencias_emitidas_avg6	0.00483705574142252	0.0121852179194286	0.0149021980237951
mes	0.00481885503541088	0.00751667221748067	0.00606977213147812
mpasivos_margen_avg3	0.00474109614097068	0.00537746976620383	0.0093365597902803
mv_Fvencimiento_tend6	0.00452215968920611	0.00747330969108173	0.00945755192579149
tmobile_app	0.00451798394604035	0.0157747779752355	0.0082677959265981
mcaja_ahorro_dolares_delta1	0.00451447175113229	0.0139605151985896	0.0068763863682194
ccaja_ahorro_avg3	0.00450398525220172	0.0106679761124734	0.00560596894535189
internet	0.00442313069246259	0.0188498758232647	0.00865093768905021
foto_mes	0.00438730542823866	0.00548604783325226	0.00590844928412987
mrentabilidad_tend6	0.00435874930042252	0.00832908278635027	0.0160919540229885
mcomisiones_mantenimiento	0.00426097325021895	0.0168587292054942	0.0109296229078443
Visa_fultimo_cierre	0.00418323091035153	0.00388973048342452	0.0087719298245614
mcomisiones_sobre_edad	0.00414659034738246	0.00664219262761879	0.0132486388384755
mv_fultimo_cierre	0.00410366967694083	0.00674812790463647	0.00947771728171002
mdescubierto_preacordado	0.00408114899917355	0.00508896830975804	0.00225851986287558
cliente_edad_avg3	0.00406237066413831	0.00982337707355962	0.0152248437184916
cproductos	0.00404948661741227	0.00678157505600027	0.00528332325065537
Master_Fvencimiento_avg6	0.00397899818552499	0.00569609041619692	0.0149828594474692
Visa_mpagospesos_tend6	0.00383131041362887	0.00472864011382305	0.0124420246017342
Visa_fechaalta_tend6	0.00377204078972695	0.00919414944531044	0.0068763863682194
cproductos_sobre_edad_lag2	0.00376422199084572	0.00861541717700786	0.0156886469046179
mcuenta_debitos_automaticos	0.00376137992952449	0.0118807980191328	0.00965920548497681
mcomisiones_sobre_edad_avg6	0.0037230801941822	0.00832692508629701	0.0127848356523493
mactivos_margen_sobre_edad	0.00354876479271912	0.00444090224023793	0.00546481145392216
Visa_Fvencimiento_lag2	0.00351455406884404	0.00723837427015091	0.015769308328292
mv_mpagospesos_tend6	0.00350351435493919	0.00452474099389652	0.00852994555353902
numero_de_cliente	0.00340520653496395	0.00677356569984703	0.0144182294817504
mrentabilidad_exp_lag1	0.00339798481845075	0.00452004573059922	0.0114337568058076
tcallcenter_tend6	0.00329113616811339	0.0125913059944453	0.00364992942125429
chomebanking_trx_avg6	0.00322100027552481	0.00669474073629473	0.012321032466223
ctrx_quarter_tend6	0.00311898145444666	0.00317587719613965	0.00522282718289978
cprestamos_personales_tend6	0.002944027866515	0.00595517354826033	0.00254083484573503
mtarjeta_visa_consumo_avg3	0.00292795119904337	0.00503664451961609	0.00861060697721315
thomebanking_avg6	0.00290651371128805	0.00593672231585466	0.00758217382536802
mv_msaldototal	0.00282853296712966	0.00574957867938349	0.0053639846743295
chomebanking_trx	0.00282529046919069	0.00551107041421367	0.00949788263762855
chomebanking_trx_delta2	0.00281753976701842	0.00709111553414494	0.00953821334946562
mrentabilidad_annual_tend6	0.00280061805546209	0.00516327090882577	0.0104658197217181
cproductos_sobre_edad_tend6	0.00271897547130829	0.00449840372084768	0.00820729985884251
Visa_status_avg6	0.00256235333990363	0.00177403868966227	0.00153256704980843
mcuentas_saldo_tend6	0.00255990219981946	0.00320924694245877	0.00550514216575923
ctrx_quarter_delta1	0.00255587813564428	0.00961789055338114	0.0053639846743295
chomebanking_trx_delta1	0.00252320525994131	0.00600267435219023	0.00800564629965719
ctrx_quarter_normalizado_tend6	0.00251471806056151	0.00518775110354885	0.007884654164146
mrentabilidad_annual_exp_tend6	0.00251398085925196	0.00502114156547799	0.00887275660415406
mv_status01_avg6	0.00233639174862134	0.00452378770899278	0.00302480338777979
ccaja_seguridad_lag2	0.00231457254952299	0.00784565614500941	0.00316596087920952
mcuenta_corriente_tend6	0.00228464929019261	0.00491834004500815	0.00548497680984069
mactivos_margen_tend6	0.00225794744534838	0.00388316198131764	0.00598911070780399
mcomisiones_mantenimiento_avg6	0.00224839365419935	0.00987583354494661	0.00572696108086308
Visa_cconsumos_avg6	0.00219808611271838	0.00798570133686952	0.00750151240169389
ccaja_ahorro	0.0021189398193301	0.0107694112456718	0.00231901593063118
Master_fechaalta	0.00210556160764849	0.00325509405142467	0.00683605565638234
mcuentas_saldo_lag2	0.00210465373365572	0.00715579630969336	0.00619076426698931
ctransferencias_recibidas_tend6	0.00205370055104004	0.0110880293246788	0.00980036297640653
mrentabilidad_annual_sobre_edad_tend6	0.00195667530269958	0.00546912321564234	0.00808630772333132
cmobile_app_trx_lag2	0.00194796110278001	0.00604674959265416	0.0087719298245614
Visa_mfinanciacion_limite_lag2	0.0019343467613017	0.00629228941288496	0.00784432345230893
mrentabilidad_avg6	0.00187008639427269	0.00466789358969731	0.0049203468441218
mcuentas_saldo_delta2	0.0018580307573355	0.00682666124491249	0.00572696108086308
mcaja_ahorro_avg6	0.001837422120131	0.00363143646044054	0.00550514216575923
Visa_mfinanciacion_limite	0.00179689488539908	0.00971902910497297	0.00721919741883444
mcuentas_saldo_delta1	0.00178017788330283	0.0116835404907741	0.00494051220004033
cliente_edad_avg6	0.00169137739603214	0.00343056284018441	0.00596894535188546
mpagomiscuentas	0.0013851733369488	0.00885591878276477	0.00282314982859447
Master_Fvencimiento_lag2	0.00135209988112656	0.00224417636314887	0.00590844928412987
mcuenta_corriente_delta2	0.00134312043593381	0.00327251881764475	0.00393224440411373
cproductos_sobre_edad	0.00127021730929012	0.00291013548563623	0.00459770114942529
mv_Fvencimiento	0.00120474944589724	0.00301184966264334	0.00496067755595886
ctransferencias_recibidas_avg6	0.00105519298308911	0.00347162231399661	0.00423472474289171
chomebanking_trx_tend6	0.000971440014469962	0.00247851595805962	0.00405323653962492
cpayroll_trx_lag2	0.000895131881761029	0.00216175376370626	0.00155273240572696
internet_tend6	0.000883267161684079	0.00277281673267484	0.00258116555757209
internet_lag1	0.000226538629948899	0.000520057224376059	0.000887275660415406
