Feature	Gain	Cover	Frequency
ctrx_quarter_normalizado	0.117450378198048	0.0143468533893144	0.0056379821958457
ctrx_quarter	0.0928172692268691	0.00846556765194069	0.00368447082096934
mcaja_ahorro	0.0503697310588887	0.00904238020399812	0.0054648862512364
mcuentas_saldo	0.0399396975200819	0.0160486318174855	0.0102868447082097
mtarjeta_visa_consumo	0.0378221067508115	0.0132650468957782	0.00573689416419387
mv_status07_delta3	0.0331156830860299	0.000746051367937596	0.000222551928783383
mdescubierto_preacordado_delta3	0.0285682621094388	0.00254195959371315	0.00118694362017804
mcaja_ahorro_lag1	0.0230689991727106	0.0024757137709407	0.00346191889218595
mpasivos_margen	0.0190291134640518	0.00666328038640391	0.00501978239366963
ctarjeta_visa_trx	0.0186882277957686	0.00869331913314241	0.00445103857566766
mdescubierto_preacordado	0.0184415129515282	0.00140928560489922	0.0013353115727003
mpayroll	0.0156749138125983	0.0154929381333043	0.00521760633036598
cpayroll_trx	0.0145736876285499	0.0122959647458711	0.003486646884273
mprestamos_personales	0.0145439727823009	0.013723726288636	0.00773986152324431
cproductos_delta3	0.0120452064535493	0.00726706358321562	0.002324431256182
mpayroll_sobre_edad	0.0119163781809614	0.0148416511875025	0.00499505440158259
mcuenta_corriente_delta3	0.0117003038447452	0.00419156309611247	0.00338773491592483
mdescubierto_preacordado_delta2	0.0116123284389195	0.00206036245832077	0.00106330365974283
mprestamos_personales_delta3	0.00870221904061115	0.0114569903592779	0.00521760633036598
ctrx_quarter_normalizado_lag1	0.00816766515665963	0.00134032653779732	0.0013353115727003
mv_msaldopesos	0.00706149193548792	0.00307977510624771	0.00276953511374876
foto_mes	0.00602736182990859	0.0100662373028318	0.0129080118694362
ctrx_quarter_normalizado_lag2	0.00581653838501215	0.000548024036437678	0.000890207715133531
mv_status06_mean6	0.00559764972569612	0.000131853146165267	0.000173095944609298
mv_msaldototal	0.00503764890890014	0.00197463701748551	0.00168150346191889
mdescubierto_preacordado_mean6	0.00494565863490541	0.00109494714343881	0.00111275964391691
mv_Finiciomora	0.00469650040610599	0.00579111140373251	0.00185459940652819
mcuentas_saldo_delta3	0.00456529129930962	0.00486605367264061	0.00655291790306627
Visa_Finiciomora	0.00447428770853587	0.0104556378118469	0.00267062314540059
mv_status07_delta2	0.00440054144556362	0.000729127165020703	0.000222551928783383
mprestamos_personales_mean6	0.00420356553291451	0.00269243828468875	0.00259643916913947
cprestamos_personales_mean6	0.00417711825506976	0.00220974957620064	0.00227497527200791
mactivos_margen	0.00406369163397369	0.00801368011194217	0.00885262116716123
mdescubierto_preacordado_delta1	0.00401017386516484	0.00499092292468858	0.00202769535113749
cproductos_delta2	0.00397089688956944	0.00116941095223193	0.000692383778437191
cprestamos_personales_delta3	0.00393242322958651	0.00108174326735423	0.000964391691394659
mcaja_ahorro_mean6	0.00387634143656576	0.00229725791975892	0.00304154302670623
mprestamos_personales_lag1	0.00377422638750604	0.00144783164989285	0.00170623145400593
mv_Finiciomora_lag1	0.00375752471023701	0.00361823677334985	0.00118694362017804
mv_status01_mean6	0.00375244846943336	0.000644476852803366	0.000544015825914936
ccomisiones_mantenimiento_delta3	0.00370199869421795	0.00279063128593856	0.00289317507418398
mv_status06_delta2	0.00361163116569361	0.000790936286582863	0.000395647873392681
mv_status06_delta3	0.00357668718118172	0.000754301108811965	0.000272007912957468
mv_mpagospesos	0.00333419505972478	0.00135816019594367	0.00138476755687438
mcaja_ahorro_dolares_delta1	0.00324146295666852	0.0114556865201066	0.00506923837784372
mcuentas_saldo_mean6	0.00320227971191834	0.000939571778416825	0.00276953511374876
ccaja_ahorro	0.00312398434162472	0.0102177113572571	0.00380811078140455
ctrx_quarter_mean6	0.00307909491535079	0.000891222745464137	0.000865479723046489
Visa_Finiciomora_mean6	0.00303169677831172	0.00251783044131351	0.0013353115727003
cproductos	0.0030013923061539	0.00842326451631092	0.00714638971315529
mcuenta_corriente	0.00294645662158165	0.00248070816676899	0.0051186943620178
mactivos_margen_mean6	0.00287291052445925	0.00349614361377927	0.00489614243323442
mprestamos_personales_delta2	0.0028685351863632	0.00699967760270482	0.00281899109792285
mpasivos_margen_mean6	0.00286835458992069	0.000757115288212087	0.00210187932739862
ctrx_quarter_normalizado_mean6	0.00286618925195976	0.000903865619133458	0.000964391691394659
Visa_msaldopesos	0.0027653308878985	0.0041200479523052	0.00316518298714144
Visa_msaldototal	0.00276372038638609	0.00279359582835126	0.00254698318496538
mv_status04_delta3	0.00274873796294786	0.000777585260774471	0.000494559841740851
mv_status04	0.0027394160337862	0.000997254375643171	0.000469831849653808
mrentabilidad_mean6	0.0026923164982209	0.00132423949111263	0.00309099901088032
Visa_status_mean6	0.0026358621017348	0.000668743326043533	0.000568743818001978
mv_status07	0.00251183038229353	0.000346039445313153	0.000370919881305638
cprestamos_personales	0.00236558935501791	0.00318653095500965	0.00239861523244313
mcuentas_saldo_delta2	0.00234149896625962	0.00424165741740791	0.00682492581602374
cpayroll_trx_lag1	0.00230159664163715	0.00300250515127638	0.00123639960435213
cliente_vip_lag2	0.00224749827494929	0.0109236621099975	0.00269535113748764
mtransferencias_recibidas	0.00210812772822627	0.00791749503813754	0.00373392680514342
cproductos_delta1	0.00209337426159048	0.000776592165528594	0.000642927794263106
thomebanking_mean6	0.00189739015626378	0.00203463658492959	0.003486646884273
mcuenta_corriente_mean6	0.00184754684515644	0.00343307516654607	0.00637982195845697
mpayroll_lag1	0.00181600764714231	0.00207920215937655	0.00106330365974283
mcomisiones_mantenimiento	0.00179490714583955	0.00534533431035773	0.00442631058358061
mv_mfinanciacion_limite	0.00179178371545654	0.000337206398019146	0.000791295746785361
mv_fechaalta_delta2	0.00178898976438098	0.0023115936295573	0.00192878338278932
cpayroll_trx_mean6	0.00178750193459427	0.00163416450045207	0.00123639960435213
mv_status05_delta2	0.00173260878217726	0.000662968195553447	0.000395647873392681
mv_status05_delta3	0.00171495618666925	0.000512636276267687	0.000222551928783383
ctarjeta_debito_trx	0.00168828106746075	0.000979440847805865	0.000618199802176063
ccaja_ahorro_delta3	0.00163096336613088	0.0126060696993814	0.00227497527200791
thomebanking	0.00160587516261297	0.00279554166371645	0.00306627101879327
mv_mpagominimo	0.0015768060383468	0.00486559095905822	0.00338773491592483
ctrx_quarter_normalizado_delta2	0.00152854007962245	0.00136966565989809	0.00304154302670623
mtarjeta_visa_debitos_automaticos_delta3	0.0015179112913207	0.0054780616600845	0.0031404549950544
mpayroll_sobre_edad_lag2	0.00148355293467611	0.00107521225793604	0.000642927794263106
mcomisiones_mantenimiento_delta3	0.00145703453496931	0.00427361536985349	0.00368447082096934
ctarjeta_visa_trx_delta3	0.00145162754716823	0.00202706636012087	0.00257171117705242
mrentabilidad_annual_delta1	0.00143147476456843	0.00303337625605089	0.00566271018793274
mprestamos_personales_lag3	0.00142952674023423	0.000694897417417112	0.000890207715133531
mcuenta_debitos_automaticos	0.00140096415222909	0.00752241428515947	0.00383283877349159
mpasivos_margen_lag1	0.00139804071257485	0.000887874215043821	0.00170623145400593
ccomisiones_mantenimiento_delta1	0.00139737973130919	0.00346735282995568	0.00190405539070228
mcomisiones_mantenimiento_mean6	0.00139276198459254	0.00201377591425658	0.00358555885262117
tmobile_app_delta2	0.00139235144995852	0.00135128423052553	0.00373392680514342
mpayroll_lag3	0.00138197998546373	0.00126673447534489	0.000989119683481701
ctrx_quarter_delta2	0.00135871131733486	0.00135257805179656	0.003486646884273
cliente_edad_lag3	0.00135596595567069	0.00510343755397129	0.00692383778437191
mautoservicio	0.00135096798655412	0.00249572944117658	0.00103857566765579
ccallcenter_trx_delta3	0.00132683041921419	0.00166748233560538	0.00153313550939664
mprestamos_personales_lag2	0.00132495767759178	0.000521889130288205	0.000840751730959446
mrentabilidad_annual	0.00132304075971444	0.00118709037251748	0.00306627101879327
ccaja_ahorro_mean6	0.00131158247759524	0.00294766725969344	0.00237388724035608
Visa_fechaalta_delta2	0.0012809136227703	0.00228003223474892	0.00212660731948566
internet_delta3	0.00127674937171613	0.00206841278627462	0.00410484668644906
mpayroll_sobre_edad_lag1	0.00126128739625427	0.0014778056800505	0.00113748763600396
ccallcenter_trx	0.00126115908694848	0.00308619365055907	0.00185459940652819
ctrx_quarter_delta1	0.0012563950726413	0.00194482818817386	0.00351137487636004
mpayroll_delta3	0.00124218785796584	0.00486490066902435	0.00291790306627102
cliente_edad_mean6	0.00123730991559977	0.00429975263871529	0.00640454995054402
mcaja_ahorro_delta3	0.00120043196116355	0.00190744147886554	0.00222551928783383
mvr_mpagospesos	0.00119737805111331	0.000746980669950606	0.000816023738872404
mtarjeta_visa_consumo_delta3	0.00118331764596583	0.00198526213482637	0.00207715133531157
ctrx_quarter_normalizado_delta1	0.00117977241808006	0.00215567257249595	0.0033135509396637
cliente_edad	0.00114979188176273	0.00400504340226232	0.0056379821958457
cliente_edad_lag2	0.0011457681443035	0.00436565218236888	0.00635509396636993
mcaja_ahorro_dolares_delta3	0.00113986475930938	0.00235465982676065	0.00205242334322453
tcallcenter	0.00113092757084528	0.0013164642773823	0.00123639960435213
chomebanking_trx_delta1	0.00112830834329578	0.00418313350557566	0.00294263105835806
mcaja_ahorro_delta1	0.00112110435894831	0.00414017920642818	0.00309099901088032
mcuenta_corriente_lag1	0.00111740896958665	0.00124095671679098	0.00291790306627102
ctrx_quarter_normalizado_delta3	0.00110927997155974	0.00166467004637512	0.00311572700296736
mpagomiscuentas	0.00110202746338029	0.00671438160118522	0.00299208704253215
mcuenta_corriente_delta2	0.00107449900932427	0.00206775396756897	0.00316518298714144
cliente_edad_lag1	0.00106577384710616	0.00351101272951291	0.00556379821958457
mv_status07_mean6	0.00106509441332799	9.25361008846372e-06	4.94559841740851e-05
mv_msaldototal_mean6	0.00104694788794352	0.000405240226973242	0.000692383778437191
ccomisiones_mantenimiento	0.00104353597110717	0.00529805955544652	0.00202769535113749
mrentabilidad_annual_delta2	0.00103602608520111	0.00194195635859292	0.00383283877349159
mrentabilidad_annual_mean6	0.00101008771807353	0.0014085464539744	0.00390702274975272
Visa_mpagominimo	0.001009345321346	0.00237092180866614	0.00338773491592483
cplazo_fijo	0.000999773755889269	0.00641772492272269	0.00158259149357072
chomebanking_trx_delta2	0.000985096556909003	0.00282720276498508	0.0029673590504451
ccaja_seguridad	0.000976650211110814	0.0052937127318132	0.00170623145400593
mtransferencias_emitidas_mean6	0.000974165333302796	0.00281922842185971	0.0041295746785361
chomebanking_trx_delta3	0.000953840923038627	0.00286767082920362	0.00336300692383778
ccomisiones_mantenimiento_delta2	0.000953308016706012	0.00217610389108464	0.00160731948565776
mvr_msaldopesos	0.000946609493074562	0.00046328327959241	0.000741839762611276
mv_msaldototal_lag2	0.000940297109353481	0.00025072252652647	0.000321463897131553
mrentabilidad	0.000920567683193913	0.00152909818002193	0.003486646884273
ccomisiones_mantenimiento_mean6	0.000907864510775204	0.00430344810981391	0.00333827893175074
mv_msaldopesos_lag1	0.000905320574845585	0.00022525844166128	0.000420375865479723
mv_mpagospesos_delta3	0.000902907706925013	0.00147598194965845	0.00207715133531157
mcuentas_saldo_delta1	0.000897869376947036	0.00489378057435697	0.00368447082096934
mactivos_margen_lag1	0.000896137285442501	0.00203284007298356	0.00393175074183976
mcaja_ahorro_dolares_delta2	0.000892687091370972	0.00122663452170712	0.00163204747774481
mcuentas_saldo_lag2	0.000876702746735542	0.00141700524763559	0.00338773491592483
mcuenta_corriente_delta1	0.000866794110328535	0.0017346538690681	0.00225024727992087
mrentabilidad_annual_lag1	0.000823969484906395	0.000975087314069537	0.00309099901088032
ctrx_quarter_delta3	0.000810737257630647	0.00155169903557906	0.0029673590504451
ctrx_quarter_lag1	0.000804608230768431	0.000697689954372306	0.00136003956478734
mv_status01_delta1	0.000803846725905681	0.000166178914397885	0.000222551928783383
Visa_mpagospesos	0.000784895886345927	0.0012068685429101	0.00148367952522255
mcomisiones_otras	0.000784106366326876	0.00120345536868048	0.00254698318496538
mvr_msaldototal	0.000783616688179828	0.000681441865215311	0.000939663699307616
mvr_mpagominimo	0.00078254483826954	0.00582143048439861	0.00385756676557864
cprestamos_personales_delta2	0.000766859923228491	0.00168947011456754	0.000642927794263106
mcomisiones_otras_mean6	0.000761922047531519	0.000757152524558383	0.00237388724035608
mrentabilidad_annual_delta3	0.000758267137952155	0.00243385189546539	0.00309099901088032
mv_status02_mean6	0.000746572143722905	0.00090210350827893	0.000890207715133531
ctransferencias_emitidas_mean6	0.000728310967792615	0.00134639719634544	0.00254698318496538
tcallcenter_mean6	0.000727605885326987	0.00118362238336184	0.00160731948565776
mcomisiones_mean6	0.000726119416893706	0.00101563476542231	0.00257171117705242
tmobile_app_delta3	0.000724173879780096	0.000855644456171982	0.0024975272007913
tpaquete7_mean6	0.000721217184313471	0.00261968186633263	0.000692383778437191
mcuentas_saldo_lag1	0.000717821901282792	0.00200373268570796	0.0029673590504451
ccaja_ahorro_delta2	0.000714393177275619	0.00530071562213762	0.000939663699307616
ccallcenter_trx_mean6	0.000701495020175924	0.0014500863390136	0.00192878338278932
mv_cconsumos_delta3	0.000680277877165408	0.00138944600398606	0.00205242334322453
mvr_mpagominimo_delta2	0.000678309700500604	0.00189632349973297	0.00140949554896142
mv_mpagominimo_mean6	0.000675201402567175	0.00161004914629242	0.00173095944609298
mpayroll_lag2	0.000668534106915238	0.00154335941712771	0.000989119683481701
mpayroll_delta2	0.000666947463820813	0.00447917105889966	0.00182987141444115
mrentabilidad_annual_lag2	0.000665889618715604	0.00108336512760494	0.00333827893175074
mprestamos_personales_delta1	0.000660183191255712	0.00207683472162348	0.00170623145400593
mv_Fvencimiento	0.000660004513864562	0.000613736453274864	0.00168150346191889
mcuentas_saldo_lag3	0.000657734970416624	0.001129843364936	0.00276953511374876
ccallcenter_trx_delta1	0.0006560781686904	0.0011400920549487	0.000914935707220574
chomebanking_trx_mean6	0.000651826444243681	0.000574679589875839	0.002324431256182
Visa_cconsumos_delta3	0.000651238384103302	0.000833006742302529	0.00170623145400593
mvr_mpagospesos_delta3	0.000645174814349077	0.000975300903264025	0.0013353115727003
chomebanking_trx	0.000645115217716199	0.00181428171643469	0.00234915924826904
mcaja_ahorro_delta2	0.00063252231528918	0.000727160065244562	0.00158259149357072
mv_fultimo_cierre_delta2	0.000627403178040726	0.000478905628016349	0.000914935707220574
ccaja_ahorro_lag1	0.000626622239254998	0.00104741702657915	0.00138476755687438
ctarjeta_visa_trx_delta2	0.000625927877827707	0.00232553013548067	0.00187932739861523
mpayroll_sobre_edad_delta2	0.000601993245083904	0.00391896667335807	0.00190405539070228
tcallcenter_delta3	0.000591990506015217	0.00107453444302327	0.000791295746785361
Visa_fultimo_cierre_mean6	0.000588625692684153	0.000997343402643706	0.00281899109792285
Visa_delinquency	0.000585965306667112	0.00043765078059245	0.000321463897131553
mcomisiones	0.000584249580868938	0.00149535760837881	0.00225024727992087
mv_fechaalta_mean6	0.000581437627524946	0.0025190781424399	0.00286844708209693
mcomisiones_lag2	0.000580696918602426	0.00083259487428944	0.00289317507418398
Visa_fechaalta	0.000576778845854877	0.000481866106563846	0.00158259149357072
cproductos_mean6	0.000572540561127579	0.00240741635779925	0.00341246290801187
mcuenta_corriente_lag3	0.000567292942193193	0.000954704761863304	0.00239861523244313
mpayroll_sobre_edad_delta3	0.000560765624205268	0.00206133939261432	0.00192878338278932
mvr_mpagominimo_mean6	0.000557497421806127	0.0013974276242654	0.00217606330365974
mv_mconsumospesos	0.000553082667609616	0.000207947888024445	0.000321463897131553
Visa_mpagominimo_mean6	0.000552212260982396	0.000597222984269142	0.0018051434223541
mcomisiones_mantenimiento_delta2	0.000551566182847198	0.00217930290906881	0.00190405539070228
Master_Fvencimiento	0.000550322401712179	0.000344300300022457	0.00148367952522255
mv_Finiciomora_mean6	0.000546232008931673	0.00119159871116556	0.00103857566765579
mactivos_margen_delta3	0.000544526300668137	0.00141408909357137	0.00259643916913947
mcuenta_corriente_lag2	0.000543647808084648	0.000896917543735056	0.00220079129574679
mpayroll_mean6	0.000541610718893037	0.00129377826967285	0.000989119683481701
tmobile_app	0.000537572422731724	0.000828738077193037	0.00170623145400593
mactivos_margen_delta1	0.000534301098324797	0.0011215210415389	0.00239861523244313
Visa_delinquency_delta2	0.000533324486665166	0.00104551343651039	0.000469831849653808
mv_status04_delta2	0.000530643951058477	0.00137529751551258	0.000914935707220574
mactivos_margen_lag2	0.000529981330596868	0.00123319662441955	0.00301681503461919
Visa_fechaalta_mean6	0.000525406826391534	0.00248112825702098	0.00234915924826904
mtarjeta_visa_debitos_automaticos_delta2	0.000524615060109348	0.00231074352566154	0.00168150346191889
mactivos_margen_delta2	0.000518531726864871	0.00110254127889629	0.00237388724035608
Visa_delinquency_mean6	0.000510719708893497	0.000370010674020761	0.000445103857566766
Visa_mconsumospesos	0.000510518478997772	0.000462762254269749	0.001162215628091
mtarjeta_master_consumo	0.000503452478207995	0.00161240325834796	0.000890207715133531
tmobile_app_delta1	0.000502825774637049	0.000607246933085161	0.00192878338278932
Master_fultimo_cierre_mean6	0.000502397849705513	0.000991319336782699	0.00304154302670623
Master_fechaalta_mean6	0.000501863746273119	0.0017100615305436	0.00259643916913947
internet_mean6	0.000501569622646552	0.000664389981324191	0.00138476755687438
ccaja_seguridad_lag1	0.000496799201258616	0.00203447488089783	0.000840751730959446
ctransferencias_recibidas_mean6	0.000490748244912646	0.00132990262903835	0.0021513353115727
mcaja_ahorro_dolares_mean6	0.00048984750477683	0.00107579357967732	0.00178041543026706
Visa_fechaalta_lag2	0.000485531182874389	0.00116922836182319	0.00212660731948566
Visa_Fvencimiento_delta2	0.00048428461020894	0.000177163825572114	0.000420375865479723
Visa_mfinanciacion_limite	0.000479619248756762	0.00103715822415769	0.00205242334322453
internet	0.000475680671444956	0.000911974353336067	0.00187932739861523
internet_delta2	0.000470888110793683	0.000407714837357525	0.0013353115727003
mcomisiones_otras_lag2	0.000469809821832005	0.000752829044522872	0.00237388724035608
mv_fultimo_cierre_mean6	0.000468900031952914	0.00101610825297292	0.00244807121661721
mv_mpagominimo_delta2	0.00046660258968921	0.00175958388643858	0.00143422354104847
mrentabilidad_delta3	0.000466452140541912	0.000902958621124828	0.00257171117705242
cmobile_app_trx_delta2	0.000459489067313428	0.00449299821849648	0.00200296735905045
Visa_cconsumos_delta2	0.000458483308034917	0.00277049587344188	0.00143422354104847
Master_status	0.000456352367599667	8.39652201505908e-05	0.000173095944609298
ccomisiones_otras_mean6	0.000455648380850739	0.00181885110756934	0.00239861523244313
cproductos_lag1	0.000454050454587407	0.00312533075166877	0.00264589515331355
Master_status_delta1	0.000452744406790312	5.03707586378626e-05	0.000123639960435213
mrentabilidad_delta2	0.000452672881730043	0.000770836314771108	0.00173095944609298
mcaja_ahorro_lag2	0.000445442229896359	0.000828201457969009	0.00190405539070228
mplazo_fijo_dolares_delta2	0.00044415543439139	0.00523462318664954	0.00143422354104847
ccomisiones_otras	0.000441654548014401	0.00161086938550436	0.00190405539070228
mtarjeta_visa_debitos_automaticos_mean6	0.000436609924266161	0.000659018874642263	0.00178041543026706
mplazo_fijo_dolares	0.000434539351131503	0.00421771217853591	0.00108803165182987
mcaja_ahorro_dolares_lag3	0.000424576595218992	0.000906986951136273	0.00158259149357072
ctarjeta_visa_debitos_automaticos_delta3	0.000422287717700076	0.00108320219496278	0.000865479723046489
Visa_mlimitecompra	0.000414354544798352	0.000674253265701878	0.0018051434223541
Visa_mpagospesos_mean6	0.000413068133240703	0.0015515758910125	0.00187932739861523
mpayroll_sobre_edad_delta1	0.000404611923850837	0.0028695630782532	0.00200296735905045
mv_mconsumototal	0.000404352717952524	0.000286745005736365	0.000370919881305638
mpasivos_margen_delta1	0.000398665782832135	0.0005000245904011	0.00136003956478734
mvr_mpagominimo_lag2	0.00039399342137575	0.00101357948922207	0.00111275964391691
mprestamos_prendarios	0.000391368220179821	0.00752865080611305	0.00121167161226508
mcomisiones_otras_delta2	0.000390320296333335	0.000844080680477293	0.00190405539070228
ccallcenter_trx_delta2	0.000390177509965119	0.00182788054351209	0.00123639960435213
Master_mfinanciacion_limite	0.000388991218378071	0.000722999895885191	0.00225024727992087
Visa_fultimo_cierre_delta2	0.000387722137277404	0.000458391992530136	0.0013353115727003
mtransferencias_emitidas_lag2	0.000385599025298896	0.00125785946627993	0.00210187932739862
mpayroll_delta1	0.000384548308423022	0.00284295704726544	0.0021513353115727
mv_fechaalta_lag2	0.00038012694500059	0.00110594415170016	0.00170623145400593
ccajas_trx_mean6	0.000379364509392146	0.00243148370164437	0.00291790306627102
mvr_msaldopesos2	0.000373350478028752	0.000628556991643034	0.00138476755687438
mcomisiones_mantenimiento_lag1	0.000370850961163804	0.00236563358593269	0.00195351137487636
cliente_antiguedad_lag3	0.000370173270427241	0.00118092388235732	0.00229970326409496
cprestamos_personales_lag1	0.000368554938927017	0.000140086159036351	0.00029673590504451
mtransferencias_emitidas	0.000367735379623362	0.0017185959309993	0.00217606330365974
Master_status_mean6	0.000365215445561979	0.000188322821390701	0.000272007912957468
mpasivos_margen_lag2	0.000364797217612967	0.0015804767772306	0.00195351137487636
mcomisiones_delta3	0.000362588817561703	0.000656246751521587	0.0021513353115727
mtransferencias_emitidas_delta2	0.00036169273429146	0.00223117124928891	0.00170623145400593
numero_de_cliente	0.000361573045106238	0.00110696333129014	0.00239861523244313
mv_status02	0.000359643537290042	0.000408832589305849	0.000222551928783383
Visa_fechaalta_lag3	0.000357942742331631	0.000608435188369364	0.00148367952522255
Visa_fechaalta_lag1	0.000357923479621748	0.000608105353728318	0.00138476755687438
mcaja_ahorro_lag3	0.000356410305468122	0.000902172404970426	0.0018051434223541
mvr_msaldopesos_delta2	0.00035331016070851	0.00178725909200919	0.00113748763600396
mvr_mpagominimo_lag1	0.000350562503358423	0.00106103371576175	0.00121167161226508
mv_status01	0.000348947783029433	0.000481463405874592	0.000321463897131553
mvr_msaldopesos_lag2	0.000346862876357555	0.000971343360113939	0.000914935707220574
chomebanking_trx_lag3	0.000346730745865842	0.000970115600279604	0.00237388724035608
chomebanking_trx_lag2	0.000341783723807062	0.000526939002601962	0.00192878338278932
tpaquete7	0.000341420241285483	0.00137206211175855	0.000370919881305638
Visa_mlimitecompra_mean6	0.000340784856929005	0.000581406231874822	0.00168150346191889
mrentabilidad_lag2	0.000338304501412275	0.000528129998632467	0.00131058358061325
mtransferencias_recibidas_mean6	0.000336769457989723	0.000686182127705553	0.0018051434223541
mpasivos_margen_delta3	0.000335517570426955	0.000680115911056607	0.0018051434223541
mrentabilidad_lag1	0.00033496468503255	0.000492650659732627	0.00178041543026706
mvr_mpagominimo_lag3	0.000334927154867196	0.000787374545002032	0.00103857566765579
mprestamos_hipotecarios_mean6	0.000332496364379917	0.00547674657440251	0.000890207715133531
mpayroll_sobre_edad_mean6	0.000330425905348064	0.0013386607310973	0.00111275964391691
mv_fechaalta_lag3	0.000330245061063592	0.00087299186812114	0.00178041543026706
Visa_cconsumos_mean6	0.000329993520535417	0.000670670165201597	0.00163204747774481
ccajas_extracciones_mean6	0.000328823179978775	0.00144692654205408	0.00145895153313551
mcomisiones_lag1	0.000323504207593368	0.000483759962257807	0.00158259149357072
mrentabilidad_annual_lag3	0.000322314597720723	0.00057458139555147	0.00182987141444115
mv_status06	0.00032176561193985	0.000474627512057544	0.00019782393669634
ccajas_consultas_mean6	0.000320488138613726	0.00309448762140823	0.0019782393669634
Master_mpagominimo_delta3	0.000320324593918413	0.00173240154265968	0.000766567754698319
Visa_status	0.000317362153053804	0.000572352979791807	0.000420375865479723
Visa_mpagado_mean6	0.000316256066220458	0.00108878433910988	0.00128585558852621
ctarjeta_visa_debitos_automaticos_mean6	0.000313980650091609	0.000883902212094285	0.00168150346191889
mcomisiones_otras_lag1	0.000312221173421301	0.000457107622108412	0.00168150346191889
mrentabilidad_delta1	0.000311851851110227	0.000942607296707873	0.00175568743818002
cliente_antiguedad_lag2	0.000310469172460149	0.00077609032543004	0.00155786350148368
Visa_mpagominimo_delta2	0.000301539438698384	0.000605083255643296	0.00121167161226508
Master_Fvencimiento_lag2	0.000299938743731607	0.000334599381235978	0.00103857566765579
Visa_Fvencimiento	0.000298202476323506	0.000712483179785959	0.00168150346191889
minversion1_pesos	0.000297740462405335	0.00620686248727841	0.000989119683481701
cliente_antiguedad_mean6	0.000294424636962162	0.000933511326785961	0.00185459940652819
mcomisiones_otras_delta3	0.000293962919537834	0.000464913740115999	0.00158259149357072
Master_mlimitecompra	0.00029061171631486	0.000502435124027037	0.00165677546983185
mcaja_ahorro_dolares	0.000289047415078619	0.00161141394344181	0.00138476755687438
Master_fultimo_cierre_delta2	0.000288405849106038	0.000336168978289988	0.000989119683481701
ccuenta_debitos_automaticos	0.000288233495903287	0.00148507102046036	0.00118694362017804
mv_fechaalta_lag1	0.000284992431705922	0.000960049689692633	0.00131058358061325
ccaja_seguridad_lag2	0.000284695828332137	0.000393240956142179	0.00029673590504451
Visa_fechaalta_delta3	0.00028439912789013	0.000127672751988365	0.000544015825914936
ccajas_consultas_delta3	0.000283258721177122	0.002868533124695	0.000741839762611276
mcuenta_debitos_automaticos_delta3	0.000281788743805898	0.00288675530725663	0.0013353115727003
mcomisiones_lag3	0.000279943059227411	0.000483854281733957	0.00148367952522255
mpasivos_margen_delta2	0.00027823901476415	0.000630406995396179	0.00155786350148368
mrentabilidad_lag3	0.000277615878027409	0.000479605841441996	0.00170623145400593
ccaja_ahorro_lag2	0.00027256746378976	0.000554987044177995	0.000692383778437191
cliente_antiguedad	0.000272259720932875	0.0010792637425283	0.00182987141444115
mv_status02_delta3	0.000271985630062907	0.000249261425222582	7.41839762611276e-05
Visa_Fvencimiento_lag3	0.000271687553149413	0.00046061171350843	0.00155786350148368
mv_mpagominimo_delta3	0.000270901678831159	0.000642478376207504	0.000840751730959446
cliente_antiguedad_lag1	0.000270465113853623	0.000746840419346792	0.00175568743818002
ctarjeta_visa_delta3	0.000269053710162268	0.00017183439713566	4.94559841740851e-05
mcomisiones_delta2	0.000265126423449917	0.000534383531114809	0.00143422354104847
Visa_mlimitecompra_lag1	0.000264824678565397	0.000522979002231054	0.00138476755687438
ccaja_seguridad_mean6	0.000263250313476724	0.00116664563372276	0.000469831849653808
mcomisiones_mantenimiento_lag3	0.000263004942358853	0.00173648619973303	0.00143422354104847
mv_mpagominimo_lag3	0.000260872076191169	0.000676258452400752	0.000766567754698319
mtransferencias_recibidas_lag3	0.000260782782314431	0.001607149625723	0.00143422354104847
Master_msaldototal	0.00025578727471133	0.00135513365595947	0.000865479723046489
ctarjeta_visa_debitos_automaticos_delta2	0.00025490031006147	0.000888166529813092	0.000544015825914936
mv_mlimitecompra_mean6	0.000253663047893703	0.000387927027098599	0.00121167161226508
mv_fechaalta	0.000253118901390854	0.000621235513188251	0.00128585558852621
mtransferencias_emitidas_delta1	0.000252404588846628	0.00157954842030252	0.0013353115727003
mvr_mpagominimo_delta1	0.000251034200632944	0.000667748907678751	0.000593471810089021
mvr_msaldototal_lag1	0.000250038111687629	0.000622584621927773	0.000717111770524233
Master_Fvencimiento_mean6	0.000249004948463546	0.000399771493017904	0.00155786350148368
mv_Fvencimiento_delta2	0.000248577252305084	0.000212803450876314	0.000370919881305638
Master_fechaalta_lag2	0.000243243168626815	0.00078197499126367	0.00155786350148368
mforex_sell_mean6	0.000241960928700703	0.00107517577765769	0.00121167161226508
Master_Fvencimiento_lag3	0.000241107603521463	0.00051099324611451	0.00160731948565776
mtransferencias_recibidas_lag1	0.000239684193628224	0.000933347449058862	0.00121167161226508
ccajas_consultas_delta2	0.000239169059067166	0.00200919281939042	0.000544015825914936
internet_delta1	0.000238874026665343	0.000285590300967225	0.000914935707220574
Master_Fvencimiento_lag1	0.00023857950847027	0.000438726854295301	0.00160731948565776
ctarjeta_debito_mean6	0.000232228973180193	0.000729271857523695	0.00153313550939664
mv_mpagominimo_lag2	0.000231353499786696	0.000629121207347058	0.000989119683481701
mcomisiones_otras_delta1	0.000231128164551822	0.000936230997692947	0.00128585558852621
cpagomiscuentas	0.000231092577217728	0.000991662024578812	0.000939663699307616
mvr_msaldopesos_lag1	0.000230585484629236	0.000543368359048793	0.000692383778437191
mtarjeta_visa_consumo_delta2	0.000228507774432098	0.000352624797114897	0.00108803165182987
Visa_mpagominimo_delta3	0.000228079784370849	0.000280511509054568	0.000717111770524233
mv_msaldototal_delta3	0.000227540650896643	0.00119058576913613	0.000816023738872404
mtransferencias_emitidas_lag1	0.000227468638739346	0.000755372173564679	0.00150840751730959
mactivos_margen_lag3	0.000223896035966377	0.000459702352787472	0.0013353115727003
ccaja_seguridad_lag3	0.000223831042593087	0.000349636722087403	0.000321463897131553
Visa_mfinanciacion_limite_mean6	0.000222604149080103	0.000446529948031107	0.00128585558852621
ctarjeta_visa_debitos_automaticos_lag3	0.000222086415005103	0.00387527681460852	0.000964391691394659
mv_mpagospesos_delta2	0.000219832299686868	0.000434049061919022	0.000692383778437191
Visa_mlimitecompra_lag3	0.000218134382320475	0.000334964656561951	0.000840751730959446
mvr_mpagominimo_delta3	0.000217554689447907	0.00117384916557811	0.000890207715133531
tpaquete9	0.000216997721460055	0.000993254398179667	0.000395647873392681
Master_fechaalta	0.000216914984217235	0.000450266908358214	0.00113748763600396
ctarjeta_debito_delta3	0.000216488304352126	0.00257762294064913	0.000642927794263106
ccomisiones_otras_lag3	0.000216056140571506	0.00303848510166437	0.00118694362017804
mcomisiones_mantenimiento_lag2	0.000216004606532569	0.00105996652585725	0.00101384767556874
mtransferencias_recibidas_lag2	0.000211763335731539	0.000589009345639151	0.00111275964391691
mtarjeta_visa_debitos_automaticos_lag3	0.000211183877467272	0.000339957256728867	0.000939663699307616
mcomisiones_delta1	0.00020818993913196	0.00100120870550449	0.001162215628091
ctarjeta_visa_descuentos_mean6	0.000206766412662635	0.00421787804094137	0.000939663699307616
mcomisiones_otras_lag3	0.000206681792386263	0.000374401633120371	0.00121167161226508
mpagomiscuentas_mean6	0.000205180317629991	0.000448256618200709	0.00126112759643917
mvr_msaldopesos_lag3	0.000204226574862089	0.000428889370736241	0.000741839762611276
mv_cconsumos_delta2	0.000202482426019797	0.000791747169453973	0.000568743818001978
Master_mpagominimo_mean6	0.000201350074256046	0.000347829341664663	0.000890207715133531
Visa_cconsumos_lag2	0.000200188041544247	0.000474745458656978	0.00123639960435213
mvr_mpagospesos_delta2	0.000198600921481466	0.00076436172692332	0.000890207715133531
mv_Fvencimiento_lag1	0.000193546545503403	0.000383688699215405	0.00113748763600396
Visa_mpagospesos_delta3	0.000192481900055159	0.000296097755234129	0.00108803165182987
Visa_mpagominimo_lag1	0.000189782605441925	0.00041568965302536	0.00103857566765579
chomebanking_trx_lag1	0.000188813301051427	0.000315349796845465	0.00121167161226508
Visa_msaldopesos_mean6	0.000188205690304915	0.000264567737245472	0.000791295746785361
Visa_mpagominimo_lag3	0.000187496431122001	0.000267722241729379	0.000791295746785361
mcaja_ahorro_dolares_lag1	0.000184649599129724	0.00059480082609855	0.000989119683481701
mv_mpagospesos_mean6	0.000183960435359842	0.000678313350567017	0.00101384767556874
cextraccion_autoservicio_mean6	0.000183494016765032	0.000370937707829936	0.001162215628091
Master_mfinanciacion_limite_delta2	0.000182043529302858	0.00139437840224285	0.000593471810089021
Master_cconsumos_mean6	0.000179753595618312	0.000742868038363283	0.00121167161226508
mvr_msaldototal_lag2	0.000179019517549532	0.000335796047776071	0.000642927794263106
mplazo_fijo_dolares_delta3	0.000178485353591366	0.00179795603580483	0.000445103857566766
mvr_msaldopesos2_lag1	0.000178212012253807	0.000711868024004135	0.00106330365974283
mv_Fvencimiento_mean6	0.000178006281983696	0.000371721655780502	0.00111275964391691
mv_cconsumos_mean6	0.000177354331039106	0.000397579179502619	0.000914935707220574
mv_mconsumospesos_delta3	0.000176756795943966	0.000172318280620518	0.000469831849653808
ccomisiones_otras_delta2	0.000176093637613489	0.000180774333535404	0.000667655786350148
Visa_cconsumos	0.000175538974829932	0.000264543354054243	0.000840751730959446
mpayroll_sobre_edad_lag3	0.0001746187567339	0.000450312555960399	0.000395647873392681
Visa_mconsumototal	0.000173997234214052	0.000245314088989754	0.000494559841740851
mv_mfinanciacion_limite_mean6	0.000173907233921354	0.000367637565758106	0.00101384767556874
mcaja_ahorro_dolares_lag2	0.000173792882374782	0.000357328201292815	0.000914935707220574
cproductos_lag3	0.000173306480863718	0.000701317568372853	0.000989119683481701
Visa_Fvencimiento_lag1	0.000173234986660565	0.000335817501204013	0.00101384767556874
Master_mpagominimo_lag2	0.000172757921514911	0.000627981434919833	0.000890207715133531
Master_msaldototal_mean6	0.00017175197619433	0.000373702270271161	0.000840751730959446
Master_msaldopesos	0.000170799360749724	0.000950216175490284	0.000618199802176063
Visa_mfinanciacion_limite_lag2	0.000169410821667362	0.00027906127622739	0.000939663699307616
mautoservicio_delta2	0.000169282819069739	0.00117072736103283	0.000840751730959446
Master_fechaalta_delta2	0.000169168070984601	0.000492875589946291	0.000568743818001978
mpasivos_margen_lag3	0.000168737772549831	0.000309374213841437	0.000989119683481701
matm_mean6	0.000168102459201124	0.000443348792152136	0.00126112759643917
mv_Fvencimiento_lag2	0.000167626463219205	0.000350712795790254	0.000964391691394659
Master_mfinanciacion_limite_lag1	0.0001672185250798	0.000873226249184118	0.000890207715133531
Visa_mfinanciacion_limite_lag3	0.000167092171635493	0.000284340048111524	0.000741839762611276
Master_mpagominimo_lag1	0.00016646332219946	0.000710139180139191	0.000667655786350148
mv_mpagominimo_lag1	0.000165942962485826	0.000321253647903202	0.000865479723046489
mv_mlimitecompra	0.000165675503925728	0.000366153498890385	0.000840751730959446
Master_mlimitecompra_lag2	0.000165622873806058	0.000634213797499713	0.000914935707220574
Visa_mfinanciacion_limite_lag1	0.000165580148713539	0.000274550952900949	0.000791295746785361
mv_msaldopesos_mean6	0.000165541947261371	0.00032307180229416	0.000741839762611276
mtarjeta_visa_consumo_lag1	0.000165364611094788	0.000724950456675033	0.000890207715133531
Visa_fultimo_cierre_lag2	0.000164440522572072	0.000397645051922335	0.00106330365974283
Visa_mpagospesos_lag3	0.000161742197163506	0.000371369233609596	0.000939663699307616
Visa_fultimo_cierre_lag3	0.00016130063016396	0.00033245035261055	0.000914935707220574
mv_mpagominimo_delta1	0.000160325095869505	0.000466118534386502	0.000568743818001978
Master_fechaalta_lag1	0.000158336106005044	0.000540145430415856	0.00121167161226508
mvr_msaldopesos_delta3	0.000158208743548035	0.000839988462724487	0.000816023738872404
Visa_Fvencimiento_lag2	0.000157469293985575	0.000243958081130233	0.000890207715133531
Visa_cconsumos_lag3	0.000157364221651294	0.000271832510604374	0.000939663699307616
mextraccion_autoservicio_mean6	0.000155794192040946	0.000320270287032118	0.00106330365974283
mv_fultimo_cierre_lag2	0.000155416767370723	0.000419708815712971	0.00106330365974283
Visa_mpagospesos_lag2	0.000155339652161664	0.000334058320112773	0.000840751730959446
cmobile_app_trx_mean6	0.000155256557053389	0.000372978524230723	0.00111275964391691
mvr_msaldodolares2_mean6	0.000154920095686399	0.000483019771739562	0.00103857566765579
mvr_msaldototal_mean6	0.000154430213081514	0.000269698886863327	0.000791295746785361
mplazo_fijo_dolares_mean6	0.000154102489524691	0.00103365555038506	0.000642927794263106
mv_mpagospesos_lag1	0.000153386464260633	0.000230314929569556	0.000494559841740851
ctarjeta_visa_trx_lag1	0.000153018814475909	0.000340716348945738	0.00103857566765579
Visa_mconsumosdolares_mean6	0.000152937165272985	0.000217136854303604	0.000914935707220574
cmobile_app_trx_delta3	0.000151356639210998	0.000288193726427653	0.000865479723046489
mvr_msaldopesos2_mean6	0.000151094424326313	0.000373809253885392	0.00101384767556874
Visa_mconsumospesos_lag3	0.000150664118825028	0.000230999927127809	0.000816023738872404
Visa_msaldopesos_delta3	0.000150584200308014	0.000288300710041884	0.000667655786350148
mv_msaldototal_lag1	0.000150457092031412	0.000228092562353454	0.00029673590504451
Visa_mpagominimo_lag2	0.000148626710098451	0.00024863039201391	0.000791295746785361
ccomisiones_otras_lag1	0.000148126168062392	0.000712013189049592	0.000939663699307616
ccheques_depositados_mean6	0.000147850577442368	0.00178748723551162	0.000618199802176063
ctransferencias_recibidas	0.000147018891099421	0.0005837074191742	0.000667655786350148
Visa_msaldopesos_lag3	0.000146584501923299	0.000209669360226925	0.000618199802176063
mautoservicio_mean6	0.00014522159304839	0.000418531334396985	0.000964391691394659
Visa_cconsumos_lag1	0.000144864396299064	0.000445279884192392	0.000964391691394659
Master_mfinanciacion_limite_lag2	0.000144729715716186	0.000370934211015689	0.000840751730959446
Master_mfinanciacion_limite_mean6	0.000144546437980876	0.000282083752346385	0.000964391691394659
mautoservicio_delta3	0.000144424597320183	0.00118957055890286	0.000964391691394659
Master_mlimitecompra_mean6	0.000144384562278655	0.00034381584948664	0.00101384767556874
cprestamos_hipotecarios_mean6	0.000143416998242345	0.0036236130779989	0.000593471810089021
Visa_mconsumospesos_delta3	0.000142578061397936	0.000353738957740481	0.000766567754698319
cproductos_lag2	0.000142235414474727	0.0009040660716474	0.00111275964391691
mpagomiscuentas_lag1	0.000141647199513425	0.000615258418048333	0.000741839762611276
mvr_mpagado_mean6	0.000141488961567525	0.000452501278152944	0.000816023738872404
ctarjeta_master	0.000141008082687911	0.000131796724594865	0.000173095944609298
cmobile_app_trx_lag1	0.000140798914954356	0.000210900711383999	0.000791295746785361
mv_status04_delta1	0.000140637496134457	0.000204119632492969	0.000173095944609298
Master_mlimitecompra_lag1	0.000140131040624422	0.000391784013211989	0.000816023738872404
mv_fultimo_cierre_lag3	0.000140096869933883	0.000230861188659885	0.000741839762611276
mv_mpagospesos_lag3	0.000139414928292333	0.000311258240652111	0.000717111770524233
ctrx_quarter_lag2	0.000139369432526311	0.000302863618257764	0.000865479723046489
Visa_msaldopesos_lag1	0.000137426324709284	0.000222161114815721	0.000766567754698319
mv_mlimitecompra_lag2	0.000137260592895425	0.000220386623348592	0.000667655786350148
ccaja_ahorro_lag3	0.000137004694490214	0.000300352622103623	0.000346191889218595
ccomisiones_otras_lag2	0.000136658697460675	0.000733074312236544	0.000989119683481701
Master_mfinanciacion_limite_lag3	0.00013641151517357	0.000337862854012471	0.000791295746785361
Visa_mconsumospesos_lag2	0.000136086233119129	0.000235394383041665	0.000791295746785361
Master_msaldototal_lag1	0.000135268520360112	0.00047428359565102	0.000544015825914936
ctarjeta_visa_trx_mean6	0.000134812193851675	0.000533389396275507	0.000717111770524233
Master_fultimo_cierre_lag2	0.000134522840615317	0.000237261020289602	0.000816023738872404
Visa_mconsumototal_lag3	0.000133514668700068	0.000198594004424764	0.000642927794263106
Visa_fultimo_cierre	0.000133253459380482	0.000195923099900236	0.000791295746785361
mcuenta_debitos_automaticos_lag1	0.000133118789333136	0.000438298730821393	0.000717111770524233
Master_mfinanciacion_limite_delta3	0.000131618397381115	0.00163506129154344	0.000544015825914936
Master_fechaalta_lag3	0.000130868502352993	0.000942017941744675	0.00118694362017804
thomebanking_delta3	0.000128959704586748	0.000495888520707479	0.000568743818001978
Visa_msaldototal_mean6	0.000128621640641202	0.000186368763786613	0.000766567754698319
ctarjeta_debito_trx_mean6	0.000128542674197909	0.00029907430022546	0.000939663699307616
mv_Fvencimiento_lag3	0.000127863428335509	0.000276315709993285	0.000865479723046489
Master_delinquency	0.000127454192880293	0.000513147850741034	0.000247279920870425
Visa_mlimitecompra_lag2	0.000127416098453708	0.000300631611175362	0.000791295746785361
Visa_fultimo_cierre_delta3	0.000126314956425013	0.000187797070643383	0.000445103857566766
Visa_Fvencimiento_mean6	0.000126165384553444	0.000179723682617206	0.000865479723046489
mv_mpagado_mean6	0.00012592359694033	0.000555781860605272	0.000692383778437191
Visa_mpagominimo_delta1	0.000125056530387129	0.00047400696929161	0.000766567754698319
mvr_msaldopesos_mean6	0.000124845800011534	0.00021076726539169	0.000692383778437191
Visa_mconsumospesos_lag1	0.000124811985194978	0.000300200935972139	0.000717111770524233
Master_msaldopesos_mean6	0.000124467007007022	0.000263411331323456	0.000642927794263106
mv_cconsumos_delta1	0.00012442312441933	0.00182737567914175	0.000593471810089021
Master_msaldopesos_lag1	0.000123436944484112	0.000504774492757642	0.000445103857566766
mv_fechaalta_delta3	0.000123057642048102	0.000273425923798654	0.000568743818001978
mvr_msaldodolares_lag1	0.000122992709296946	0.00207669087969693	0.00123639960435213
internet_lag1	0.000122816013313803	0.000208991072771685	0.000519287833827893
ccomisiones_mantenimiento_lag3	0.00012240519764662	9.988498680243e-05	0.000420375865479723
ccajas_otras_delta1	0.000121910035369923	0.0020008584934147	0.000395647873392681
ctrx_quarter_normalizado_lag3	0.00012000008514072	0.000206741865143532	0.000741839762611276
ccajas_trx_delta2	0.000119431508046305	0.000671207351476585	0.000321463897131553
Visa_mpagospesos_lag1	0.000118957854271524	0.000271463076904704	0.000692383778437191
Master_mlimitecompra_lag3	0.000118708415796042	0.000364387891221611	0.000865479723046489
mvr_mconsumospesos	0.000117609432394988	0.000127072150514483	0.000370919881305638
mv_fultimo_cierre	0.000117141114224557	0.000177078389894319	0.000568743818001978
Visa_mpagospesos_delta2	0.00011666409576073	0.000240120941800402	0.000766567754698319
mv_mlimitecompra_lag3	0.000116661784282226	0.00020045156885736	0.000593471810089021
Visa_mconsumospesos_mean6	0.000115639422290721	0.000175372984135673	0.000667655786350148
Master_mpagominimo	0.000115591395941399	0.000518688411151155	0.000519287833827893
Visa_mconsumototal_delta3	0.000114579127074829	0.000195825756152306	0.000593471810089021
cpagomiscuentas_mean6	0.000114383440753134	0.000329016953563398	0.000840751730959446
tmobile_app_mean6	0.000113529625596726	0.000166778287261356	0.000717111770524233
cplazo_fijo_mean6	0.000113277408182059	0.000951258887695058	0.000321463897131553
ctransferencias_emitidas_delta2	0.000112676792557435	0.000526308063901784	0.000618199802176063
mcuenta_debitos_automaticos_mean6	0.000112669748869317	0.000322326508317286	0.000816023738872404
ctransferencias_recibidas_delta3	0.000111872884728187	0.00078742028711271	0.000568743818001978
mcheques_depositados_mean6	0.00011157867474024	0.00127419818908184	0.000469831849653808
Visa_mconsumospesos_delta2	0.000110890632319236	0.00019065056557665	0.000692383778437191
cpayroll_trx_lag2	0.000109922908279893	0.000253160184089937	0.000148367952522255
cmobile_app_trx_lag3	0.000109481111832743	0.000206157802655949	0.000840751730959446
Visa_mpagosdolares	0.000108349466377883	0.000660507383409161	0.000568743818001978
mvr_mpagospesos_mean6	0.000108304513148912	0.000198733026418167	0.000593471810089021
Visa_msaldopesos_lag2	0.000107235453398579	0.000230284214309287	0.000544015825914936
ctarjeta_debito_delta2	0.000106583245489802	0.00184211494020583	0.000395647873392681
mv_mpagospesos_lag2	0.000106154386996674	0.000223511074131681	0.000519287833827893
mv_mfinanciacion_limite_lag1	0.000105941058156407	0.000228018751220314	0.000544015825914936
mv_mfinanciacion_limite_lag3	0.00010557244864257	0.000243139543071179	0.000642927794263106
Visa_msaldototal_lag1	0.000105405356524554	0.00023200700963067	0.000544015825914936
Visa_mfinanciacion_limite_delta3	0.000105212973862911	0.00229946100724242	0.000494559841740851
mvr_msaldopesos2_lag2	0.00010518263538634	0.000187499085364524	0.000741839762611276
mv_status01_delta3	0.000104987984073557	0.00027682662290718	0.00019782393669634
Visa_msaldopesos_delta2	0.000104465217333569	0.000228643641376932	0.000544015825914936
ctrx_quarter_lag3	0.000103648526135671	0.000122456639235181	0.000593471810089021
Visa_msaldototal_lag3	0.000103606280367013	0.000111471161009993	0.000519287833827893
mvr_Master_mlimitecompra	0.00010357129495011	0.000307682700831282	0.000741839762611276
mv_mfinanciacion_limite_lag2	0.000102816361753683	0.0002167004140823	0.000519287833827893
catm_trx_mean6	0.000102575621173264	0.00022156958615718	0.000618199802176063
cmobile_app_trx	0.000102170743691446	0.000224771911938614	0.000568743818001978
Visa_cconsumos_delta1	0.000101835012188399	0.00106367730733176	0.000642927794263106
mvr_msaldopesos2_delta3	0.000100913389322698	0.000278074040508088	0.000568743818001978
mtransferencias_recibidas_delta3	0.000100582544957256	0.00022641465856631	0.000642927794263106
ccajas_depositos_mean6	0.000100561795677439	0.000864440928679145	0.000445103857566766
ccuenta_debitos_automaticos_mean6	0.000100279372508203	0.000807944602058647	0.000618199802176063
ccajas_trx_delta3	0.000100056237207962	0.00096961376018105	0.000395647873392681
mtarjeta_visa_debitos_automaticos_lag1	9.95301188626877e-05	0.000193323265762547	0.000692383778437191
ctarjeta_master_descuentos_delta2	9.94819389772651e-05	0.000301095836893647	0.000247279920870425
mvr_mconsumospesos_mean6	9.92870652191523e-05	0.00015193317668497	0.000568743818001978
Master_msaldototal_lag2	9.89092953817862e-05	0.000378021686441467	0.000618199802176063
ctarjeta_master_descuentos_lag2	9.64171543739937e-05	0.000398886609996668	0.00029673590504451
mcomisiones_mantenimiento_delta1	9.61074100873082e-05	0.000382212854586587	0.00029673590504451
mtarjeta_visa_debitos_automaticos_lag2	9.59015166342334e-05	0.000212838986069733	0.000544015825914936
mv_status05_mean6	9.58189818363643e-05	3.06524121213922e-05	0.000148367952522255
mvr_msaldototal_delta2	9.56859301922867e-05	0.000700419926705044	0.000494559841740851
mvr_msaldototal_lag3	9.54626688296998e-05	0.00029285337317325	0.000445103857566766
mv_Fvencimiento_delta3	9.52252434298939e-05	0.000272149492090353	0.000568743818001978
Master_fultimo_cierre	9.45754517125272e-05	0.000156998737408588	0.000544015825914936
Visa_fultimo_cierre_lag1	9.37349125251125e-05	8.72848309720066e-05	0.000370919881305638
mv_mlimitecompra_delta3	9.35448779165426e-05	0.000340598118820825	0.000445103857566766
mpagomiscuentas_delta3	9.25620504645722e-05	0.00038751723827236	0.000544015825914936
mtarjeta_visa_consumo_lag2	9.25618914037413e-05	0.000220716741515117	0.000618199802176063
mvr_mconsumospesos_delta3	9.19021551295651e-05	0.000573751989015705	0.000593471810089021
mvr_msaldopesos_delta1	9.13059513658709e-05	0.000438734887517218	0.000519287833827893
mvr_mpagospesos_lag3	9.12057056113018e-05	0.000157608506206304	0.000519287833827893
Master_mpagominimo_delta2	9.09016229094489e-05	0.000406144956778036	0.000445103857566766
mvr_mconsumospesos_lag1	9.08789210444408e-05	0.000230427394676389	0.000494559841740851
mvr_msaldototal_delta3	8.93498125952011e-05	0.000480588540753629	0.000593471810089021
cpayroll_trx_lag3	8.92847195626338e-05	0.000282805797233947	0.000321463897131553
Visa_mconsumosdolares_lag3	8.92826337200984e-05	0.000173229058968873	0.000618199802176063
cforex_mean6	8.9203753573945e-05	0.000254633855023413	0.000519287833827893
mtarjeta_visa_consumo_lag3	8.90288897026185e-05	0.000190523073619409	0.000469831849653808
Visa_mconsumototal_mean6	8.8693240256801e-05	0.000162444978342559	0.000568743818001978
Master_Fvencimiento_delta2	8.8296632824677e-05	0.000169635279008869	0.000321463897131553
Master_cconsumos_delta3	8.82845609898571e-05	0.00048505699681761	0.000469831849653808
Visa_status_delta2	8.72930119164637e-05	0.000139266392366886	0.000173095944609298
cliente_vip_delta1	8.72725716146666e-05	0.000303397402226998	0.000247279920870425
ccajas_otras_delta2	8.71576709356295e-05	0.000792008768962975	0.000173095944609298
mv_cconsumos_lag3	8.68999466499833e-05	0.000176641099096577	0.000445103857566766
mvr_msaldopesos2_lag3	8.60369821980925e-05	0.00011892353372777	0.000568743818001978
Master_msaldopesos_lag2	8.46694576896547e-05	0.000327401425381724	0.000445103857566766
Visa_msaldototal_delta3	8.46391257549634e-05	0.000111086511442928	0.000445103857566766
Visa_Fvencimiento_delta3	8.44985292248303e-05	0.000392812643651285	0.000346191889218595
Master_mpagospesos_lag3	8.42192602909721e-05	0.000227608111817637	0.000420375865479723
mvr_Master_mlimitecompra_mean6	8.39512686158446e-05	0.000173909425610962	0.000544015825914936
Master_fultimo_cierre_lag3	8.36800096839247e-05	0.000192238119244355	0.000568743818001978
cplazo_fijo_delta3	8.25279646775049e-05	0.00177015607902328	0.000321463897131553
Master_msaldopesos_lag3	8.2326238326973e-05	0.000280176665463386	0.000544015825914936
ctarjeta_debito	8.20015926871654e-05	0.000206057812670211	0.000593471810089021
Visa_msaldototal_delta1	8.19311970487328e-05	0.000189102799984555	0.000519287833827893
mvr_Visa_mlimitecompra_lag3	8.17708288269066e-05	0.000166335231445532	0.000494559841740851
Visa_mpagospesos_delta1	8.15622847026028e-05	0.000163722922186749	0.000568743818001978
mvr_Master_mlimitecompra_lag1	8.15008020382566e-05	0.000239195703652597	0.000568743818001978
Visa_status_delta3	8.08604829629726e-05	0.000129822820207218	0.000148367952522255
Master_Finiciomora_mean6	8.06903579395019e-05	0.000485031857558436	0.000272007912957468
mv_msaldopesos_delta3	8.04805751193415e-05	0.000492394730733213	0.000346191889218595
Master_mpagospesos_delta2	8.02754753215675e-05	0.000718810334384455	0.000519287833827893
ccajas_consultas	7.9795860470196e-05	0.000721886018785086	0.00029673590504451
mv_mfinanciacion_limite_delta3	7.97830323041232e-05	0.000609363639805936	0.00029673590504451
cmobile_app_trx_lag2	7.96412343914746e-05	0.00016513043717503	0.000544015825914936
mvr_mconsumospesos_lag3	7.88605200853764e-05	0.000148915236973646	0.000420375865479723
ccomisiones_otras_delta3	7.85627017635081e-05	0.000156514948432223	0.000494559841740851
thomebanking_lag1	7.79869311066138e-05	0.00013940210656303	0.000445103857566766
ctarjeta_visa_descuentos_delta2	7.77318252860187e-05	0.000289451917996778	0.00029673590504451
ctarjeta_debito_trx_lag3	7.74023410962512e-05	0.000961680244724715	0.000445103857566766
ctransferencias_recibidas_lag1	7.73905277674021e-05	0.000219818910830321	0.000469831849653808
cliente_vip_lag1	7.67484087864801e-05	0.000623578000699129	0.00029673590504451
mv_msaldopesos_lag3	7.65945462982499e-05	8.81428735811919e-05	0.000445103857566766
mv_msaldopesos_delta2	7.54829864275427e-05	0.000241461355758556	0.000395647873392681
mv_cconsumos_lag1	7.54045132484183e-05	0.000396007408753268	0.000420375865479723
mv_cconsumos_lag2	7.45953401801803e-05	0.000264363031849339	0.000420375865479723
Visa_mpagado	7.38949903738534e-05	0.000556522334648996	0.000469831849653808
mv_status02_delta1	7.38295901191886e-05	5.88960862782172e-05	4.94559841740851e-05
Visa_msaldototal_delta2	7.34710507319928e-05	0.000219777043567862	0.000519287833827893
mvr_msaldodolares_mean6	7.29660547785322e-05	0.000440145332268785	0.000593471810089021
mvr_msaldopesos2_delta2	7.26012500049088e-05	0.000244040587044741	0.000519287833827893
mv_mlimitecompra_lag1	7.25468461471198e-05	0.000130235822322224	0.000346191889218595
Visa_msaldototal_lag2	7.21667836538762e-05	0.000164883202956985	0.000519287833827893
cextraccion_autoservicio	7.20357397566354e-05	6.98225912036883e-05	0.000222551928783383
Master_mlimitecompra_delta2	7.15134600494334e-05	0.000497710171912683	0.000247279920870425
mtransferencias_emitidas_delta3	7.14774637354241e-05	0.000422102148793158	0.000469831849653808
mv_fultimo_cierre_delta3	7.09441658322178e-05	0.000188023702009924	0.000395647873392681
Visa_mconsumototal_lag1	7.07760152358944e-05	0.000108206554131583	0.000395647873392681
mv_fultimo_cierre_lag1	7.07664688665042e-05	0.000306278682657247	0.000568743818001978
mcajeros_propios_descuentos_delta2	7.07181600064741e-05	0.000138172362050339	0.000173095944609298
ctarjeta_visa	7.03186043385941e-05	0.000113472850894622	7.41839762611276e-05
Master_mfinanciacion_limite_delta1	7.01723506027264e-05	0.000497344896586711	0.000247279920870425
mtarjeta_visa_consumo_delta1	7.01270837703801e-05	0.000186139202656784	0.000519287833827893
Visa_mconsumosdolares_lag2	7.01244634423386e-05	0.000120364693739607	0.000445103857566766
mv_msaldototal_delta2	6.99185445498094e-05	0.00020850397599806	0.000445103857566766
Visa_mconsumototal_delta2	6.99117078891698e-05	0.000147079787528444	0.000519287833827893
Visa_mpagado_delta3	6.91352155688819e-05	0.000320206115765278	0.00029673590504451
Master_fultimo_cierre_lag1	6.83491847380249e-05	0.000129832271056532	0.000420375865479723
mtransferencias_emitidas_lag3	6.80494531036581e-05	0.00017500799233518	0.000445103857566766
Visa_mconsumosdolares_delta3	6.78901691636267e-05	0.000394206360399568	0.000420375865479723
mv_cconsumos	6.772157592508e-05	6.1556689376993e-05	0.000272007912957468
mv_Finiciomora_lag2	6.75959797114009e-05	0.000976740834665451	0.00029673590504451
mtransferencias_recibidas_delta1	6.6881994571667e-05	0.000326087473801649	0.000494559841740851
Master_mlimitecompra_delta1	6.66001270018273e-05	0.000389847156153651	0.000272007912957468
tcallcenter_delta2	6.65624680438825e-05	0.000106933335712049	0.000173095944609298
tmobile_app_lag1	6.65146659386401e-05	0.000123982384348375	0.000346191889218595
mv_mconsumospesos_mean6	6.60694017598061e-05	0.000104598881423087	0.000370919881305638
mtransferencias_recibidas_delta2	6.5865167974165e-05	0.000169077111848405	0.000469831849653808
Master_mpagosdolares_mean6	6.52255142219848e-05	0.0010926615500408	0.000346191889218595
mcuenta_debitos_automaticos_lag2	6.50132407764556e-05	0.00019142950457708	0.000469831849653808
mforex_sell_lag2	6.46725612138779e-05	0.000187727323375448	0.000370919881305638
Visa_mconsumosdolares	6.41346878920379e-05	0.000158312688988663	0.000370919881305638
ctarjeta_debito_trx_lag2	6.39171974311308e-05	0.000225748279181206	0.000469831849653808
Master_mlimitecompra_delta3	6.31422987170671e-05	0.000708186918196472	0.000272007912957468
mvr_mconsumototal_mean6	6.30890341314085e-05	9.38188646619774e-05	0.000395647873392681
Master_mpagospesos_mean6	6.29730341381718e-05	0.000425282359587197	0.000519287833827893
Master_mconsumototal_mean6	6.28377160699774e-05	0.000273118109636508	0.000395647873392681
matm_other_mean6	6.2834599715403e-05	0.000273212334604165	0.000494559841740851
Master_Fvencimiento_delta3	6.26428956961741e-05	9.92879766512874e-05	0.000346191889218595
Master_fechaalta_delta3	6.2128596247306e-05	0.000112834257006499	0.000395647873392681
ctarjeta_debito_lag2	6.21063644768617e-05	0.00021053071063337	0.000395647873392681
ctarjeta_visa_trx_lag3	6.18511058054036e-05	0.000184400340891568	0.000519287833827893
Master_mconsumospesos_mean6	6.13849441854863e-05	0.000186797454311479	0.000445103857566766
mv_mfinanciacion_limite_delta2	6.13499868847477e-05	0.000150731123160769	0.000173095944609298
mvr_Visa_mlimitecompra_lag2	6.118789404779e-05	0.000125954304057666	0.000370919881305638
Master_mpagominimo_delta1	6.11835215452081e-05	0.000725232281001566	0.000321463897131553
tmobile_app_lag2	6.08442197817662e-05	0.000102787815169114	0.000321463897131553
Master_msaldopesos_delta3	6.08076509515513e-05	0.000253322455172652	0.000272007912957468
cprestamos_personales_lag3	6.07248879266581e-05	0.000474566270553991	0.000321463897131553
ctransferencias_emitidas_lag1	6.05338093582569e-05	0.000251904733267113	0.000370919881305638
Visa_mconsumospesos_delta1	6.02762915005064e-05	7.9742769694243e-05	0.000370919881305638
mautoservicio_lag3	6.01181592097138e-05	0.000246891246723214	0.000544015825914936
mextraccion_autoservicio_lag2	5.99228077765937e-05	0.000253292401471835	0.000840751730959446
ccuenta_debitos_automaticos_delta3	5.98494650801576e-05	0.000547392719703527	0.000272007912957468
mv_mconsumosdolares_mean6	5.90907245310477e-05	7.40875704819474e-05	0.000321463897131553
mtarjeta_master_consumo_lag1	5.90576706282727e-05	0.000452478501606098	0.000370919881305638
tpaquete9_mean6	5.90062549213432e-05	0.000301178531825142	0.000123639960435213
cpayroll_trx_delta2	5.8868867135116e-05	0.000175938617467094	0.000272007912957468
mvr_mconsumototal_lag3	5.87985188637483e-05	0.000114763175351413	0.000420375865479723
mextraccion_autoservicio_lag1	5.84885546157199e-05	0.000104500687098718	0.000395647873392681
mv_mpagospesos_delta1	5.83540959642442e-05	0.000113742105591567	0.000346191889218595
Visa_mconsumosdolares_delta2	5.83486119630775e-05	0.000129891149847756	0.000346191889218595
ctarjeta_master_trx_mean6	5.82638720270498e-05	0.000207098067654163	0.000346191889218595
Visa_mpagado_delta2	5.81241674945527e-05	0.000594112142709065	0.000321463897131553
mautoservicio_lag1	5.79547127621601e-05	0.000158248895755796	0.000494559841740851
ccajas_trx_lag3	5.78450430173942e-05	0.000357035697506558	0.000272007912957468
mplazo_fijo_dolares_delta1	5.73967929789647e-05	0.00139001333847036	0.000272007912957468
ctarjeta_master_descuentos_mean6	5.66957525385618e-05	0.00137214206594374	0.000247279920870425
cmobile_app_trx_delta1	5.64995108744344e-05	0.000280369746314864	0.000395647873392681
mvr_mconsumototal_delta3	5.63800799168054e-05	0.00041768623945136	0.000420375865479723
cextraccion_autoservicio_lag3	5.62062146939587e-05	4.92952519859704e-05	0.000272007912957468
ctarjeta_debito_trx_delta3	5.61422002471467e-05	0.000106789966327961	0.00029673590504451
ctarjeta_debito_lag1	5.60745561812133e-05	0.000173042688220408	0.000370919881305638
mtarjeta_visa_consumo_mean6	5.57352238390333e-05	0.000104626950445549	0.000395647873392681
mvr_mpagospesos_delta1	5.55032394845478e-05	0.000317824879772214	0.000370919881305638
mv_msaldodolares_mean6	5.54701646820191e-05	0.000186285407295666	0.000346191889218595
mv_mpagado_lag3	5.51996635374825e-05	0.00103715472734344	0.000272007912957468
Master_delinquency_delta3	5.50819821633384e-05	0.000105999591799862	2.47279920870425e-05
Visa_mlimitecompra_delta3	5.4714952336832e-05	0.00052628897318617	0.000272007912957468
Master_delinquency_mean6	5.45702907510581e-05	7.54228809814715e-05	0.000247279920870425
ctarjeta_visa_mean6	5.4447172357366e-05	1.13986693571804e-05	2.47279920870425e-05
mvr_msaldototal_delta1	5.43859952448502e-05	0.000567356882810645	0.000395647873392681
Master_mpagospesos_delta3	5.40003154074413e-05	0.000306957159129473	0.00029673590504451
ctransferencias_emitidas	5.3906617507181e-05	0.000158911305784189	0.000346191889218595
mextraccion_autoservicio_lag3	5.37826662283223e-05	0.000294366737673843	0.000420375865479723
mdescubierto_preacordado_lag1	5.37803561202938e-05	0.000121724859972826	0.000222551928783383
mv_status04_mean6	5.37702978568322e-05	3.2848033433937e-05	0.000148367952522255
mautoservicio_lag2	5.37649587406389e-05	6.87956619172682e-05	0.000370919881305638
mv_msaldototal_delta1	5.33993560289781e-05	0.000329638535922756	0.000370919881305638
mvr_Visa_mlimitecompra	5.28087298228278e-05	8.89159530550476e-05	0.000370919881305638
mtarjeta_visa_debitos_automaticos	5.26396597229936e-05	0.000167080903456378	0.000370919881305638
ctarjeta_visa_debitos_automaticos_lag2	5.21718341529063e-05	0.000379311632864286	0.000247279920870425
Visa_msaldopesos_delta1	5.08612392032375e-05	0.000125214397064901	0.00029673590504451
cforex_sell_mean6	5.0611048079656e-05	0.000315631432155011	0.000346191889218595
catm_trx_lag3	5.04504913745997e-05	0.000475407774176878	0.000272007912957468
ctarjeta_visa_descuentos_delta3	5.04436124433516e-05	0.000124957711997543	0.000123639960435213
ctarjeta_visa_trx_delta1	5.01899355149378e-05	0.000267905399189077	0.000321463897131553
mvr_mconsumospesos_delta2	4.98744611624642e-05	0.000395470884037733	0.000420375865479723
mpagomiscuentas_lag2	4.91530363956293e-05	0.000192106090879444	0.000469831849653808
ctransferencias_recibidas_lag2	4.88522658764738e-05	0.000264690125744084	0.000445103857566766
mcuenta_debitos_automaticos_lag3	4.88118266516957e-05	0.000141971981508395	0.00029673590504451
mvr_mconsumototal_delta2	4.87482043750583e-05	0.000209897692746342	0.000321463897131553
matm_other_delta3	4.87294852407899e-05	6.6062003753298e-05	0.000222551928783383
Visa_delinquency_lag1	4.8205259779361e-05	0.000141505960128739	9.89119683481701e-05
mvr_Master_mlimitecompra_lag2	4.81663478640473e-05	0.00017806496405417	0.00029673590504451
mv_status01_delta2	4.78935221358331e-05	0.000100039319171722	9.89119683481701e-05
thomebanking_delta2	4.73840512367353e-05	0.000136912752853817	0.00019782393669634
ctarjeta_visa_descuentos_lag2	4.73837637794663e-05	7.244992731288e-05	9.89119683481701e-05
mv_mconsumosdolares_delta3	4.67866924190268e-05	5.62893530205292e-05	0.000148367952522255
Visa_mconsumototal_lag2	4.65650883041274e-05	7.06820514402706e-05	0.00029673590504451
mdescubierto_preacordado_lag2	4.63956734440109e-05	0.000154105926942176	0.000148367952522255
ccajeros_propios_descuentos_delta2	4.63399968426107e-05	8.83275431767804e-05	7.41839762611276e-05
mcuenta_debitos_automaticos_delta2	4.5771832239955e-05	0.00044280801455441	0.00019782393669634
mvr_Master_mlimitecompra_lag3	4.57397778422072e-05	0.000119263764303061	0.00029673590504451
mv_msaldopesos_lag2	4.57162150829363e-05	0.00012170718688461	0.000222551928783383
mv_msaldototal_lag3	4.55594061148721e-05	8.23099038933068e-05	0.000272007912957468
mpagomiscuentas_lag3	4.5529629404838e-05	0.000118439177700446	0.000370919881305638
mtarjeta_master_consumo_mean6	4.53198049993069e-05	0.000137111031672417	0.000247279920870425
Visa_mlimitecompra_delta2	4.52562832813207e-05	0.000161819332117996	0.000148367952522255
mv_status06_delta1	4.52383696227058e-05	9.42915016361525e-05	9.89119683481701e-05
Visa_mconsumosdolares_delta1	4.50482800238002e-05	0.000103451075773946	0.00019782393669634
mv_mpagado_delta2	4.50337938391473e-05	0.000411897216212783	0.000247279920870425
Master_fechaalta_delta1	4.42348533845707e-05	3.44367212035597e-05	0.000173095944609298
mvr_mpagado	4.3945979557729e-05	0.000430265319887814	0.000321463897131553
Master_msaldototal_delta1	4.3846740460357e-05	0.000706883646076121	0.000222551928783383
ccajas_trx_lag2	4.38216440531718e-05	0.000325904127324965	0.000247279920870425
Visa_mconsumosdolares_lag1	4.37698609731116e-05	9.79834759205258e-05	0.000370919881305638
Visa_status_delta1	4.33082669130068e-05	1.37927585053116e-05	4.94559841740851e-05
mvr_mconsumospesos_lag2	4.3298297045225e-05	9.00474087348765e-05	0.000247279920870425
cprestamos_personales_lag2	4.325364463566e-05	0.000144202003912441	0.000148367952522255
ctarjeta_debito_trx_delta2	4.30497910927725e-05	0.000389387088809064	0.00029673590504451
ctarjeta_debito_lag3	4.29841786285177e-05	0.000201849254962354	0.000395647873392681
ctransferencias_emitidas_delta1	4.29442959881656e-05	6.05453539919404e-05	0.00019782393669634
ccuenta_debitos_automaticos_delta2	4.28577967040139e-05	0.000685230238162683	0.00019782393669634
Visa_mpagosdolares_delta2	4.20382246806314e-05	0.000144680027870725	0.000222551928783383
Master_mpagospesos	4.20025300854034e-05	0.000532047186655984	0.000445103857566766
mvr_mconsumototal_lag1	4.18411625298595e-05	9.84812521538751e-05	0.00029673590504451
mv_status02_lag3	4.17426266149813e-05	0.000983800146560274	0.00019782393669634
cpayroll_trx_delta3	4.15892344996928e-05	0.000105652934647037	0.000173095944609298
ctarjeta_visa_debitos_automaticos_lag1	4.13986935431952e-05	0.000108448401365519	0.000272007912957468
mextraccion_autoservicio_delta3	4.13108957761864e-05	7.38556466397907e-05	0.00019782393669634
cextraccion_autoservicio_lag1	4.10735806782572e-05	0.000139135403595399	0.000445103857566766
tcuentas_lag2	4.10272994797882e-05	0.000472326891809124	0.000222551928783383
Visa_mpagosdolares_mean6	4.09245143194825e-05	6.36889899991363e-05	0.000272007912957468
ccallcenter_trx_lag1	4.08052246921555e-05	0.000407563151226041	0.000321463897131553
mextraccion_autoservicio	4.07478928987812e-05	0.000139141546647453	0.000321463897131553
mextraccion_autoservicio_delta2	4.07427768489146e-05	9.34052009875194e-05	0.00029673590504451
mvr_mconsumospesos_delta1	4.04549299151995e-05	0.000188387843233978	0.00029673590504451
ctransferencias_emitidas_lag2	3.99149611789081e-05	0.000190298899473689	0.000247279920870425
mvr_Visa_mlimitecompra_mean6	3.94562195925728e-05	7.41343521860499e-05	0.000247279920870425
mvr_msaldodolares_lag3	3.93533066354121e-05	0.000135688300816742	0.000346191889218595
ctarjeta_visa_trx_lag2	3.90975522586263e-05	0.000133699653104166	0.000321463897131553
Master_mpagospesos_lag1	3.89891181475604e-05	0.000160455007511079	0.000247279920870425
thomebanking_delta1	3.88176053461781e-05	8.79244644535537e-05	0.000148367952522255
cpayroll_trx_delta1	3.84264031985252e-05	0.000178785496805841	0.000173095944609298
matm_other_lag3	3.815326348149e-05	2.49908808400566e-05	0.000148367952522255
cliente_vip	3.74518187721821e-05	0.000172322722519695	0.000123639960435213
cseguro_accidentes_personales_mean6	3.68487723091899e-05	0.000107542159424834	0.00019782393669634
mplazo_fijo_dolares_lag2	3.68229458667534e-05	0.000501402713248015	0.000123639960435213
mvr_mpagospesos_lag1	3.671478510134e-05	0.000111644678603391	0.00029673590504451
mvr_Visa_mlimitecompra_lag1	3.65728104187454e-05	6.96047491270089e-05	0.000247279920870425
mv_mconsumototal_delta2	3.57057864466508e-05	0.000126565301465793	0.00019782393669634
mvr_mconsumosdolares_lag3	3.56648815171137e-05	0.000142650079946648	0.000247279920870425
ctransferencias_recibidas_lag3	3.54333660580258e-05	4.64511133935238e-05	0.000272007912957468
ctarjeta_master_trx_delta3	3.53962703013347e-05	0.000408673437003407	0.000222551928783383
mvr_mconsumototal_delta1	3.52204200729818e-05	0.000159017722347461	0.000247279920870425
Master_status_delta2	3.50418376729256e-05	3.23750184257893e-05	0.000123639960435213
mvr_mpagospesos_lag2	3.48691137136819e-05	6.56655406245908e-05	0.000272007912957468
mpagomiscuentas_delta2	3.48020633634993e-05	0.000247174016134678	0.00019782393669634
mtarjeta_master_consumo_delta3	3.47153826626326e-05	6.14226763337256e-05	9.89119683481701e-05
mtarjeta_visa_descuentos_delta2	3.43336594526849e-05	7.34085269587624e-05	9.89119683481701e-05
ccomisiones_otras_delta1	3.42018874045969e-05	0.000109534776494121	0.000272007912957468
mplazo_fijo_dolares_lag3	3.4135143998134e-05	0.000157072832067207	9.89119683481701e-05
ccajeros_propios_descuentos_lag2	3.41161344729222e-05	6.51084130575518e-05	9.89119683481701e-05
mv_mconsumototal_delta3	3.39903341440251e-05	7.38586709115711e-05	0.000222551928783383
Visa_mfinanciacion_limite_delta2	3.39268762388117e-05	6.94864244936021e-05	0.00019782393669634
Visa_mconsumototal_delta1	3.39251374478226e-05	4.05589813889353e-05	0.00019782393669634
ccajas_otras_delta3	3.37200885931984e-05	0.000384523587243772	0.000123639960435213
cliente_vip_delta2	3.36414894159684e-05	3.47990667662447e-05	7.41839762611276e-05
Master_fultimo_cierre_delta3	3.3612495590153e-05	0.000122465239508057	0.000247279920870425
ccomisiones_mantenimiento_lag1	3.35022776979519e-05	8.36419065955712e-05	0.000173095944609298
mvr_mconsumosdolares_delta2	3.34114669187987e-05	0.000273879659074201	0.000222551928783383
mv_mconsumosdolares	3.3391830208251e-05	5.56442380463802e-05	0.000173095944609298
ccajas_trx_delta1	3.32977741213296e-05	0.000257003371963329	0.000148367952522255
Master_mconsumospesos_delta3	3.30548424073002e-05	0.000139466561355349	0.000148367952522255
active_quarter_lag2	3.29739595036981e-05	5.17874409499771e-05	7.41839762611276e-05
mv_msaldopesos_delta1	3.29310545897841e-05	0.000213507350133194	0.000272007912957468
tcallcenter_delta1	3.26328590766118e-05	3.19405628828413e-05	7.41839762611276e-05
ctarjeta_debito_trx_lag1	3.2483370739817e-05	0.000112919881701281	0.000247279920870425
Master_mconsumospesos_lag2	3.20209805832516e-05	5.01705896493997e-05	0.00019782393669634
mv_mconsumototal_delta1	3.15000865982478e-05	0.000173998736136976	0.000148367952522255
matm_other	3.12684655911206e-05	0.000370555799009171	0.000148367952522255
mv_mconsumototal_lag1	3.10869821296502e-05	3.33844636409791e-05	0.000123639960435213
mv_mconsumospesos_delta2	3.0989800694408e-05	2.95608390256669e-05	0.000173095944609298
mvr_mconsumototal	3.09500360862717e-05	4.89676855487597e-05	0.000247279920870425
matm_delta3	3.09125187155932e-05	0.000134800109998246	0.000272007912957468
cpagomiscuentas_lag1	3.08808491645408e-05	7.98897304010701e-05	0.00029673590504451
ctransferencias_emitidas_delta3	3.06509084890505e-05	0.000320882135016683	0.000222551928783383
matm_lag3	3.05272214336156e-05	0.00016765589312862	0.00029673590504451
mvr_mconsumosdolares_mean6	3.04950742075559e-05	7.80342451553232e-05	0.000222551928783383
ccajas_trx_lag1	3.04169214199435e-05	0.000357127559761887	0.000321463897131553
mv_mpagado	3.02017686264737e-05	0.000760902243532062	0.000445103857566766
mcajeros_propios_descuentos_lag2	2.94819270588135e-05	0.000152547292873371	9.89119683481701e-05
mvr_msaldopesos2_delta1	2.94482166125444e-05	8.17098694703839e-05	0.000222551928783383
mv_mconsumospesos_delta1	2.93667724135063e-05	0.000122745835224179	0.000222551928783383
Master_msaldopesos_delta2	2.91845693880752e-05	4.88964261449348e-05	0.00019782393669634
cliente_edad_delta3	2.86567213526263e-05	3.89718057552027e-05	0.000123639960435213
mtarjeta_master_descuentos_lag2	2.84861502393294e-05	7.32813185270009e-05	9.89119683481701e-05
Master_mpagospesos_lag2	2.84368940058813e-05	0.000427259666280597	0.000346191889218595
mv_mconsumospesos_lag1	2.82580004757306e-05	0.000112087923436201	0.000148367952522255
mv_mconsumototal_mean6	2.82419887803626e-05	4.97071199990588e-05	0.000222551928783383
internet_lag2	2.8159351753575e-05	3.24131053485233e-05	0.000148367952522255
Master_mpagospesos_delta1	2.81271973967591e-05	0.00018622615047047	0.00019782393669634
ccomisiones_mantenimiento_lag2	2.79626710233091e-05	7.91753407014521e-05	0.000173095944609298
Visa_msaldodolares_lag1	2.76576789466171e-05	0.000108842123747925	0.00019782393669634
Master_mconsumototal_lag3	2.76570722541749e-05	3.01435783943459e-05	9.89119683481701e-05
mvr_msaldodolares_lag2	2.75541581835028e-05	0.000143057884094532	0.000321463897131553
Visa_mpagado_lag3	2.73311560121243e-05	0.000305067934351677	0.000148367952522255
Master_mconsumospesos_lag3	2.7219650418855e-05	0.000105639986983478	0.000247279920870425
mcajeros_propios_descuentos_delta3	2.69772959427481e-05	5.66327023760937e-05	7.41839762611276e-05
ctransferencias_recibidas_delta1	2.63283971330989e-05	8.06233053247947e-05	0.000173095944609298
mvr_mconsumototal_lag2	2.62371359599694e-05	3.84678864697995e-05	0.000148367952522255
Master_Fvencimiento_delta1	2.61605870143214e-05	0.000162896445414271	0.000173095944609298
Visa_mpagosdolares_delta1	2.57236935937286e-05	9.2005908238142e-05	9.89119683481701e-05
cpagomiscuentas_delta2	2.56855441768083e-05	0.000391358535975889	0.000123639960435213
Master_mconsumospesos	2.56660675763619e-05	9.3524754231337e-05	0.000222551928783383
Master_msaldopesos_delta1	2.51036746462785e-05	0.000314946623613745	0.000148367952522255
catm_trx_other_mean6	2.48689295114104e-05	6.22690943982551e-05	0.000173095944609298
mv_status05_delta1	2.48626444672225e-05	0.000111958824834577	9.89119683481701e-05
mautoservicio_delta1	2.47422092935562e-05	9.35117120592841e-05	0.00019782393669634
Visa_mfinanciacion_limite_delta1	2.46358689480882e-05	4.60673144028969e-05	9.89119683481701e-05
catm_trx_lag2	2.45057496936419e-05	5.45455768136696e-05	0.000148367952522255
Master_mconsumosdolares_mean6	2.44682778912789e-05	0.000120464778233839	0.000272007912957468
cextraccion_autoservicio_lag2	2.44202052027491e-05	0.000107807917307533	0.000370919881305638
thomebanking_lag3	2.42745043253267e-05	4.22805480999079e-05	0.000148367952522255
mvr_mpagosdolares_mean6	2.42663188168496e-05	0.000142771995902794	0.000222551928783383
mvr_mconsumosdolares_lag1	2.41144765382191e-05	0.000257984086596605	0.000222551928783383
mv_mconsumototal_lag3	2.38700235962111e-05	9.54234298584471e-05	0.00019782393669634
Master_mpagominimo_lag3	2.37763842623713e-05	6.60613421938461e-05	0.000173095944609298
ccuenta_debitos_automaticos_lag2	2.36480130496248e-05	0.000262102766727489	0.00019782393669634
Visa_delinquency_delta3	2.36376543950302e-05	4.84259628661019e-05	4.94559841740851e-05
ccajas_extracciones_lag2	2.35073689275831e-05	0.00011380306356964	0.000123639960435213
Master_cconsumos_delta2	2.31918981083671e-05	8.30474481737432e-05	0.00019782393669634
Master_msaldototal_lag3	2.29163343411009e-05	4.79059771368654e-05	0.000148367952522255
mtarjeta_master_consumo_lag3	2.26523727209506e-05	0.000107198337526804	0.000222551928783383
mvr_mpagado_delta2	2.26300772662157e-05	0.000177500181299186	0.000148367952522255
ccallcenter_trx_lag2	2.26151120146661e-05	0.000212295751251185	0.000173095944609298
Master_mconsumosdolares_delta2	2.24606325125989e-05	0.000118661461676303	0.000222551928783383
mvr_msaldodolares2_lag1	2.24573664549727e-05	0.00026770598626856	0.000222551928783383
ccajas_otras_mean6	2.24504884230993e-05	0.000111238386591398	0.000148367952522255
mv_Finiciomora_lag3	2.23581515978889e-05	0.000263991613471313	9.89119683481701e-05
mv_mconsumosdolares_delta1	2.193811519918e-05	8.62851201316098e-05	0.000123639960435213
Master_cconsumos_delta1	2.15924846648113e-05	5.99670565224388e-05	9.89119683481701e-05
Visa_msaldodolares_mean6	2.12566769290555e-05	6.71934594331269e-05	0.000173095944609298
Master_msaldototal_delta2	2.12302002815748e-05	0.00015418559760189	0.000148367952522255
ccajeros_propios_descuentos_lag3	2.11552487966138e-05	3.57907443847248e-05	4.94559841740851e-05
mv_mconsumospesos_lag3	2.0558946444327e-05	5.930266181569e-05	0.000173095944609298
mdescubierto_preacordado_lag3	2.01767007405354e-05	3.04422252326569e-05	7.41839762611276e-05
mforex_sell_delta2	2.0158115463194e-05	0.000144032361167261	9.89119683481701e-05
mv_mconsumototal_lag2	2.00776593128631e-05	2.399268213555e-05	0.000148367952522255
ccajas_trx	1.96610957637087e-05	0.000115802296233448	0.000123639960435213
ctarjeta_visa_debitos_automaticos	1.95989834086258e-05	5.91189373050329e-05	9.89119683481701e-05
mextraccion_autoservicio_delta1	1.93790837371694e-05	3.63996626060026e-05	0.000148367952522255
cforex_sell_delta2	1.91304830505871e-05	6.28849117395319e-05	9.89119683481701e-05
ctarjeta_visa_debitos_automaticos_delta1	1.91275197395989e-05	3.17087335491777e-05	7.41839762611276e-05
ccaja_ahorro_delta1	1.89850975110478e-05	0.000459557471267494	7.41839762611276e-05
mv_status03_delta3	1.88977135848598e-05	2.08571738587639e-05	7.41839762611276e-05
ctarjeta_master_descuentos_delta3	1.88213362912878e-05	2.22928523779988e-05	4.94559841740851e-05
cplazo_fijo_lag2	1.86535283995332e-05	0.000378791552626556	7.41839762611276e-05
mv_mconsumosdolares_lag1	1.85720918665933e-05	7.92608708877405e-05	0.000173095944609298
Visa_madelantopesos	1.84660080998646e-05	0.000142176214362062	7.41839762611276e-05
Master_mconsumototal_delta3	1.83667776964475e-05	4.80655074732797e-05	0.000123639960435213
ccuenta_debitos_automaticos_lag3	1.81872541222343e-05	3.24545945770101e-05	0.000148367952522255
ctransferencias_emitidas_lag3	1.80330206205474e-05	0.000126127065583119	0.000148367952522255
tmobile_app_lag3	1.78887668369361e-05	2.96320039209986e-05	9.89119683481701e-05
Master_mconsumospesos_lag1	1.7814471038922e-05	5.28759897739221e-05	0.000148367952522255
cpagomiscuentas_lag3	1.77935037035803e-05	3.8658793625935e-05	0.00019782393669634
Visa_Fvencimiento_delta1	1.77684923515406e-05	3.91251930395631e-05	9.89119683481701e-05
mforex_sell_delta3	1.76777442074076e-05	0.000123356927140798	0.000123639960435213
Master_cconsumos_lag1	1.76372165441222e-05	2.75101937415934e-05	0.000123639960435213
Master_msaldototal_delta3	1.76311045653134e-05	2.51193178822289e-05	9.89119683481701e-05
mv_mpagado_delta3	1.72676939937062e-05	0.000104450597597356	9.89119683481701e-05
tcuentas_mean6	1.72056119603972e-05	0.000173152507089433	7.41839762611276e-05
mvr_mconsumosdolares_lag2	1.71064086238743e-05	0.000134432471959946	0.000148367952522255
mv_status07_lag2	1.65793926384584e-05	1.63304060545169e-05	7.41839762611276e-05
mv_mpagosdolares_mean6	1.65685830117181e-05	2.61564540859077e-05	9.89119683481701e-05
mv_status03_mean6	1.6566700320785e-05	1.37249959157328e-05	7.41839762611276e-05
cpagomiscuentas_delta3	1.64780762854375e-05	5.75613428296519e-05	9.89119683481701e-05
cplazo_fijo_delta2	1.64434774283241e-05	0.000271464683549087	4.94559841740851e-05
catm_trx_lag1	1.62327461533546e-05	3.56691119540583e-05	0.000148367952522255
Master_mpagado_mean6	1.61922300106303e-05	7.54212743370882e-05	0.000123639960435213
mv_mconsumospesos_lag2	1.59412855537113e-05	4.29410679584381e-05	0.000148367952522255
matm_lag1	1.56983018044344e-05	4.81590708814847e-05	0.00019782393669634
Master_status_lag1	1.55511970460114e-05	7.55529246680272e-06	2.47279920870425e-05
mv_mconsumosdolares_delta2	1.53840512653083e-05	9.6578418153067e-05	9.89119683481701e-05
ctarjeta_master_debitos_automaticos_mean6	1.53758748362325e-05	0.000147421719256612	7.41839762611276e-05
mtarjeta_master_consumo_lag2	1.51803283887091e-05	7.47424198308895e-05	0.000173095944609298
mvr_mpagosdolares_delta1	1.48577676278213e-05	0.000657945541685713	0.000321463897131553
Master_mconsumosdolares_lag3	1.4732348333984e-05	1.9800568905499e-05	7.41839762611276e-05
mvr_mpagosdolares_delta3	1.45312639656424e-05	0.000533120614121027	0.000272007912957468
tpaquete7_delta3	1.44446585552821e-05	7.2217814453737e-05	2.47279920870425e-05
mv_mconsumosdolares_lag3	1.4390536158931e-05	5.00209827047648e-05	9.89119683481701e-05
mforex_sell_lag3	1.43170232451357e-05	6.45716048165371e-05	0.000123639960435213
mv_fechaalta_delta1	1.41601214273457e-05	3.17204526023266e-05	9.89119683481701e-05
ccajas_otras	1.41069548521103e-05	0.000142159013816311	4.94559841740851e-05
ccuenta_debitos_automaticos_lag1	1.38931625341074e-05	2.30839829740436e-05	9.89119683481701e-05
active_quarter_mean6	1.38533051619002e-05	3.00889524853131e-05	9.89119683481701e-05
ctarjeta_master_mean6	1.37610012281056e-05	2.44925375557484e-05	7.41839762611276e-05
Master_cconsumos	1.3462805468676e-05	2.20906987111801e-05	9.89119683481701e-05
matm_lag2	1.34453294736033e-05	4.70724122274024e-05	0.000148367952522255
mforex_sell_lag1	1.32186369431941e-05	5.115262740158e-05	0.000123639960435213
ccajas_consultas_delta1	1.32161233195307e-05	7.86406116472863e-05	0.000123639960435213
mcaja_ahorro_adicional	1.3118445151104e-05	0.000449338551430135	7.41839762611276e-05
ccheques_depositados_lag3	1.31103185730801e-05	0.000351357438221937	7.41839762611276e-05
mvr_mpagosdolares	1.29085530355099e-05	7.00522468420097e-05	9.89119683481701e-05
Visa_fultimo_cierre_delta1	1.28495434373132e-05	1.39291342609074e-05	7.41839762611276e-05
Visa_mpagado_lag2	1.28405582562906e-05	2.93346802015915e-05	7.41839762611276e-05
Master_delinquency_delta1	1.27664837044403e-05	2.90269605479394e-05	4.94559841740851e-05
catm_trx_delta3	1.27381366574801e-05	3.789176269564e-05	9.89119683481701e-05
Visa_msaldodolares_lag3	1.27300718793429e-05	0.000134885734693028	7.41839762611276e-05
Visa_mpagosdolares_lag1	1.26658599555543e-05	1.8827036917701e-05	7.41839762611276e-05
cforex_lag2	1.26102197574137e-05	2.61442624902931e-05	9.89119683481701e-05
cseguro_accidentes_personales_lag1	1.24571625521137e-05	4.34309999868572e-05	7.41839762611276e-05
cpagomiscuentas_lag2	1.23283815243185e-05	3.33575287204352e-05	9.89119683481701e-05
cprestamos_personales_delta1	1.21099254776567e-05	0.000192756781854688	4.94559841740851e-05
mvr_msaldodolares2_lag3	1.19667637490068e-05	4.76832206185429e-05	0.000148367952522255
Visa_Finiciomora_lag2	1.18020128316861e-05	0.000162013830596871	4.94559841740851e-05
mtarjeta_visa_descuentos_mean6	1.17825978169894e-05	2.85270106192479e-05	7.41839762611276e-05
ccajas_depositos_lag1	1.16622222590142e-05	0.000210222801962731	4.94559841740851e-05
matm_other_lag2	1.14097566597713e-05	1.1996341067775e-05	4.94559841740851e-05
matm	1.1395731897141e-05	5.10249464273527e-05	0.000123639960435213
cextraccion_autoservicio_delta2	1.12208473830248e-05	4.13692027005936e-05	7.41839762611276e-05
Master_mconsumototal_lag1	1.11402293238433e-05	2.68491068321044e-05	7.41839762611276e-05
ctarjeta_master_debitos_automaticos_delta3	1.09324611028979e-05	0.000130389587640557	4.94559841740851e-05
mcaja_ahorro_adicional_lag1	1.08683057112301e-05	6.49294139715515e-05	4.94559841740851e-05
Visa_madelantodolares_mean6	1.08056071351851e-05	1.44462847353497e-05	2.47279920870425e-05
ccajeros_propios_descuentos_delta3	1.05596232005594e-05	7.27410134717401e-05	7.41839762611276e-05
Master_mconsumototal	1.05204284533321e-05	3.12456419328094e-05	0.000123639960435213
cforex_delta3	1.05184907720633e-05	6.96265805889234e-05	9.89119683481701e-05
mcajeros_propios_descuentos_lag3	1.03377651193899e-05	2.44034160467208e-05	4.94559841740851e-05
mttarjeta_master_debitos_automaticos_lag3	1.03345684849212e-05	8.17230061509298e-05	7.41839762611276e-05
Master_mconsumospesos_delta2	1.02709741745527e-05	7.53565360192898e-05	0.000123639960435213
ctarjeta_master_trx	1.02138405433928e-05	6.97999091653355e-05	4.94559841740851e-05
mvr_mconsumosdolares_delta1	1.02098486904245e-05	2.09795623573755e-05	7.41839762611276e-05
catm_trx_other_lag3	1.01423918229003e-05	2.64805237088724e-05	7.41839762611276e-05
mplazo_fijo_dolares_lag1	1.00844943656988e-05	9.92436521680064e-05	4.94559841740851e-05
mv_mconsumosdolares_lag2	1.00423669718761e-05	1.49609779889705e-05	4.94559841740851e-05
ctarjeta_master_trx_lag3	9.9269571611326e-06	7.7529664310468e-05	9.89119683481701e-05
Master_mconsumototal_delta1	9.82696211795397e-06	4.36117947342271e-05	9.89119683481701e-05
internet_lag3	9.82247415279799e-06	3.69694543111219e-05	7.41839762611276e-05
mforex_buy_mean6	9.75980778293095e-06	0.000132982050115781	4.94559841740851e-05
mv_status03_delta2	9.75274263830301e-06	1.46756568481918e-05	4.94559841740851e-05
mtarjeta_master_consumo_delta2	9.71389087402241e-06	7.09873138731012e-05	7.41839762611276e-05
Master_mconsumosdolares_lag2	9.67951161421928e-06	3.97988495786393e-05	4.94559841740851e-05
mvr_msaldodolares2_lag2	9.59407119382164e-06	4.70843202975376e-05	9.89119683481701e-05
Master_mconsumosdolares_lag1	9.59082903386475e-06	1.10446405418915e-05	7.41839762611276e-05
Master_status_delta3	9.41634225748053e-06	5.0734805353424e-05	4.94559841740851e-05
active_quarter_delta3	9.18055534697666e-06	6.44672674401145e-05	4.94559841740851e-05
mv_fultimo_cierre_delta1	8.89401132875089e-06	1.03803403436358e-05	7.41839762611276e-05
Master_cconsumos_lag2	8.75342219704496e-06	4.87880249033074e-05	0.000123639960435213
ccajas_extracciones_lag3	8.65169084686433e-06	0.000129905326121726	4.94559841740851e-05
mtarjeta_master_descuentos_delta2	8.50664347219323e-06	1.49313023221257e-05	4.94559841740851e-05
mv_msaldodolares_delta3	8.43636376743567e-06	3.37414222195553e-06	2.47279920870425e-05
cliente_vip_delta3	8.24358169779351e-06	3.65237522574907e-06	2.47279920870425e-05
Master_mconsumosdolares_delta3	8.21517499231489e-06	3.01504775143449e-05	9.89119683481701e-05
ccajas_depositos_delta3	8.16355825373748e-06	1.45979708668336e-05	4.94559841740851e-05
cforex_lag3	8.10518113005622e-06	2.85780452055415e-05	4.94559841740851e-05
mtarjeta_visa_descuentos_delta3	7.98286514986091e-06	9.42400890158863e-06	2.47279920870425e-05
mforex_sell	7.95883719975939e-06	6.67705339263415e-05	0.000247279920870425
Master_mpagado_lag3	7.8789526020183e-06	2.62124976223376e-05	4.94559841740851e-05
cseguro_vida_delta3	7.8710363920077e-06	4.76537339686844e-05	2.47279920870425e-05
mprestamos_prendarios_lag2	7.82207957537e-06	0.000147530120498239	2.47279920870425e-05
catm_trx_other	7.80414484569181e-06	0.000133137989129456	4.94559841740851e-05
Visa_msaldodolares_delta1	7.7607226949927e-06	6.3235632757561e-06	2.47279920870425e-05
Visa_cadelantosefectivo_delta3	7.66294747975861e-06	8.45104396474946e-06	2.47279920870425e-05
ctarjeta_master_trx_lag2	7.58408808346327e-06	2.05298909470325e-05	7.41839762611276e-05
mvr_mconsumosdolares	7.57499617664889e-06	1.55323763384732e-05	4.94559841740851e-05
mcuenta_debitos_automaticos_delta1	7.5597585430626e-06	9.02353861277248e-05	4.94559841740851e-05
ctarjeta_master_trx_lag1	7.4982626450609e-06	1.34637744407038e-05	7.41839762611276e-05
matm_other_lag1	7.42812375667704e-06	3.6417902745178e-05	7.41839762611276e-05
mv_mlimitecompra_delta2	7.37118554678033e-06	5.53256499160174e-05	2.47279920870425e-05
ccajas_extracciones	7.23343509843257e-06	8.94020102352481e-05	9.89119683481701e-05
mv_mpagado_delta1	7.19582530630195e-06	0.00016532871599363	4.94559841740851e-05
Visa_mpagado_delta1	7.0664673082554e-06	8.67083291638746e-05	4.94559841740851e-05
ctransferencias_recibidas_delta2	6.96905394142197e-06	5.50208600256526e-05	7.41839762611276e-05
mv_status07_lag1	6.85490064271859e-06	3.25453227304211e-05	2.47279920870425e-05
matm_delta2	6.79627863216848e-06	2.2137763940762e-05	4.94559841740851e-05
Master_cconsumos_lag3	6.78454873102488e-06	1.02381050614655e-05	4.94559841740851e-05
cseguro_vida_lag1	6.68145495673227e-06	4.8240348185582e-05	4.94559841740851e-05
matm_other_delta2	6.6791056188382e-06	8.24255822889058e-06	2.47279920870425e-05
mvr_Visa_mlimitecompra_delta2	6.62580028294257e-06	0.000134875433267276	4.94559841740851e-05
Master_mpagosdolares_lag1	6.58012755425138e-06	1.50226920349886e-05	4.94559841740851e-05
ccuenta_debitos_automaticos_delta1	6.55300198654736e-06	7.93245696121144e-05	2.47279920870425e-05
catm_trx_delta2	6.54286526335439e-06	1.88428198360548e-05	4.94559841740851e-05
mvr_msaldodolares2_delta2	6.52922106468291e-06	0.000125647151454973	7.41839762611276e-05
Master_msaldodolares_lag1	6.51465916124998e-06	1.53482737938435e-05	4.94559841740851e-05
cplazo_fijo_lag3	6.49770192333376e-06	0.000127300672050887	2.47279920870425e-05
mvr_mpagado_lag3	6.30931205686109e-06	3.19770431611919e-05	7.41839762611276e-05
Master_mconsumosdolares	6.28556946548766e-06	2.58700933517045e-05	9.89119683481701e-05
mvr_mconsumosdolares_delta3	6.25394214221637e-06	1.71623643195965e-05	7.41839762611276e-05
mcheques_depositados_lag3	6.14007424506845e-06	0.00010455106012556	2.47279920870425e-05
catm_trx	6.06506639929612e-06	4.14004850118218e-05	4.94559841740851e-05
mvr_mpagado_delta3	6.0405907105149e-06	0.000114638991191432	7.41839762611276e-05
Master_mconsumototal_lag2	5.9480491062623e-06	4.10114880540724e-05	7.41839762611276e-05
cplazo_fijo_lag1	5.94658843617671e-06	1.82298377495721e-05	2.47279920870425e-05
mvr_mpagado_delta1	5.90305733266291e-06	1.64267102090229e-05	4.94559841740851e-05
mv_status07_delta1	5.81927330340556e-06	4.87513556079705e-05	2.47279920870425e-05
ctarjeta_master_descuentos_lag3	5.80177472760504e-06	1.83049720016155e-05	4.94559841740851e-05
cliente_vip_lag3	5.68669246054341e-06	1.3154164617189e-05	4.94559841740851e-05
mv_msaldodolares_lag3	5.6861156616015e-06	7.32974794793272e-05	4.94559841740851e-05
tpaquete9_lag1	5.68285033204053e-06	1.54199112316409e-05	2.47279920870425e-05
mtarjeta_visa_debitos_automaticos_delta1	5.56385707007429e-06	5.92322529883034e-06	2.47279920870425e-05
ccajas_extracciones_delta2	5.55713300257536e-06	2.93980008919929e-05	4.94559841740851e-05
mv_status05_lag1	5.55652639578792e-06	6.10685530099435e-06	2.47279920870425e-05
mv_status05	5.49238984816042e-06	7.62201546295701e-06	2.47279920870425e-05
Visa_mpagosdolares_lag3	5.45184839446381e-06	2.35403644873992e-05	7.41839762611276e-05
Visa_delinquency_delta1	5.43587383042063e-06	2.34420756545374e-05	2.47279920870425e-05
mttarjeta_master_debitos_automaticos_mean6	5.27735005469124e-06	3.30551015423988e-05	4.94559841740851e-05
Master_mpagado_lag2	5.24118885532949e-06	2.24169420294869e-05	2.47279920870425e-05
Master_madelantodolares_lag3	5.05265089183119e-06	4.51173150298899e-05	4.94559841740851e-05
tpaquete9_lag2	5.01087288364619e-06	6.98463128354655e-05	2.47279920870425e-05
Visa_cadelantosefectivo	4.98022664963546e-06	5.01736139211801e-06	2.47279920870425e-05
ctarjeta_master_trx_delta2	4.88060540369212e-06	3.48868651563684e-06	2.47279920870425e-05
Visa_mpagado_lag1	4.85804943010036e-06	6.02059739930877e-05	2.47279920870425e-05
mtarjeta_master_consumo_delta1	4.78631702114696e-06	2.53200539216506e-05	2.47279920870425e-05
tcuentas_lag3	4.76843231383023e-06	1.57739400469298e-05	2.47279920870425e-05
Visa_msaldodolares_lag2	4.70223992423595e-06	3.66868739166441e-05	7.41839762611276e-05
mcaja_ahorro_adicional_mean6	4.65251782542622e-06	0.000147702125955747	2.47279920870425e-05
cforex_lag1	4.60722326236148e-06	3.18039036017661e-05	2.47279920870425e-05
cseguro_vida_lag2	4.57769465124859e-06	8.0507059878237e-06	2.47279920870425e-05
ccajas_otras_lag2	4.57365106282422e-06	5.10128493402312e-06	2.47279920870425e-05
active_quarter_lag1	4.56084893578891e-06	6.43385468724627e-06	4.94559841740851e-05
mv_mfinanciacion_limite_delta1	4.51115942860338e-06	1.80275895742602e-05	2.47279920870425e-05
mprestamos_prendarios_lag1	4.46961585741036e-06	0.000147207468502671	2.47279920870425e-05
Visa_mpagosdolares_delta3	4.40627015989136e-06	3.36035343280693e-05	4.94559841740851e-05
Master_madelantodolares_mean6	4.36426465274738e-06	3.79905240709675e-06	2.47279920870425e-05
thomebanking_lag2	4.2467415685416e-06	4.36515828098375e-06	2.47279920870425e-05
Visa_msaldodolares	4.20747949669767e-06	2.44478350384949e-05	2.47279920870425e-05
tpaquete9_delta3	4.20216650519651e-06	8.14011102233073e-06	2.47279920870425e-05
ccheques_emitidos_lag2	4.16776653836275e-06	3.43232165033029e-05	2.47279920870425e-05
mv_mpagado_lag1	4.09188638483509e-06	4.9573484989764e-05	2.47279920870425e-05
mvr_mpagosdolares_lag3	4.033241333163e-06	1.13808072519777e-05	2.47279920870425e-05
mvr_Master_mlimitecompra_delta1	4.01061683578842e-06	6.40030417218285e-06	2.47279920870425e-05
mv_mpagado_lag2	3.94374567529792e-06	2.28453490288742e-05	4.94559841740851e-05
cseguro_vivienda_lag2	3.92995817626561e-06	1.36038360275319e-05	2.47279920870425e-05
mvr_Visa_mlimitecompra_delta3	3.83866188469741e-06	0.000138600201998767	2.47279920870425e-05
mv_status03	3.76478810753079e-06	2.94271095078789e-06	2.47279920870425e-05
tcallcenter_lag3	3.76154830307893e-06	5.99646938101104e-06	2.47279920870425e-05
mv_msaldodolares_lag2	3.70587418566585e-06	1.7863239304696e-05	4.94559841740851e-05
cseguro_accidentes_personales	3.64691452417588e-06	2.56266394733851e-05	2.47279920870425e-05
ctarjeta_visa_lag1	3.59062292182483e-06	2.8840967833447e-05	2.47279920870425e-05
matm_delta1	3.53967035001242e-06	9.44848660131096e-06	2.47279920870425e-05
ccajas_extracciones_delta3	3.52904162605879e-06	6.93398418207476e-05	2.47279920870425e-05
ccajas_extracciones_delta1	3.44242790718978e-06	8.92746127865002e-06	2.47279920870425e-05
mttarjeta_master_debitos_automaticos_delta1	3.43234223421501e-06	1.03509482022704e-05	2.47279920870425e-05
cinversion2_lag3	3.41996307022917e-06	3.28461432640742e-05	2.47279920870425e-05
Master_mpagosdolares_delta2	3.4011282806636e-06	8.21203198560752e-06	2.47279920870425e-05
mv_mpagosdolares_delta3	3.36282965320615e-06	8.59237196538562e-05	2.47279920870425e-05
mttarjeta_master_debitos_automaticos_lag1	3.31190106471773e-06	1.47619431024253e-05	2.47279920870425e-05
Master_delinquency_delta2	3.23784535690772e-06	2.10664156625678e-05	2.47279920870425e-05
cseguro_vivienda_lag3	3.23239086379503e-06	1.14725749988131e-05	2.47279920870425e-05
ctarjeta_master_debitos_automaticos	3.19550485412047e-06	9.25001876572453e-06	2.47279920870425e-05
Visa_madelantopesos_mean6	3.19290848798932e-06	5.3053287707046e-06	2.47279920870425e-05
Master_mconsumototal_delta2	3.17893310530999e-06	1.59855445630622e-05	7.41839762611276e-05
mv_status05_lag3	3.17634457658649e-06	2.93713494969284e-06	2.47279920870425e-05
Master_mpagado_lag1	3.1435627988841e-06	1.02051215973609e-05	2.47279920870425e-05
cseguro_vivienda	3.08082413642618e-06	1.95370792266347e-05	2.47279920870425e-05
Master_delinquency_lag3	3.03081753543564e-06	4.83306983050204e-06	2.47279920870425e-05
cforex_delta2	3.01831605649746e-06	1.46220705325834e-05	2.47279920870425e-05
catm_trx_other_lag2	2.98107475100896e-06	8.14048905630327e-06	2.47279920870425e-05
catm_trx_delta1	2.9696127778562e-06	9.6680298308668e-06	2.47279920870425e-05
cseguro_vivienda_mean6	2.96304006226258e-06	1.75283012050207e-05	4.94559841740851e-05
Visa_mlimitecompra_delta1	2.93723152166441e-06	5.54972773395531e-06	2.47279920870425e-05
cliente_edad_delta2	2.89274211304784e-06	1.05580163107322e-05	2.47279920870425e-05
mv_status02_delta2	2.80519287323384e-06	3.72939964765523e-06	2.47279920870425e-05
Master_madelantopesos_lag2	2.78462837208036e-06	9.10258551643176e-06	4.94559841740851e-05
Visa_msaldodolares_delta3	2.7672795207453e-06	1.36504287146482e-05	2.47279920870425e-05
mcheques_emitidos_lag1	2.75723479073078e-06	8.51701089295866e-06	2.47279920870425e-05
mv_msaldodolares_delta1	2.73211157361557e-06	2.11696189370728e-05	2.47279920870425e-05
mvr_msaldodolares_delta2	2.7294720803286e-06	0.000192831254547279	9.89119683481701e-05
Master_msaldodolares	2.71515930367359e-06	2.86190618915627e-05	2.47279920870425e-05
mttarjeta_master_debitos_automaticos_delta2	2.57124668284604e-06	1.04464962888313e-05	2.47279920870425e-05
mcheques_emitidos_lag3	2.50409800103511e-06	2.48755804784302e-05	2.47279920870425e-05
mv_status05_lag2	2.39330292444578e-06	2.88921914367269e-06	2.47279920870425e-05
mv_mpagosdolares_delta1	2.31695406824361e-06	5.77802244997558e-05	2.47279920870425e-05
catm_trx_other_delta2	2.28280918119141e-06	1.98620939345308e-05	2.47279920870425e-05
cextraccion_autoservicio_delta3	2.14006497651572e-06	8.5077490606313e-06	4.94559841740851e-05
cforex_sell	2.00953672074065e-06	1.45328545150627e-05	4.94559841740851e-05
mv_msaldodolares_lag1	1.84740255537643e-06	9.03368882493533e-06	2.47279920870425e-05
mpagomiscuentas_delta1	1.75027214893869e-06	6.08455129661416e-06	2.47279920870425e-05
Master_fultimo_cierre_delta1	1.65480601387627e-06	3.04260642803306e-06	2.47279920870425e-05
ccajas_extracciones_lag1	1.60915101571388e-06	7.68665927226231e-06	2.47279920870425e-05
Visa_mpagosdolares_lag2	1.56783237383798e-06	3.3732916455173e-06	2.47279920870425e-05
catm_trx_other_lag1	1.3901110607677e-06	5.10081239155744e-06	2.47279920870425e-05
Master_mconsumosdolares_delta1	1.38977015494816e-06	2.15362173819489e-05	2.47279920870425e-05
mvr_msaldodolares2_delta1	1.28319143237064e-06	3.46180830018885e-05	2.47279920870425e-05
mttarjeta_master_debitos_automaticos_delta3	1.1688536547957e-06	8.41025409911179e-05	4.94559841740851e-05
mv_msaldodolares_delta2	1.15777303790803e-06	5.33708362439843e-05	4.94559841740851e-05
mvr_msaldodolares_delta1	1.1504166672031e-06	4.61862060872625e-05	2.47279920870425e-05
cextraccion_autoservicio_delta1	8.12530176840646e-07	4.66692389956826e-06	2.47279920870425e-05
mvr_mpagosdolares_delta2	5.95495420502999e-07	9.3936338718946e-05	4.94559841740851e-05
mforex_sell_delta1	5.91439519211403e-07	6.60897892502801e-06	2.47279920870425e-05
cforex	4.73157576938228e-07	7.06441535345229e-06	2.47279920870425e-05
mvr_msaldodolares2	4.07473548157766e-07	3.85103207832177e-05	2.47279920870425e-05
mvr_msaldodolares2_delta3	3.84416965505124e-07	7.26014244273776e-06	2.47279920870425e-05
cseguro_accidentes_personales_lag2	2.51480548451162e-07	7.26033145972404e-06	2.47279920870425e-05
ccajas_consultas_lag1	2.21631181793621e-07	4.72263665627216e-05	2.47279920870425e-05
ctarjeta_debito_trx_delta1	1.51760499778465e-07	4.81048230064244e-06	2.47279920870425e-05
