Feature	Gain	Cover	Frequency
Visa_status_tend6	0.0775099452287632	0.00444948653760542	0.0018018018018018
mdescubierto_preacordado	0.0373487757988246	0.00287197123936375	0.00462735462735463
mtarjeta_visa_consumo	0.0350687120230917	0.00978283097192161	0.00335790335790336
mcuentas_saldo	0.0346288527673662	0.00981198868653339	0.00479115479115479
mcaja_ahorro	0.0331316696274342	0.0057913894814235	0.00225225225225225
ctrx_quarter	0.0304012241066139	0.0095075776822274	0.00307125307125307
Master_status	0.0284934110952322	0.002433498673281	0.00204750204750205
ctrx_quarter_avg6	0.0280929540093133	0.00243640424973707	0.00188370188370188
mcaja_ahorro_lag1	0.0266517596617514	0.0067752063722807	0.00331695331695332
ctarjeta_visa_trx	0.0266378443596433	0.00581564698060667	0.00212940212940213
ctrx_quarter_lag1	0.0216455723932531	0.00268077604233404	0.00348075348075348
mcuenta_corriente	0.0162409518466004	0.00362054417368469	0.00536445536445536
mpasivos_margen	0.0130562750139259	0.00504820667385777	0.00331695331695332
internet_avg6	0.0127124658161063	0.00287955384329875	0.0042997542997543
mcuenta_corriente_tend6	0.0114978718332887	0.00162002240765133	0.00405405405405405
mprestamos_personales	0.0109514501944521	0.0099309784487302	0.00548730548730549
mpayroll	0.0104497452237987	0.017889014273491	0.00405405405405405
Visa_Finiciomora	0.00892376716085204	0.00577571975857095	0.00274365274365274
mcaja_ahorro_avg6	0.00815265800566166	0.00179503454954421	0.00253890253890254
Visa_mconsumototal	0.00759516046144419	0.00164513187861279	0.00307125307125307
Visa_Fvencimiento_delta1	0.00710379114103875	0.000222645410087627	0.00040950040950041
mautoservicio	0.00680190932394366	0.00502565477147527	0.00208845208845209
ctarjeta_debito_trx	0.00674843177736387	0.00125528728257461	0.000573300573300573
cpayroll_trx_avg6	0.00659594938934081	0.00787552654625083	0.00245700245700246
mprestamos_personales_tend6	0.00655723015102168	0.00556795850486113	0.00331695331695332
mprestamos_personales_avg6	0.00591674393184297	0.00106932901168279	0.00286650286650287
foto_mes	0.00538810707635426	0.00532468143538032	0.00524160524160524
mdescubierto_preacordado_delta1	0.0052491623622307	0.00612744357726245	0.00196560196560197
cprestamos_personales_tend6	0.00509850085009985	0.00461834558060399	0.00167895167895168
Visa_msaldopesos	0.00505450865406645	0.00289077661513903	0.00438165438165438
ctrx_quarter_tend6	0.00503568869738596	0.00433595992044365	0.00552825552825553
Visa_Finiciomora_delta1	0.0046001122686174	0.00323707641557186	0.00106470106470106
ctarjeta_visa_avg6	0.00456870155064385	0.00077026597640817	0.000163800163800164
mcomisiones_mantenimiento_tend6	0.00442307685927632	0.00545779458614126	0.0042997542997543
mes	0.00432929650055088	0.0116129159490306	0.00454545454545455
mdescubierto_preacordado_tend6	0.00431177867956357	0.002452543493906	0.00106470106470106
Master_status_tend6	0.00428367525318557	0.0022756381120103	0.000982800982800983
tmobile_app	0.00427326687799655	0.00123130284420396	0.00741195741195741
ctrx_quarter_delta1	0.00418696516054404	0.00758885457529384	0.00757575757575758
Visa_mconsumospesos	0.00398912757582259	0.00158935638336477	0.00212940212940213
Visa_mpagominimo	0.00393062700765595	0.00345395200384914	0.00507780507780508
mpayroll_lag1	0.00386406771351611	0.0048472140769183	0.00221130221130221
Visa_mpagospesos	0.00378783429742338	0.00268115711509258	0.00352170352170352
ccomisiones_mantenimiento_tend6	0.00368715625475129	0.00581568417859829	0.00229320229320229
mcuentas_saldo_tend6	0.00357873885408305	0.00269957893824321	0.00384930384930385
mtransferencias_recibidas	0.00351229511097566	0.00418391271641052	0.0024979524979525
mprestamos_personales_delta1	0.00342560591369889	0.0102767073288769	0.00421785421785422
active_quarter_lag1	0.00325410553682816	0.000836881241953186	0.00143325143325143
Visa_mpagospesos_lag1	0.0030702737369566	0.00112814151629059	0.0033988533988534
mcuentas_saldo_delta1	0.0029728437389311	0.00644623174309759	0.00540540540540541
ctarjeta_visa_trx_tend6	0.00291681638368314	0.00385069228091052	0.00307125307125307
Visa_mpagominimo_delta1	0.00289877814811972	0.000823337866517556	0.00225225225225225
Master_fechaalta	0.0028913598207228	0.00127920393793832	0.00569205569205569
mcaja_ahorro_dolares_delta1	0.00286502594364817	0.00681860044713485	0.00319410319410319
Visa_Finiciomora_tend6	0.00284243676125853	0.0021953345366327	0.00143325143325143
cpayroll_trx_lag1	0.00269943050450895	0.00238846292706363	0.000778050778050778
cextraccion_autoservicio_avg6	0.00268490946996401	0.00131585856333405	0.00200655200655201
Visa_fechaalta_avg6	0.00265771537242586	0.00171860783151482	0.00384930384930385
mrentabilidad_annual_delta1	0.00265235218297084	0.00329932877001157	0.00614250614250614
mprestamos_personales_lag1	0.00264868417254257	0.00249944630376172	0.00315315315315315
mactivos_margen	0.00264644091524354	0.00555638414311493	0.00421785421785422
mextraccion_autoservicio	0.0026394853074619	0.000813059648123598	0.00126945126945127
Visa_delinquency	0.00261708461159612	0.00219883555649527	0.00176085176085176
Visa_msaldototal	0.00261692725057672	0.00176776373749963	0.00217035217035217
mpasivos_margen_lag1	0.00260950886751705	0.00119336337262381	0.00393120393120393
mrentabilidad_annual_lag1	0.00252554814078374	0.00186394782434893	0.00556920556920557
mcaja_ahorro_tend6	0.00244625021292909	0.0010639554173683	0.00253890253890254
tpaquete7	0.00243171591128827	0.00268857356799837	0.00225225225225225
cliente_edad_avg6	0.00243108799050314	0.00424466309861106	0.00597870597870598
mpayroll_delta1	0.00240370944700375	0.00976971027588699	0.00364455364455364
Visa_status	0.00234812446023927	0.0030257995383435	0.00233415233415233
mpayroll_tend6	0.00234439344718208	0.00388113814819486	0.00331695331695332
mtarjeta_visa_debitos_automaticos_tend6	0.00233269005940346	0.00438671809547464	0.00376740376740377
mrentabilidad_lag1	0.00233175806337731	0.000742271043460173	0.00368550368550369
Visa_mpagospesos_tend6	0.00231749065979103	0.00162229093405842	0.00458640458640459
tcallcenter	0.00224416408673989	0.00221091470876471	0.00315315315315315
cproductos_tend6	0.0022324626264137	0.00789677266135734	0.0024979524979525
mrentabilidad_annual_tend6	0.00216663335133781	0.00416671374279161	0.00552825552825553
mactivos_margen_avg6	0.00215918547670018	0.00390489554104633	0.00331695331695332
Master_Fvencimiento	0.00211466795463072	0.00167381097906581	0.00569205569205569
Visa_delinquency_avg6	0.00208889005475315	0.00213423531993302	0.00106470106470106
Visa_Fvencimiento	0.00202206263106361	0.00140673325684699	0.00544635544635545
mpasivos_margen_delta1	0.00201378321196009	0.000664600810348163	0.00319410319410319
cliente_edad_lag1	0.00199177577101549	0.00412378698492841	0.00479115479115479
Visa_msaldopesos_lag1	0.00194032361184683	0.00186850416501063	0.00331695331695332
mcuenta_corriente_avg6	0.00189937446837448	0.00260656356919806	0.00466830466830467
Visa_msaldopesos_avg6	0.00188419265093125	0.0015942808463731	0.00348075348075348
thomebanking	0.00187739016965109	0.0013381043400226	0.00495495495495496
Visa_cconsumos_avg6	0.00184884817645184	0.00235847776379394	0.00475020475020475
mpayroll_avg6	0.00184875632599678	0.00304801665880147	0.00241605241605242
Visa_fechaalta	0.00181974482924115	0.00104668314992888	0.00442260442260442
cliente_edad	0.00181851877899796	0.00290349226637608	0.00438165438165438
mcuentas_saldo_lag1	0.00179119916679479	0.00408294221243287	0.00438165438165438
mrentabilidad_annual_avg6	0.0017724811593829	0.000818110859844097	0.00315315315315315
mautoservicio_avg6	0.00177089644948308	0.000740439249028693	0.00163800163800164
cliente_vip_delta1	0.00175876160484899	0.00131010058977289	0.00319410319410319
thomebanking_avg6	0.00174170511398255	0.003064162240406	0.00450450450450451
mcaja_ahorro_delta1	0.00171881326589872	0.00458741393510324	0.00298935298935299
mcuenta_corriente_lag1	0.00171274284730069	0.00185710725146146	0.00348075348075348
Visa_mpagominimo_avg6	0.00170238929784778	0.00228153771348028	0.00384930384930385
mactivos_margen_lag1	0.00169702860664769	0.00177173978949215	0.00434070434070434
Visa_delinquency_lag1	0.00169226849752405	0.000674917879977807	0.00171990171990172
chomebanking_trx_delta1	0.00169207927804969	0.00519133683044934	0.00434070434070434
ccaja_ahorro_delta1	0.00168817511476682	0.0065162923692881	0.00118755118755119
mcomisiones_otras_tend6	0.00167144231006233	0.00175718435314394	0.00417690417690418
Master_Fvencimiento_avg6	0.00166640078942667	0.00129998659362339	0.00450450450450451
mcuenta_corriente_delta1	0.00166396399308544	0.0037318391868903	0.00380835380835381
Visa_msaldopesos_tend6	0.00166300401183294	0.00213894348350864	0.00327600327600328
mcomisiones	0.00165009711929999	0.00138060318321191	0.00376740376740377
mcomisiones_lag1	0.00163750102959493	0.000757143351588796	0.00470925470925471
mactivos_margen_tend6	0.0016123425631429	0.00274125281264072	0.00380835380835381
mrentabilidad_avg6	0.00154335536210701	0.0018090165857402	0.00303030303030303
Visa_fechaalta_lag1	0.00154247738418848	0.00127478371437187	0.00384930384930385
Master_fechaalta_lag1	0.00152435552277374	0.00131637547764715	0.00389025389025389
Visa_cadelantosefectivo	0.00151127389587394	0.00056983245150562	0.000491400491400491
mpasivos_margen_tend6	0.00150499254172226	0.00204213667472565	0.00266175266175266
mcuenta_debitos_automaticos	0.00150148498073178	0.00651729754168371	0.00257985257985258
mactivos_margen_delta1	0.00149298439138864	0.000736390454297022	0.00368550368550369
thomebanking_lag1	0.00149288147407219	0.00077318725868292	0.00466830466830467
mpagomiscuentas	0.00146202201890263	0.00488109345659895	0.00212940212940213
mcheques_depositados_rechazados_delta1	0.00146175444632618	2.97038362368107e-05	8.19000819000819e-05
ccomisiones_otras_tend6	0.00145992444450853	0.000709564915989096	0.00241605241605242
Visa_fultimo_cierre_tend6	0.0014307645612286	0.00284809095536962	0.00303030303030303
mcomisiones_tend6	0.00141616565656831	0.00120384025584706	0.00380835380835381
Master_delinquency	0.00140921568247947	0.00186218408846507	0.0018018018018018
mdescubierto_preacordado_lag1	0.00138928054089089	0.00158149961645454	0.00196560196560197
Visa_Fvencimiento_avg6	0.00138719707994308	0.00170496746576032	0.00364455364455364
cprestamos_personales_avg6	0.00137338989564276	0.0026963374776999	0.00221130221130221
Visa_Finiciomora_lag1	0.00136965674907724	0.00140662496936029	0.00102375102375102
Visa_cconsumos	0.00136358431970552	0.000898465410247243	0.00139230139230139
tcallcenter_tend6	0.00135457094746071	0.00283651852240817	0.00217035217035217
Visa_cconsumos_tend6	0.00134638271224215	0.000599310344385961	0.00307125307125307
mcomisiones_otras_lag1	0.00133862251355856	0.000636217365043309	0.00401310401310401
Master_mfinanciacion_limite_avg6	0.00133767223836875	0.00100490925426504	0.00380835380835381
Visa_mpagospesos_avg6	0.00133538128396889	0.00245628423415897	0.00372645372645373
Visa_msaldototal_lag1	0.00132757134283762	0.000829935963607839	0.00278460278460278
Master_mfinanciacion_limite	0.00131578900176725	0.00125575707943166	0.00352170352170352
ccaja_ahorro_tend6	0.00130406757165096	0.00332953161041737	0.00114660114660115
Visa_mconsumospesos_tend6	0.0012961032752889	0.000977546136093119	0.00323505323505324
ccallcenter_trx_tend6	0.00129349814648875	0.00278295065907727	0.00262080262080262
mtransferencias_recibidas_avg6	0.00129305309547551	0.00182312096199751	0.00319410319410319
Master_fechaalta_avg6	0.00129233708579271	0.000863662142671174	0.00327600327600328
Visa_Fvencimiento_lag1	0.00129004215064176	0.00172157623124561	0.00425880425880426
Master_fultimo_cierre_tend6	0.00128783578910388	0.00202604069044326	0.00348075348075348
Master_fultimo_cierre_avg6	0.00128488906318204	0.00178285592708979	0.00380835380835381
ctarjeta_master_tend6	0.00128334253620128	0.000222548144228074	0.000245700245700246
Visa_msaldototal_tend6	0.00128201628297868	0.00266108370111429	0.00266175266175266
mtarjeta_visa_consumo_tend6	0.00127677693415735	0.000976028458035269	0.00196560196560197
mcuentas_saldo_avg6	0.00127218987880033	0.00163910277302387	0.0027027027027027
Visa_mconsumospesos_avg6	0.0012707632030589	0.00108713830790485	0.00368550368550369
tpaquete9	0.00124193195266546	0.00327128616852617	0.00266175266175266
Visa_fechaalta_tend6	0.00123355952663543	0.00533940136951366	0.00225225225225225
internet_lag1	0.00122706583395216	0.000888656713169656	0.00315315315315315
mcomisiones_avg6	0.00122698131369377	0.0021231858631796	0.00315315315315315
tmobile_app_avg6	0.00122233379545053	0.00050738115669594	0.00372645372645373
mtransferencias_emitidas_avg6	0.00122054948894905	0.00218767037265683	0.00294840294840295
Master_msaldototal_lag1	0.0012152444954196	0.000555508469327455	0.00147420147420147
mcomisiones_mantenimiento_avg6	0.00120040143422333	0.00307079119805229	0.00311220311220311
tmobile_app_lag1	0.00119908847298927	0.000514650746420025	0.00356265356265356
Master_mlimitecompra	0.00119367070188449	0.000989168717458074	0.00331695331695332
Master_status_delta1	0.00119262335085558	0.00185749107962678	0.00118755118755119
chomebanking_trx_tend6	0.00118942719564852	0.00228008396085987	0.00319410319410319
cliente_vip	0.00118690131539471	0.00200277403554042	0.00200655200655201
mrentabilidad_delta1	0.00117984475335938	0.000675363429255139	0.00335790335790336
mcomisiones_otras	0.00117332461775744	0.00218306746562045	0.00290745290745291
Visa_mpagominimo_lag1	0.00116787159864726	0.00099331670683405	0.00319410319410319
mrentabilidad	0.00116615018137481	0.00121719488591783	0.00286650286650287
mextraccion_autoservicio_lag1	0.00116552900995763	0.000298312738006734	0.00151515151515152
mpasivos_margen_avg6	0.00116292720087016	0.00182123102848284	0.00176085176085176
Visa_msaldototal_avg6	0.00115177714786368	0.00112192697182495	0.00290745290745291
mcomisiones_delta1	0.00114881287711162	0.00158109898030782	0.00335790335790336
Visa_mconsumosdolares_avg6	0.00114767066499882	0.000515061302031172	0.0036036036036036
ctarjeta_visa_debitos_automaticos_tend6	0.00114366962847544	0.00271006105673935	0.00241605241605242
Master_Fvencimiento_lag1	0.00113817180465312	0.000651845481253392	0.00348075348075348
mrentabilidad_tend6	0.0011143498727834	0.000753433471891829	0.00307125307125307
Visa_status_delta1	0.00109540743937951	0.00227346326943394	0.00118755118755119
ccajas_trx_avg6	0.00109348708758097	0.00168391670899495	0.00331695331695332
cliente_antiguedad_lag1	0.0010763269941585	0.0017709489877445	0.00335790335790336
Visa_mlimitecompra_lag1	0.00107055148857425	0.00146383492938122	0.00307125307125307
mcomisiones_otras_delta1	0.0010692834717278	0.00082377514957453	0.00286650286650287
Visa_mlimitecompra	0.00105595808553737	0.0010486279160386	0.00290745290745291
mrentabilidad_annual	0.0010475693022644	0.00102160068195392	0.00241605241605242
Visa_fultimo_cierre_avg6	0.00104481668687873	0.00218993256162832	0.00303030303030303
cliente_antiguedad_avg6	0.00103502965597257	0.00149648098898436	0.00294840294840295
cmobile_app_trx_avg6	0.00101956441140338	0.00114041272041302	0.00290745290745291
Master_Fvencimiento_tend6	0.00101909971109303	0.00117643580657335	0.00217035217035217
cproductos_avg6	0.00100415265113256	0.00188358808838043	0.00221130221130221
chomebanking_trx_lag1	0.000991033835291409	0.000535309408799711	0.00311220311220311
Visa_mfinanciacion_limite	0.00098758528096659	0.00111565676814223	0.00286650286650287
ctransferencias_recibidas_avg6	0.000983706990145629	0.00191366335345202	0.00294840294840295
Visa_mconsumototal_tend6	0.000980699243327122	0.000561996625686968	0.00286650286650287
mcomisiones_otras_avg6	0.000975821244643998	0.0010667471955241	0.00245700245700246
Visa_mconsumototal_avg6	0.000973821259845824	0.000733570846532683	0.00303030303030303
mplazo_fijo_dolares	0.000973703007959853	0.00646913055119447	0.00126945126945127
Visa_mconsumosdolares_tend6	0.0009725457496175	0.000800541008471764	0.00274365274365274
Master_mlimitecompra_lag1	0.00097082606031047	0.000930770074949566	0.00266175266175266
ccajas_trx_lag1	0.000969899174539813	0.00109289545484398	0.00294840294840295
internet	0.000959373510672437	0.000686511254030828	0.00225225225225225
cliente_vip_lag1	0.000954019110746224	0.000811406679592544	0.00114660114660115
Master_mlimitecompra_avg6	0.000944480647562699	0.000745842601736471	0.00278460278460278
chomebanking_trx	0.000943975566518921	0.0015598801437285	0.0024979524979525
Master_mfinanciacion_limite_lag1	0.000940300634894205	0.00229185368094721	0.00311220311220311
Visa_mconsumototal_lag1	0.00092407866316642	0.000502466888692717	0.0027027027027027
Visa_mpagominimo_tend6	0.000922183066771712	0.000730723133619124	0.00266175266175266
Visa_mconsumosdolares	0.000916897416912841	0.00171419477200601	0.00282555282555283
tcallcenter_lag1	0.000904535085526858	0.00103156202856746	0.00282555282555283
Visa_msaldototal_delta1	0.000889327871002367	0.00101629018645484	0.00225225225225225
mtarjeta_visa_consumo_lag1	0.000888761166106401	0.00087214328475916	0.00171990171990172
ccaja_seguridad_lag1	0.000885148860263405	0.00347926757923822	0.000941850941850942
Master_Finiciomora	0.000880008198389391	0.00199424357167096	0.000696150696150696
ccaja_seguridad_avg6	0.000873674161690404	0.00392677953282384	0.00106470106470106
mcaja_ahorro_dolares_avg6	0.000861670223747891	0.00113125870798784	0.00241605241605242
mdescubierto_preacordado_avg6	0.000861139363589681	0.00100609876337465	0.00167895167895168
Master_mpagospesos_tend6	0.00085988109187357	0.00233361958593138	0.00286650286650287
Visa_status_avg6	0.000841782871570425	0.00205599196220948	0.00122850122850123
Visa_mpagospesos_delta1	0.000839882981192008	0.000666459332225468	0.00257985257985258
chomebanking_trx_avg6	0.000837435913863021	0.00252836540014581	0.00229320229320229
Visa_mpagosdolares_avg6	0.000832929542529034	0.000858241706441322	0.00241605241605242
Visa_Finiciomora_avg6	0.000829850876524524	0.00101285336757039	0.00110565110565111
ccajas_consultas_tend6	0.000829400695549105	0.00214420768817371	0.00212940212940213
Master_mpagominimo	0.000824004984526326	0.0012808012472523	0.00229320229320229
cliente_antiguedad	0.000818281946790197	0.00135572654412387	0.00266175266175266
ccaja_ahorro_avg6	0.000808403126277703	0.00113502562460528	0.000900900900900901
ccomisiones_mantenimiento_delta1	0.000805619362915036	0.00411868011399083	0.00085995085995086
numero_de_cliente	0.000805548507689337	0.000968779809402759	0.00245700245700246
Master_status_avg6	0.000804458353387237	0.000867868271130339	0.00126945126945127
Master_msaldototal_avg6	0.000795219143529209	0.000591708728144137	0.00221130221130221
Master_msaldopesos	0.000789216739973611	0.00129079069901506	0.00208845208845209
ccomisiones_otras_avg6	0.00078636875389599	0.00477992649211744	0.00241605241605242
mtarjeta_visa_consumo_delta1	0.000782045802046783	0.000640721904057421	0.0015970515970516
tmobile_app_delta1	0.000770817395938216	0.000661922003870599	0.00233415233415233
Visa_mfinanciacion_limite_avg6	0.000769439066581149	0.000702593461279281	0.0024979524979525
Visa_mconsumosdolares_lag1	0.000765864824379891	0.000683734630612354	0.00245700245700246
mcomisiones_mantenimiento_lag1	0.000753311794480707	0.00438514999347261	0.00184275184275184
ccajas_trx	0.000746953540681652	0.000931938367426924	0.00245700245700246
Master_mconsumospesos_avg6	0.000742804435015381	0.000693414650193024	0.00212940212940213
ccomisiones_otras_lag1	0.000737830847829543	0.0018934433518327	0.00167895167895168
mtarjeta_visa_debitos_automaticos_avg6	0.000736449627812429	0.000880242527466576	0.00200655200655201
Visa_msaldodolares_avg6	0.000734341853305498	0.0010143663614367	0.00237510237510238
Visa_mconsumospesos_lag1	0.000730767426483684	0.00111848133563878	0.00208845208845209
mcaja_ahorro_dolares	0.000729401425216076	0.00222596611833443	0.00143325143325143
mcaja_ahorro_dolares_lag1	0.000723444478421991	0.000984630011399812	0.00196560196560197
Visa_Fvencimiento_tend6	0.000720815183690014	0.000828489926126431	0.00143325143325143
Master_cconsumos_tend6	0.000718633603485809	0.000756732244896292	0.00221130221130221
Visa_fultimo_cierre	0.00071441841403258	0.0027098271227032	0.00225225225225225
Visa_delinquency_tend6	0.000713176835264569	0.00249655477988026	0.00106470106470106
cpayroll_trx_tend6	0.000706782119942981	0.00371725371660813	0.00171990171990172
mtransferencias_recibidas_tend6	0.000705028895383796	0.00168185098052732	0.00212940212940213
Master_msaldopesos_avg6	0.000700212904314689	0.000500901266556786	0.00196560196560197
ccaja_ahorro_lag1	0.000698781765872634	0.000763331995230647	0.000655200655200655
Master_msaldototal_tend6	0.000697983612488926	0.0011910061221182	0.00200655200655201
Visa_mlimitecompra_avg6	0.000694948566720852	0.000840153011971144	0.00217035217035217
Visa_mfinanciacion_limite_lag1	0.000689949480462998	0.000750163630658622	0.00188370188370188
Master_msaldototal	0.00068877656947826	0.0015789726328909	0.0018018018018018
Master_fechaalta_tend6	0.000682828349635607	0.00122458433583712	0.00155610155610156
Master_delinquency_lag1	0.000677591064139134	0.000601033851330742	0.00122850122850123
mtransferencias_emitidas_lag1	0.000668463073990859	0.000515937796929868	0.0018018018018018
tcallcenter_delta1	0.000667675347174033	0.000441359681313354	0.00114660114660115
Master_mpagominimo_avg6	0.000666485007179094	0.00155588783483594	0.00192465192465192
mtransferencias_emitidas_tend6	0.000660003032715138	0.00183367747647687	0.00184275184275184
ctransferencias_emitidas_avg6	0.000645928737735486	0.00122514726544354	0.00188370188370188
Visa_mlimitecompra_tend6	0.00064351756147226	0.00189450473452676	0.00151515151515152
Visa_mconsumototal_delta1	0.000641455968034079	0.00108584629766279	0.00212940212940213
Master_cconsumos_avg6	0.000637079086930221	0.000650407709992342	0.00200655200655201
matm_avg6	0.000635087573242259	0.000842438897440992	0.00176085176085176
Visa_cconsumos_lag1	0.000630664129727942	0.000655971702915757	0.0018018018018018
Master_fultimo_cierre_delta1	0.000627526197067775	0.00117216161956656	0.0015970515970516
Master_mpagominimo_tend6	0.000626014344869792	0.00242384207465801	0.00176085176085176
Master_mpagado	0.000625028639128418	0.000772866804873683	0.00102375102375102
cmobile_app_trx_lag1	0.000623985529532049	0.00111775197946247	0.00217035217035217
ctransferencias_emitidas_tend6	0.000622972927963893	0.00149661600391688	0.00184275184275184
mtransferencias_recibidas_lag1	0.000618454935906846	0.00099592414827585	0.00188370188370188
ccallcenter_trx_avg6	0.00061842506955607	0.000646390051357355	0.00147420147420147
Visa_mconsumosdolares_delta1	0.000613866639374184	0.000500031935715734	0.00196560196560197
Visa_msaldopesos_delta1	0.000613234943202413	0.000999539241979371	0.00196560196560197
ctarjeta_visa_debitos_automaticos_avg6	0.000608058442122344	0.00161609071770807	0.00184275184275184
Visa_mpagado_avg6	0.000601963818870574	0.000774014431800144	0.00163800163800164
mcuenta_debitos_automaticos_lag1	0.000597477616813688	0.00112543736007059	0.0018018018018018
Master_msaldopesos_lag1	0.00059238429247988	0.000513200575828437	0.00155610155610156
mforex_sell_avg6	0.000590109076463781	0.00124770963837183	0.00151515151515152
Master_mpagominimo_delta1	0.000587823177693849	0.000521851175433775	0.00167895167895168
ccomisiones_otras_delta1	0.000580552861356947	0.000708463028815287	0.00163800163800164
Master_mconsumospesos_lag1	0.000578437971698267	0.000384696393998808	0.00155610155610156
Master_mfinanciacion_limite_delta1	0.000574600971921452	0.00585860239470045	0.00139230139230139
Master_mpagospesos_avg6	0.000573613250566147	0.000707504147253682	0.00184275184275184
cproductos_delta1	0.000565674103395948	0.00396655052329479	0.00126945126945127
mcuenta_debitos_automaticos_avg6	0.000564040602155477	0.000837309707708443	0.0015970515970516
ctarjeta_visa_trx_lag1	0.000562864930159959	0.000796706308847381	0.0015970515970516
catm_trx_avg6	0.000561268217503906	0.000841117128805642	0.00171990171990172
Master_mpagospesos	0.000558949155834513	0.000537466616772642	0.00155610155610156
cpayroll_trx	0.000552722454207522	0.00162894909901664	0.000163800163800164
Master_mpagospesos_lag1	0.00054763178681935	0.000560844039028291	0.00163800163800164
Master_msaldopesos_tend6	0.00054609513565539	0.000874253099735369	0.00171990171990172
Master_mlimitecompra_delta1	0.000542031283889498	0.00288244674488361	0.00143325143325143
Visa_mconsumospesos_delta1	0.000540310721610739	0.000245512531006469	0.00171990171990172
mtransferencias_emitidas	0.000540211184509963	0.00183460274207569	0.00167895167895168
mtarjeta_master_consumo	0.000536404507795074	0.00123473911200705	0.000696150696150696
Master_mconsumospesos_tend6	0.000535686461062996	0.000798642808736737	0.0015970515970516
Master_mconsumospesos	0.000535399226051643	0.000732424872850294	0.00139230139230139
ctransferencias_recibidas_tend6	0.000532700224959334	0.00185377431141285	0.00188370188370188
Master_Finiciomora_tend6	0.000532370183563208	0.00104021869006773	0.000532350532350532
internet_delta1	0.000531870788417665	0.000322312331114712	0.000900900900900901
mcomisiones_mantenimiento	0.000530598007392834	0.00495929603430206	0.000941850941850942
mautoservicio_lag1	0.000528160023118597	0.000525489965635658	0.00163800163800164
ctarjeta_debito_trx_avg6	0.000527774727625181	0.00127617188831077	0.00163800163800164
Master_mconsumototal_avg6	0.000525700208673721	0.000582696343627768	0.00155610155610156
ccajas_consultas_avg6	0.00052322516821898	0.00193698181000245	0.00139230139230139
Master_mpagominimo_lag1	0.000516978003443218	0.000953474902408699	0.00155610155610156
cproductos_lag1	0.000511471057152773	0.000748473464135954	0.000819000819000819
thomebanking_delta1	0.000510894078503193	0.000504354342341277	0.00155610155610156
mcuenta_debitos_automaticos_tend6	0.000510272725922774	0.00165443578516714	0.00114660114660115
Visa_mpagosdolares	0.000506907899440032	0.000958618144715858	0.00139230139230139
Master_mpagosdolares_avg6	0.00050226188893133	0.00281938319868603	0.00151515151515152
Visa_msaldodolares_tend6	0.00050178098453705	0.000925173568226075	0.00131040131040131
mtarjeta_visa_debitos_automaticos_lag1	0.0004979159435254	0.00093386880542135	0.00155610155610156
mcaja_ahorro_dolares_tend6	0.000495401957813909	0.000979212330576746	0.00126945126945127
cpagomiscuentas_tend6	0.000493481585962958	0.00090035148619241	0.00118755118755119
matm_lag1	0.000492316384096476	0.000346550266909698	0.00135135135135135
thomebanking_tend6	0.000490329275026264	0.00371019436442183	0.00143325143325143
Master_mpagosdolares_tend6	0.000488483270686076	0.000359489381637109	0.000941850941850942
cmobile_app_trx_delta1	0.000487151722933161	0.000708803597094064	0.00176085176085176
Visa_mpagado_tend6	0.000482973508413562	0.00270941326060391	0.00151515151515152
cmobile_app_trx_tend6	0.000480685484432852	0.00126760119550223	0.0015970515970516
Visa_mfinanciacion_limite_tend6	0.000473189740865878	0.00106086936176774	0.00122850122850123
mtransferencias_emitidas_delta1	0.000473091315982943	0.000761444266041407	0.00126945126945127
Master_fultimo_cierre_lag1	0.000472985307827974	0.000446355233816772	0.00143325143325143
active_quarter	0.000466166491431697	0.000601114033668221	0.000900900900900901
cextraccion_autoservicio_tend6	0.000462364341723465	0.000497779941749356	0.00139230139230139
Master_mlimitecompra_tend6	0.000461319982653898	0.000575044578982434	0.00114660114660115
mextraccion_autoservicio_avg6	0.000460328833717717	0.00074013009238728	0.00135135135135135
ccuenta_debitos_automaticos_tend6	0.000457813267322368	0.00182757865909626	0.00106470106470106
mpagomiscuentas_lag1	0.000455689285965654	0.00101234416839629	0.00114660114660115
ccajas_trx_delta1	0.000453788921589519	0.000404343822087951	0.00135135135135135
tcallcenter_avg6	0.000453575239891536	0.00192973426353265	0.00139230139230139
cmobile_app_trx	0.000452061373808278	0.000367105877075579	0.00139230139230139
Master_mfinanciacion_limite_tend6	0.000446531081660837	0.00123674449706606	0.00139230139230139
Master_delinquency_tend6	0.000440511939866328	0.00105233173384064	0.000778050778050778
mtransferencias_recibidas_delta1	0.00043907976907038	0.00094174513571976	0.00139230139230139
mextraccion_autoservicio_tend6	0.000430600599169005	0.000549093331247777	0.00122850122850123
ctarjeta_debito_trx_lag1	0.000426551503909766	0.000759772285203529	0.00110565110565111
internet_tend6	0.000423813137151353	0.00157640624701021	0.00114660114660115
Master_msaldopesos_delta1	0.000421271797173274	0.000815337818454445	0.00114660114660115
ctarjeta_visa_trx_avg6	0.000414718210677634	0.000267881474378361	0.00102375102375102
ccuenta_debitos_automaticos_avg6	0.000412256099884949	0.00202504736629683	0.00135135135135135
Master_mconsumototal_tend6	0.000412028587203208	0.000512846506056408	0.00139230139230139
mpagomiscuentas_avg6	0.000410909465797645	0.00036592187877954	0.00122850122850123
ccajas_otras_tend6	0.000410825686787324	0.00487285919895901	0.00118755118755119
Visa_cconsumos_delta1	0.000410013378469558	0.00135228724537331	0.00131040131040131
ccajas_otras_avg6	0.000407541540178835	0.00400827399501445	0.00114660114660115
Visa_mpagosdolares_tend6	0.000406012806609152	0.000808511573682263	0.00118755118755119
tpaquete7_tend6	0.000405304070423069	0.00115251253823335	0.000327600327600328
ccajas_extracciones_avg6	0.000402620569851339	0.00436350709978888	0.00118755118755119
matm_other_avg6	0.000397048811373943	0.00178014102478333	0.00118755118755119
Master_status_lag1	0.000394483688534406	0.000535330349891286	0.00085995085995086
ctarjeta_visa_tend6	0.000386899443612226	4.1999287938961e-05	0.000122850122850123
Master_msaldototal_delta1	0.000385720005910545	0.000515458631689745	0.00126945126945127
Master_mpagospesos_delta1	0.00038416732560273	0.000768273817301733	0.00126945126945127
Visa_fultimo_cierre_lag1	0.000383905563387809	0.000886956902723237	0.00135135135135135
mtarjeta_visa_debitos_automaticos	0.000381379465323239	0.00119682581679138	0.00110565110565111
Master_mconsumosdolares_avg6	0.00037892030776798	0.000185594006114682	0.00118755118755119
mextraccion_autoservicio_delta1	0.000377689440449507	0.00032605582677447	0.00122850122850123
Master_mconsumototal	0.000376033491562158	0.000569379462629966	0.00131040131040131
mpagomiscuentas_tend6	0.000375438578443102	0.00278442921035875	0.000982800982800983
ccajas_consultas_delta1	0.000374290572563874	0.00318650367941757	0.00106470106470106
ctarjeta_debito_trx_tend6	0.000369415113623449	0.000304619037518356	0.00102375102375102
Visa_mpagado_delta1	0.000369300210145868	0.00131769504195707	0.00106470106470106
ccajas_depositos_avg6	0.000368568793289959	0.00882039548664412	0.00122850122850123
Master_fultimo_cierre	0.000366832570416994	0.000580337990959442	0.00118755118755119
mautoservicio_delta1	0.00036643869421652	0.000366439895255349	0.00131040131040131
tpaquete9_lag1	0.000365561702323875	0.000784696592828962	0.000900900900900901
Visa_madelantopesos_lag1	0.000356981919751408	0.00022464445771103	0.000450450450450451
active_quarter_avg6	0.000356680950215353	0.000896234908453797	0.00110565110565111
mautoservicio_tend6	0.000354315987865357	0.00229981818426278	0.00114660114660115
mtarjeta_visa_consumo_avg6	0.000353745934215268	0.00186220117198715	0.00114660114660115
cpagomiscuentas_avg6	0.000353475770036411	0.000479319542903717	0.00106470106470106
matm_tend6	0.000350018914009756	0.000459647316153498	0.00114660114660115
Visa_madelantodolares	0.000346237705251059	0.000336498818494245	0.000286650286650287
mforex_sell	0.000344345152329667	0.000338265309784891	0.00102375102375102
ctarjeta_debito_trx_delta1	0.000341575626185125	0.000594051926075138	0.00110565110565111
Visa_mpagado	0.000341307418845865	0.00130093803558667	0.000982800982800983
Master_madelantodolares	0.000337690690407089	0.000199162180211387	0.000655200655200655
ccaja_seguridad_tend6	0.000331966460243438	0.0031154089490602	0.000532350532350532
tpaquete9_avg6	0.000327231747163868	0.00070964812927404	0.00085995085995086
mcomisiones_mantenimiento_delta1	0.000325914609494767	0.00293341460637103	0.000982800982800983
catm_trx_other_avg6	0.000325320068728404	0.00100515420992833	0.00102375102375102
Master_Finiciomora_lag1	0.000324882146350437	0.00158545224748937	0.000778050778050778
ccajas_trx_tend6	0.000323345772808773	0.000676425363030548	0.00118755118755119
mtarjeta_master_consumo_lag1	0.00032144107676421	0.000480531370808296	0.00102375102375102
Visa_mfinanciacion_limite_delta1	0.000316081585943463	0.000820549119309223	0.00085995085995086
mprestamos_prendarios	0.000314257218855805	0.00410862894111605	0.000614250614250614
cplazo_fijo_tend6	0.000313563171758758	0.00361023812568219	0.000819000819000819
Visa_msaldodolares	0.000313190525539251	0.00022582818046639	0.00085995085995086
mprestamos_hipotecarios_avg6	0.000309122851367249	0.00425771050082517	0.000737100737100737
mprestamos_prendarios_lag1	0.000304649715882044	0.00353397866084473	0.000737100737100737
ctarjeta_master_trx_tend6	0.000303470736620168	0.00155401994457557	0.000900900900900901
cforex_buy_tend6	0.000301398709009014	0.00218711626035212	0.000614250614250614
ccomisiones_mantenimiento_avg6	0.000294236741774238	0.00344446210733672	0.000900900900900901
catm_trx_tend6	0.000294103988531369	0.000848242610754807	0.000900900900900901
tmobile_app_tend6	0.000293670369126126	0.00196197114522804	0.000819000819000819
Master_mpagosdolares	0.000292969095551827	0.000201084627526133	0.000737100737100737
mplazo_fijo_dolares_delta1	0.000292404329517426	0.00409835237596617	0.000696150696150696
Master_delinquency_delta1	0.000291970824549269	0.000437333756458008	0.000450450450450451
ctarjeta_debito_avg6	0.000286421146552028	0.000936750409838379	0.000696150696150696
mtarjeta_visa_debitos_automaticos_delta1	0.000283654187808695	0.00157146966021202	0.00085995085995086
tpaquete7_delta1	0.000280891631608723	0.002179231112752	0.000327600327600328
mplazo_fijo_dolares_avg6	0.00027493312902344	0.00195025157354421	0.00085995085995086
Visa_mpagado_lag1	0.00027437289621886	0.000373053422623635	0.000900900900900901
ctarjeta_visa_descuentos_avg6	0.000272595547215616	0.00612045669227464	0.000900900900900901
Visa_mlimitecompra_delta1	0.000272522358648851	0.000431029661271815	0.000819000819000819
Master_Fvencimiento_delta1	0.000271465251771932	0.000244348647179969	0.000655200655200655
Master_mpagado_avg6	0.000271292119870022	0.000520070356027841	0.000900900900900901
mplazo_fijo_dolares_tend6	0.000269137875954373	0.00166610410628475	0.000737100737100737
Master_cadelantosefectivo_delta1	0.000263789300910408	6.48994737392369e-05	0.000286650286650287
mcaja_ahorro_adicional_avg6	0.000263016791114432	0.00138755838102168	0.000655200655200655
ccaja_seguridad	0.000261707395753799	0.00320505390452444	0.000327600327600328
mtarjeta_master_consumo_tend6	0.00025719796953736	0.000985520007791761	0.000737100737100737
Visa_delinquency_delta1	0.000257100701471615	0.000670899670261462	0.000655200655200655
matm_delta1	0.000254170724852088	0.000246205515813203	0.000737100737100737
ccajas_extracciones_tend6	0.000252879955077955	0.000922334672614232	0.000941850941850942
Visa_mpagosdolares_lag1	0.000244499564434177	0.000326742198604918	0.000778050778050778
ctarjeta_visa_descuentos_lag1	0.000239609935347513	0.000509853307664537	0.000450450450450451
Master_mconsumosdolares_tend6	0.000239094365505205	0.00016296688112692	0.000737100737100737
Master_mconsumospesos_delta1	0.00023817779843324	0.000140867967620077	0.000696150696150696
mplazo_fijo_dolares_lag1	0.000237390944933874	0.00187279102688863	0.000737100737100737
ctarjeta_visa_trx_delta1	0.000234361955688071	0.000173582636852191	0.000655200655200655
tpaquete7_lag1	0.000234117939173295	0.000631584148532279	0.000368550368550369
matm	0.000233704502528676	0.000203992408307631	0.000532350532350532
ccomisiones_otras	0.00023365309434723	0.00374174266996134	0.000491400491400491
ctarjeta_master_trx_avg6	0.000233520099092396	0.000636983368129878	0.000696150696150696
Visa_fultimo_cierre_delta1	0.000232604874841102	0.000254058700694609	0.00085995085995086
mcheques_emitidos_tend6	0.000231425754520825	0.00184375675450087	0.000532350532350532
mcheques_depositados_avg6	0.000229712428745529	0.0010483804805092	0.000614250614250614
Master_Finiciomora_delta1	0.000229135887791873	0.00189554517612923	0.000573300573300573
ctarjeta_debito_tend6	0.00022605788628307	0.00457718255862465	0.000737100737100737
cforex_sell_avg6	0.000223348417136113	0.00109661883603419	0.000614250614250614
Master_madelantodolares_tend6	0.000221889470827903	0.000147185564299523	0.000737100737100737
Visa_madelantopesos	0.000221601596904965	0.000101308316849636	0.000450450450450451
catm_trx_other_tend6	0.000220253059220697	0.00100935014338239	0.000696150696150696
Master_msaldodolares	0.000219387995060576	0.000445275114356573	0.000532350532350532
Master_madelantopesos_avg6	0.000215039371273664	0.000332059582620966	0.000573300573300573
Visa_cadelantosefectivo_tend6	0.000214197703447321	0.000342647784278374	0.000573300573300573
Visa_fechaalta_delta1	0.000212206249225156	0.000243461681735485	0.000491400491400491
catm_trx_lag1	0.000210107718538066	0.000365416261634268	0.000450450450450451
ccaja_ahorro	0.000209976987132292	0.000516413931222527	0.000122850122850123
mcheques_emitidos_rechazados_lag1	0.000209351899961532	0.0011008450789629	0.000491400491400491
Visa_madelantopesos_tend6	0.000205519540245535	0.000515687054912322	0.000573300573300573
mforex_sell_tend6	0.000203184012773556	0.00219311478092572	0.000778050778050778
mcaja_ahorro_adicional_lag1	0.000201830255236951	0.00179674235067031	0.000655200655200655
cseguro_accidentes_personales_avg6	0.000198671749485434	0.000206386856804857	0.000614250614250614
Master_fechaalta_delta1	0.000195338466842113	8.01908792400444e-05	0.000450450450450451
matm_other_lag1	0.000193270982832722	0.00028562216097144	0.000696150696150696
Visa_status_lag1	0.000189363004749838	0.000382308282937191	0.000491400491400491
ccallcenter_trx_delta1	0.000186809064937438	0.000143111419825418	0.000368550368550369
tpaquete7_avg6	0.000186470564185967	0.000883867816175205	0.000614250614250614
minversion1_pesos_avg6	0.000186382368803029	0.00208767996687304	0.000491400491400491
Master_mconsumototal_lag1	0.000182155560009666	0.000133396682119241	0.000737100737100737
Master_cconsumos_delta1	0.000179689004494391	0.000148637663675861	0.000532350532350532
Master_madelantodolares_lag1	0.000179281632669597	6.62730440221676e-05	0.000491400491400491
mprestamos_prendarios_avg6	0.000178953915971253	0.00148706107980431	0.00040950040950041
Master_mconsumosdolares_lag1	0.000174575340783646	0.000130520588515785	0.000573300573300573
Master_mconsumototal_delta1	0.000173105183789789	0.000188604288028627	0.000655200655200655
cplazo_fijo_avg6	0.000171190378214016	0.000919846815826954	0.000286650286650287
ctarjeta_master_debitos_automaticos_tend6	0.000170956019359538	0.000379579879137476	0.00040950040950041
matm_other_tend6	0.000170005532582127	0.000896415112057616	0.000614250614250614
tcuentas_lag1	0.000169120281166874	0.00157800576064961	0.000491400491400491
Visa_msaldodolares_lag1	0.000166825392343932	0.00031547203376792	0.000573300573300573
mforex_buy_tend6	0.000166438250644961	0.00113676235750264	0.000491400491400491
minversion2	0.000166405512649362	0.00438763481931242	0.000532350532350532
Master_cconsumos_lag1	0.000164635813298577	0.00034038697301028	0.000573300573300573
cprestamos_personales_delta1	0.000163809121172582	0.00102458423642204	0.000204750204750205
ccallcenter_trx	0.00016279198775753	0.00352368859420159	0.000450450450450451
ctarjeta_visa_descuentos_delta1	0.000161445169049671	8.41853924580278e-05	0.000286650286650287
Master_mpagosdolares_lag1	0.000160794705195803	8.35023271157237e-05	0.000491400491400491
mttarjeta_master_debitos_automaticos	0.000159438131331397	0.000127173871433242	0.00040950040950041
ccajas_depositos_tend6	0.000158886978124253	0.000802414685086394	0.000450450450450451
Master_Finiciomora_avg6	0.00015791464008659	0.00211693577396642	0.000573300573300573
Master_mconsumosdolares	0.000156749966151921	0.000247376839238025	0.000532350532350532
mtarjeta_master_consumo_delta1	0.000156702369313181	0.000258952027606257	0.000491400491400491
Visa_msaldodolares_delta1	0.000156339132173113	0.000424460771493466	0.000491400491400491
cforex_tend6	0.000156220337488878	0.00037975898057858	0.000450450450450451
ccajeros_propios_descuentos_delta1	0.00015482509149551	9.95928005845351e-05	0.000368550368550369
mforex_buy_avg6	0.000154789383321647	0.00132325903488048	0.000532350532350532
mtarjeta_visa_descuentos_avg6	0.000153205572323408	0.0009430889476094	0.000532350532350532
Visa_mpagosdolares_delta1	0.000152567760163569	0.000265747136281755	0.000573300573300573
mcheques_emitidos_rechazados_avg6	0.000152343494590926	0.000740444759842266	0.000368550368550369
Master_mpagado_tend6	0.000152197791633581	9.9210901203965e-05	0.00040950040950041
matm_other_delta1	0.000151463206495328	0.000692593538970731	0.000450450450450451
mcuenta_debitos_automaticos_delta1	0.000149530561871939	0.00116815222715194	0.000532350532350532
Visa_madelantopesos_avg6	0.000148194215367504	8.32248576523514e-05	0.000327600327600328
mforex_sell_lag1	0.000144934037623955	0.000128254817515476	0.000368550368550369
mcheques_depositados_rechazados_avg6	0.000143317863057199	0.00113542681183336	0.000368550368550369
Master_madelantodolares_avg6	0.000141125186258702	3.34495362219984e-05	0.000368550368550369
Master_cadelantosefectivo_avg6	0.000140966406703466	0.00026010736967172	0.000532350532350532
mttarjeta_master_debitos_automaticos_lag1	0.000138827755618673	0.000382920258784411	0.000491400491400491
Master_msaldodolares_tend6	0.000138630976382004	0.000271044130287585	0.000368550368550369
mcheques_emitidos_avg6	0.000138393814337518	0.000531894357628869	0.000368550368550369
ctarjeta_visa	0.000138322052258416	0.000130140617919965	0.000368550368550369
cseguro_vida_tend6	0.00013742793559918	0.00171090646954733	0.000450450450450451
ctarjeta_master_trx_delta1	0.000137119864049169	0.000191881293319479	0.000450450450450451
mcheques_depositados_tend6	0.000137096522340948	0.00025663390387701	0.000327600327600328
Master_mpagado_lag1	0.000136568860889443	0.00021598614296669	0.000450450450450451
cprestamos_personales_lag1	0.000133636271923628	0.00085869193991019	0.000327600327600328
mtarjeta_master_descuentos_lag1	0.000132033949430244	4.94160163854299e-05	0.000286650286650287
Master_madelantopesos_tend6	0.000129927483516577	0.000198104104005479	0.000368550368550369
Master_mconsumosdolares_delta1	0.000129418941010248	9.36331312466195e-05	0.000368550368550369
ccheques_emitidos_tend6	0.00012479763612005	0.00258154089355036	0.00040950040950041
mtarjeta_master_consumo_avg6	0.000123654307294897	8.00969198686342e-05	0.000450450450450451
Master_madelantodolares_delta1	0.000121607353506165	2.49626077797617e-05	0.000286650286650287
ccallcenter_trx_lag1	0.000120166138377382	0.000490890047080412	0.000368550368550369
Visa_madelantodolares_lag1	0.000119587336340517	3.88054959330532e-05	0.00040950040950041
mcheques_depositados_lag1	0.000119470360203328	0.00319779395872411	0.000491400491400491
mpagomiscuentas_delta1	0.000119350385192171	0.000755930421521502	0.000450450450450451
mtarjeta_visa_descuentos_lag1	0.000118403756776932	0.000195451198351706	0.000327600327600328
cseguro_vida_avg6	0.000118196695143365	0.00104316174005609	0.000368550368550369
Master_delinquency_avg6	0.000118062604957259	0.000496538630992164	0.000368550368550369
ctransferencias_recibidas_lag1	0.000117323931199736	0.000565982321603235	0.000368550368550369
cextraccion_autoservicio_lag1	0.000117284427932543	0.00220419509823515	0.000450450450450451
ctarjeta_master_trx_lag1	0.000116081181093818	0.000289363727846448	0.000368550368550369
cinversion2_delta1	0.000112411215554609	0.00359124703548953	0.000368550368550369
mttarjeta_master_debitos_automaticos_delta1	0.000112341765726959	0.000526451878144727	0.00040950040950041
tcuentas_delta1	0.000110808937660572	0.00431823328642518	0.000532350532350532
ccuenta_debitos_automaticos_delta1	0.000110650131138288	0.00231063728900887	0.000368550368550369
mttarjeta_master_debitos_automaticos_avg6	0.000108412831482359	0.000173065446998417	0.000368550368550369
cplazo_fijo	0.000108347484103235	0.000814474549508322	8.19000819000819e-05
minversion2_lag1	0.000106104058087297	0.00147034733332045	0.000286650286650287
ctarjeta_master_descuentos_tend6	0.000105529954539852	0.00167427058091775	0.000368550368550369
mprestamos_prendarios_delta1	0.000105071436597996	0.00227707863867814	0.000327600327600328
cprestamos_personales	0.000105014500863287	0.000471555082120827	0.000204750204750205
Visa_cadelantosefectivo_avg6	0.000104483153223835	0.00015594445139156	0.000327600327600328
Master_mpagado_delta1	0.000104395868497346	0.000314030956018727	0.00040950040950041
Master_mpagosdolares_delta1	0.000102472591811361	0.000201662987410561	0.000368550368550369
mcheques_emitidos_rechazados_tend6	0.000101512135523948	0.00117078612049888	0.000245700245700246
cforex_avg6	9.94644799005196e-05	0.000504154575349276	0.000286650286650287
ccheques_depositados_tend6	9.8024625570438e-05	0.00184010446280573	0.000327600327600328
Master_cconsumos	9.64836814599637e-05	0.000171342215594315	0.000368550368550369
Master_msaldodolares_lag1	9.64069477636531e-05	0.000127729636982022	0.000245700245700246
ctarjeta_visa_descuentos_tend6	9.48431611810673e-05	0.0016098648760746	0.00040950040950041
mtarjeta_visa_descuentos_delta1	9.31668182912227e-05	9.22085859381436e-05	0.000327600327600328
mforex_sell_delta1	9.16316174703913e-05	0.000399028642397332	0.000327600327600328
ccheques_emitidos_avg6	9.07457748544824e-05	0.000435836743951055	0.000245700245700246
Visa_madelantodolares_tend6	9.05377386041622e-05	1.3467877289687e-05	0.000204750204750205
mcheques_emitidos_lag1	9.05365209382506e-05	0.000677005651699726	0.000327600327600328
ctarjeta_master	8.9344466807141e-05	4.35023623408441e-06	4.0950040950041e-05
cproductos	8.79003786506105e-05	0.000479623464272237	0.000163800163800164
ctarjeta_master_delta1	8.72292939944633e-05	0.00108512603432887	0.000204750204750205
mpagodeservicios_avg6	8.58698723407001e-05	0.001374697519847	0.000286650286650287
ctarjeta_master_descuentos_lag1	8.58694419051351e-05	4.76175623760639e-05	0.000163800163800164
ctarjeta_visa_debitos_automaticos_lag1	8.55098771237587e-05	0.000249069761167479	0.000245700245700246
Master_madelantopesos	8.46210923338272e-05	0.000237682216001388	0.000286650286650287
ccheques_depositados_avg6	8.29645563945996e-05	0.000711220364386258	0.000245700245700246
Master_cadelantosefectivo	8.12194039716166e-05	6.69530784170068e-05	0.000245700245700246
cforex_sell_tend6	7.97657079401054e-05	0.000847190596443829	0.000286650286650287
mcaja_ahorro_adicional_delta1	7.76232797400138e-05	0.00128973648037865	0.000245700245700246
ccajeros_propios_descuentos_lag1	7.72215820585869e-05	7.25553714947496e-05	0.000286650286650287
mcheques_emitidos_rechazados_delta1	7.64096236209753e-05	0.000262978228002282	0.000163800163800164
mcaja_ahorro_adicional	7.61514708416354e-05	0.000817186145326641	0.000204750204750205
tpaquete9_tend6	7.48664806589401e-05	0.000548263402723767	0.000204750204750205
ctarjeta_master_debitos_automaticos_avg6	7.43008157229573e-05	0.000373105224271216	0.000245700245700246
mprestamos_hipotecarios_lag1	7.3100779345804e-05	0.00120432658514483	0.000245700245700246
ccomisiones_mantenimiento	7.29843778141646e-05	0.00147008694737916	0.000163800163800164
mcheques_depositados_rechazados_tend6	7.20913564319333e-05	0.000325025304636424	0.000163800163800164
Master_msaldodolares_avg6	7.2007444660763e-05	7.11013433336612e-05	0.000245700245700246
cprestamos_hipotecarios_avg6	6.97560066658829e-05	0.00108437408381691	0.000204750204750205
Visa_cadelantosefectivo_lag1	6.88811507016882e-05	7.80220985586105e-05	0.000204750204750205
mprestamos_hipotecarios	6.78529448935407e-05	0.00147103205190683	0.000163800163800164
Visa_madelantodolares_delta1	6.77008894678652e-05	1.05204186504672e-05	0.000163800163800164
cforex_buy_delta1	6.75764158000239e-05	0.000783184701125363	0.000163800163800164
ctransferencias_emitidas_lag1	6.62968660462849e-05	0.000561920300918989	0.000204750204750205
mtarjeta_master_descuentos	6.54215267496244e-05	0.00132841026786732	0.000204750204750205
minversion2_avg6	6.43665523438426e-05	0.00111749600217203	0.000204750204750205
Visa_cadelantosefectivo_delta1	6.27204927568159e-05	1.01737884767607e-05	0.000122850122850123
ctarjeta_debito_delta1	6.17681971128377e-05	0.000794298634397582	0.000204750204750205
ccheques_emitidos_rechazados_avg6	6.16156666522496e-05	9.52271340724478e-05	8.19000819000819e-05
ctarjeta_master_descuentos_delta1	6.14033827462253e-05	2.29586004241437e-05	0.000122850122850123
Master_cadelantosefectivo_lag1	6.10041522039083e-05	2.10066702567854e-05	0.000163800163800164
ccheques_depositados_rechazados_avg6	6.08732361775787e-05	0.000763863788740387	0.000163800163800164
mforex_buy_delta1	6.02585299371603e-05	0.00111852735093211	0.000204750204750205
mcheques_emitidos_delta1	5.94605992044593e-05	6.2685504386509e-05	0.000163800163800164
minversion1_pesos_lag1	5.8160151371876e-05	0.00113521216564471	0.000163800163800164
tcuentas_avg6	5.79046337570954e-05	0.000194516288829141	0.000204750204750205
mcajeros_propios_descuentos_lag1	5.77846462996085e-05	2.7927149941056e-05	0.000163800163800164
Master_madelantopesos_delta1	5.64831128704998e-05	4.15719243464183e-05	0.000204750204750205
active_quarter_tend6	5.5423616989763e-05	0.000155453437902255	0.000204750204750205
cextraccion_autoservicio_delta1	5.42952431210751e-05	5.93555952853619e-05	0.000163800163800164
mttarjeta_master_debitos_automaticos_tend6	5.42249455600881e-05	6.90717106949315e-05	0.000163800163800164
catm_trx_delta1	5.42169660798954e-05	2.41246885760721e-05	0.000163800163800164
mforex_buy_lag1	5.37436321655878e-05	0.000452939829413802	0.000204750204750205
mtarjeta_master_descuentos_delta1	5.2814943751528e-05	3.22454234564202e-05	0.000163800163800164
Master_msaldodolares_delta1	5.13383921101131e-05	0.000326903389901912	0.000204750204750205
ccuenta_debitos_automaticos_lag1	5.08396365676179e-05	0.000112349782923377	0.000163800163800164
minversion1_pesos	5.04124785360892e-05	0.00154131200847752	0.000163800163800164
Visa_madelantopesos_delta1	4.99843026713851e-05	1.28818022662579e-05	0.000204750204750205
cseguro_vida_lag1	4.97017896591865e-05	0.000409329455126938	0.000163800163800164
cseguro_vivienda_avg6	4.9486325715952e-05	0.00020326084780589	0.000122850122850123
cliente_edad_tend6	4.74734285422918e-05	5.90006988912967e-05	0.000163800163800164
ccheques_depositados_rechazados_tend6	4.30862868226125e-05	0.000117847646083922	0.000122850122850123
ctarjeta_master_avg6	4.28884773064387e-05	0.000270126579827773	0.000163800163800164
mcajeros_propios_descuentos_avg6	4.21387242411923e-05	0.000679490201998861	0.000163800163800164
ccheques_emitidos_rechazados_tend6	4.20387643109413e-05	9.42704568362722e-05	8.19000819000819e-05
ctarjeta_visa_delta1	4.1968961145824e-05	0.000122705428248029	0.000122850122850123
cinversion2_tend6	4.01096198720177e-05	0.00159058033505921	0.000163800163800164
Visa_madelantodolares_avg6	3.93772771474794e-05	5.17079637502078e-06	0.000122850122850123
cseguro_accidentes_personales_tend6	3.85768626805625e-05	0.000141437234662111	0.000122850122850123
ctransferencias_recibidas_delta1	3.85331159064419e-05	4.93096576834818e-05	0.000122850122850123
ccajas_depositos_lag1	3.81066327425621e-05	0.000965669230681795	0.000163800163800164
mcheques_depositados_delta1	3.71768977996227e-05	0.000288125723577399	0.000163800163800164
tpaquete9_delta1	3.69418457537332e-05	0.000151234359031195	4.0950040950041e-05
ccaja_seguridad_delta1	3.64061432818501e-05	0.00161176831108253	0.000163800163800164
cseguro_accidentes_personales_delta1	3.63649891473294e-05	0.00165613366682881	0.000204750204750205
mcaja_ahorro_adicional_tend6	3.3257367794222e-05	0.000324693002578006	0.000122850122850123
cinversion1_lag1	3.30792158727101e-05	0.000537017485466488	8.19000819000819e-05
cseguro_auto_avg6	3.26111432985053e-05	0.000260857942480286	0.000122850122850123
cseguro_accidentes_personales_lag1	3.04399806721669e-05	7.51650172619788e-05	8.19000819000819e-05
ccajas_extracciones_lag1	3.0143379797798e-05	0.000226731953892271	0.000122850122850123
ctarjeta_visa_debitos_automaticos_delta1	2.97374863203738e-05	0.000187399348641013	0.000122850122850123
ctarjeta_debito_lag1	2.97127457829999e-05	0.000567917719329876	0.000122850122850123
Master_cadelantosefectivo_tend6	2.90447547312185e-05	3.79281744123207e-06	8.19000819000819e-05
cforex_lag1	2.89394553255733e-05	0.0014871938904114	0.000163800163800164
mcajeros_propios_descuentos_delta1	2.87060181909481e-05	5.44664014838928e-05	0.000122850122850123
matm_other	2.86509646178578e-05	0.000135097043647018	0.000122850122850123
ccheques_emitidos_rechazados_lag1	2.82255663590405e-05	3.55009365743394e-05	8.19000819000819e-05
mtarjeta_master_descuentos_avg6	2.82228475274879e-05	0.000218673215664612	8.19000819000819e-05
mcheques_depositados_rechazados_lag1	2.71678634412274e-05	0.000231822843470491	8.19000819000819e-05
Master_madelantopesos_lag1	2.66758247679343e-05	9.27221937630951e-06	0.000122850122850123
cextraccion_autoservicio	2.63844485861422e-05	2.82250094146464e-05	4.0950040950041e-05
ccajas_consultas	2.62987957117548e-05	0.000296641583790891	4.0950040950041e-05
minversion1_pesos_tend6	2.59622552571943e-05	0.000699833921382881	0.000122850122850123
mtarjeta_visa_descuentos	2.56086107799262e-05	0.000870325818442969	0.000122850122850123
ctarjeta_master_descuentos_avg6	2.47417840812425e-05	6.26215789490687e-05	8.19000819000819e-05
cseguro_auto_lag1	2.44799506456578e-05	0.000278822092563727	8.19000819000819e-05
cprestamos_prendarios_avg6	2.43142160123001e-05	0.000479835906135454	8.19000819000819e-05
cinversion1_avg6	2.42734093378138e-05	0.000498825894165405	8.19000819000819e-05
cinversion2_avg6	2.35326950737008e-05	0.000534290183829488	8.19000819000819e-05
cplazo_fijo_delta1	2.3490024215627e-05	0.000138945244764653	4.0950040950041e-05
ccomisiones_mantenimiento_lag1	2.33328830813885e-05	0.000128472770192266	8.19000819000819e-05
ccheques_emitidos_rechazados_delta1	2.24237084377376e-05	4.87770375517054e-05	4.0950040950041e-05
active_quarter_delta1	2.22574870146005e-05	0.000176409408674174	8.19000819000819e-05
cpagomiscuentas_lag1	2.21336287486111e-05	0.00010602061353543	8.19000819000819e-05
mcheques_emitidos_rechazados	2.13384700900949e-05	0.000136060058318802	4.0950040950041e-05
ccajas_extracciones_delta1	2.08603823693467e-05	1.14090373390233e-05	8.19000819000819e-05
cpayroll_trx_delta1	2.05307537764852e-05	0.000228487148015093	8.19000819000819e-05
mplazo_fijo_pesos_avg6	2.01565244530007e-05	0.00101841267630226	0.000122850122850123
cseguro_vivienda_delta1	1.89772713718744e-05	0.000142272398459014	4.0950040950041e-05
ccajas_otras_delta1	1.87759810321919e-05	5.56727185749e-05	4.0950040950041e-05
ccheques_emitidos_lag1	1.86146143690576e-05	0.000157907403186063	8.19000819000819e-05
catm_trx_other_delta1	1.85855459663002e-05	4.6066268355422e-05	8.19000819000819e-05
ccheques_depositados_delta1	1.7909011200718e-05	5.56316630137853e-06	4.0950040950041e-05
cprestamos_hipotecarios	1.75569667682649e-05	0.000407237274754161	4.0950040950041e-05
catm_trx_other_lag1	1.73887110617025e-05	0.000343752151318291	8.19000819000819e-05
cinversion1	1.71459191274649e-05	0.000814474549508322	8.19000819000819e-05
minversion2_delta1	1.59741407587202e-05	0.000814391060682699	8.19000819000819e-05
cprestamos_prendarios_delta1	1.53280656189585e-05	0.000311848122762683	4.0950040950041e-05
cforex_sell_lag1	1.46004269155426e-05	2.17594473907807e-06	4.0950040950041e-05
ctarjeta_master_debitos_automaticos_lag1	1.4515567840398e-05	6.84762672884293e-05	4.0950040950041e-05
mprestamos_prendarios_tend6	1.37028280498732e-05	0.000296223864122101	4.0950040950041e-05
cprestamos_prendarios_tend6	1.32829400577505e-05	0.000152113058255321	4.0950040950041e-05
cplazo_fijo_lag1	1.20465769933006e-05	0.000215285718561633	4.0950040950041e-05
cforex_sell_delta1	1.14205362954023e-05	1.69837763489039e-05	4.0950040950041e-05
ctarjeta_master_lag1	1.11954817637559e-05	3.07641167681482e-06	4.0950040950041e-05
ctarjeta_master_trx	1.11851188114467e-05	0.000124825713770025	4.0950040950041e-05
mcheques_depositados	1.08806076031606e-05	5.68487261912588e-05	4.0950040950041e-05
cprestamos_prendarios_lag1	1.08113928728479e-05	7.74966424844783e-05	4.0950040950041e-05
ccheques_depositados_rechazados_lag1	1.00190367128777e-05	4.78448834359271e-06	4.0950040950041e-05
ccajas_otras_lag1	9.99843803740627e-06	5.946994466699e-06	4.0950040950041e-05
cseguro_accidentes_personales	9.93203686904364e-06	5.64814304666556e-05	4.0950040950041e-05
minversion1_pesos_delta1	9.71461539474974e-06	0.000169949357463881	4.0950040950041e-05
cliente_edad_delta1	9.4650049462851e-06	9.54638235153842e-06	4.0950040950041e-05
ccheques_depositados_lag1	9.30356429663599e-06	0.000345204801775986	4.0950040950041e-05
cseguro_vivienda_lag1	9.09826139858622e-06	5.71667001343886e-05	4.0950040950041e-05
ctransferencias_recibidas	8.8576026269478e-06	1.43044187899834e-05	4.0950040950041e-05
minversion2_tend6	8.81878183349385e-06	0.000144042471778482	4.0950040950041e-05
mtarjeta_visa_descuentos_tend6	8.70952172918805e-06	3.45864170619929e-05	4.0950040950041e-05
cpagomiscuentas_delta1	8.13173752549843e-06	0.00013482067634636	4.0950040950041e-05
mprestamos_hipotecarios_tend6	8.03498390804232e-06	0.000371847381073306	4.0950040950041e-05
ccheques_emitidos_delta1	8.03076252792304e-06	3.23358007990082e-05	4.0950040950041e-05
cinversion2_lag1	7.20161225183383e-06	0.000309250049703956	4.0950040950041e-05
minversion1_dolares_lag1	6.7467314040689e-06	0.000407237274754161	4.0950040950041e-05
mforex_buy	6.30517435213006e-06	0.000341726651789741	4.0950040950041e-05
minversion1_dolares_avg6	5.26183588158933e-06	0.000371137588285176	4.0950040950041e-05
