Feature	Gain	Cover	Frequency
ctrx_quarter_normalizado_rank	0.0981335946530788	0.00903306735608017	0.00734938788659794
mpasivos_margen_por_ctrx_q_rank	0.0397814930014383	0.00620672126554368	0.00503382731958763
mtarjeta_visa_consumo	0.0273467499481984	0.0060367672625208	0.00483247422680412
ctrx_quarter_normalizado	0.0243747359140278	0.00275664156483045	0.00241623711340206
rf_029_050	0.0231205912264671	0.00156475142688253	0.000684600515463918
mcuentas_saldo_rank	0.0139431842163728	0.00474173549942662	0.00616140463917526
mv_status04_delta6	0.0136344792035415	0.000870023113529382	0.000342300257731959
rf_013_034	0.011051518688353	0.00202995716825828	0.000543653350515464
rf_009_022	0.010832843604337	0.000679439710329354	0.000201353092783505
rf_012_036	0.0108274326309197	0.00217638962327463	0.000563788659793814
exp_totalcomisiones_lag6	0.010572588488736	0.00668473739405224	0.00515463917525773
exp_totalcomisiones	0.00995249218102053	0.00622526487881041	0.00640302835051546
rf_041_040	0.00977225296262805	0.00238916676683461	0.000865818298969072
mpayroll	0.0097547797168494	0.00528405353548407	0.00295989046391753
mprestamos_personales_ratioavg6	0.00921401641754742	0.00726702405299361	0.00245650773195876
rf_026_036	0.00827852639961364	0.00338533160678917	0.000684600515463918
mcaja_ahorro_rank	0.00808643954516575	0.00182003185448174	0.00126852448453608
rf_032_036	0.00774761976327159	0.00237443455284492	0.000885953608247423
rf_039_033	0.00730183291825504	0.000561998618219929	0.000422841494845361
rf_010_048	0.00728778851379739	0.00025657598080904	4.0270618556701e-05
cproductos_sobre_ctrx_q_rank	0.00707665336413527	0.000489700298224522	0.000664465206185567
mtarjeta_visa_consumo_ratiomax6	0.0069961842783686	0.00121219430588775	0.00177190721649485
mdescubierto_preacordado_delta2	0.00664102336766936	0.00459222812143924	0.00076514175257732
rf_035_056	0.00622157878697914	0.00309515456648639	0.00167123067010309
rf_008_046	0.00606803102179336	0.00108039998942054	0.000201353092783505
cpayroll_trx_ratiomax6	0.00597772210040661	0.00568924720939989	0.00249677835051546
exp_totalcomisiones_lag2	0.00590706585111045	0.00745285799038087	0.00575869845360825
total_comisiones	0.00586100262696711	0.0070168559536207	0.00676546391752577
cproductos_ratiomax6	0.00545988141811768	0.00299845038934331	0.00175177190721649
mprestamos_personales_ratiomax6	0.00484651448767637	0.00272331198017943	0.000825547680412371
ctrx_quarter_ratiomax6	0.00468947666545522	0.00204764872682062	0.00418814432989691
rf_013_031	0.00457888080050588	0.000122787265002237	6.04059278350516e-05
ctarjeta_visa_trx_ratiomax6	0.00455818121846756	0.00194761965482162	0.0020336662371134
mpasivos_margen_sobre_edad_rank	0.00451624279545641	0.00158257469106163	0.00185244845360825
rf_040_043	0.00448126053878129	0.00123712160976303	0.000362435567010309
ratio_totalcomisiones_antiguedad_lag1	0.004451223978784	0.00605813045113421	0.00408746778350516
rf_038_045	0.00425240492301182	0.0018482087928605	0.00078527706185567
mpasivos_margen_por_edad_rank	0.00417794787084225	0.00107407543194604	0.0020336662371134
total_comisiones_rank	0.0041223139315636	0.00493097765563142	0.00420827963917526
ratio_totalcomisiones_antiguedad_lag6	0.00394203279754659	0.00360396293062092	0.00422841494845361
ratio_totalcomisiones_antiguedad_lag2	0.00389250514922795	0.00295386669413311	0.00225515463917526
mv_status04	0.00373116110574414	0.000161140478178476	0.000161082474226804
total_comisiones_lag2	0.00372215649108455	0.00312530440124691	0.00255718427835052
total_comisiones_lag6	0.00358513609355796	0.00396021049675488	0.00354381443298969
cpayroll_trx_ratioavg6	0.00349302229783971	0.00255173987957914	0.000604059278350516
rf_034_041	0.003476990486886	0.000111882577507949	4.0270618556701e-05
mcuentas_saldo_ratiomax6	0.00334692668479779	0.00506387937442735	0.00670505798969072
mv_mpagominimo	0.00332072788961116	0.00403225346912595	0.00388611469072165
ratio_total_mcaja_ahorro_antiguedad_rank	0.00330025780548095	0.00616008941359929	0.00658424613402062
mtarjeta_visa_consumo_rank	0.00328383263132303	0.00151577575253364	0.000966494845360825
cpayroll_trx_rank	0.00323781027525153	0.00200988415711523	0.000966494845360825
mcuenta_corriente_delta6	0.00323034610927789	0.001940440354773	0.00165109536082474
ctarjeta_visa_trx_rank	0.00312866141920076	0.00267162693314279	0.00287934922680412
mv_mpagospesos_delta6	0.00312703056473728	0.00299589960096961	0.00259745489690722
ratio_deuda_acumulada_cproductos_sobre_ctrx_q_rank	0.00309935481633868	0.0015373593464649	0.0020336662371134
Visa_Finiciomora_max6	0.00302150261372705	0.00107221273822321	0.000221488402061856
ratio_comisiones_rank	0.00300670750913407	0.0015505917291453	0.00291961984536083
cliente_edad_lag2	0.00297769092531872	0.00669513407416757	0.00664465206185567
mpayroll_sobre_edad	0.00292621938353855	0.00267010022313619	0.000865818298969072
mcuentas_saldo_delta6	0.00279955094809645	0.00210107282557252	0.00138933634020619
foto_mes	0.00276948543381018	0.00399998828088798	0.00324178479381443
rf_014_039	0.00275691512438199	0.00344278482226623	0.000684600515463918
mcomisiones_mantenimiento_avg6	0.00272311702929058	0.00274444401199607	0.00291961984536083
total_deuda_acumulada_rank	0.00271461767575157	0.00311413092677963	0.00332232603092784
exp_totalcomisiones_lag1	0.00270415528869502	0.00339566377803099	0.00340286726804124
mcaja_ahorro_ratioavg6	0.00268967730544513	0.00159795736952597	0.00281894329896907
cproductos_sobre_antiguedad_delta6	0.00268863371875771	0.00817020741538102	0.00547680412371134
cpayroll_trx	0.00268071775880921	0.00106639618812766	0.000281894329896907
mdescubierto_preacordado_delta6	0.00266401699908664	0.00144588038807678	0.000302029639175258
rf_046_056	0.00266006879625387	0.000883266247688701	0.000926224226804124
Visa_status_max6	0.00265219844600862	0.00191014268717733	0.00038257087628866
mcuentas_saldo	0.00257508964032242	0.00241247597313248	0.00235583118556701
mpayroll_rank	0.00250967742260028	0.00360796516864877	0.00451030927835052
total_mcaja_ahorro_lag6	0.00244731919652123	0.00485893199539063	0.00618153994845361
mpayroll_min6	0.0024128950566111	0.00205277180652585	0.00153028350515464
cproductos_ratioavg6	0.00241074051056359	0.00107418294673524	0.000543653350515464
mcomisiones_otras_rank	0.00237488758326941	0.00133040681660966	0.00189271907216495
ratio_totalcomisiones_antiguedad_rank	0.00236058620199808	0.00288407346872599	0.0020336662371134
ccaja_ahorro_rank	0.00233001101630004	0.00341111902897803	0.00338273195876289
ctarjeta_visa_trx	0.00221024306276588	0.00101501755824022	0.00118798324742268
mcomisiones_otras_min6	0.00220786709607016	0.00305425862854565	0.00332232603092784
mcomisiones_mantenimiento_rank	0.00220771108244004	0.00134814675682714	0.00140947164948454
mcaja_ahorro_delta6	0.00220623606221093	0.00241064284597668	0.0038257087628866
mprestamos_personales_tend6	0.00220088348294123	0.00127574898565172	0.000644329896907217
mcomisiones_por_edad_rank	0.00218315399258935	0.00172344594360677	0.00251691365979381
ctarjeta_visa_trx_delta6	0.00216823202598808	0.00305279373954284	0.00239610180412371
mcomisiones_mantenimiento	0.00214084645607831	0.00125535074227135	0.000946359536082474
mtarjeta_visa_debitos_automaticos_delta6	0.00208269513857997	0.00347930759615639	0.00324178479381443
mcuenta_corriente_lag2	0.00206531538971117	0.00268967329050948	0.00283907860824742
rf_003_050	0.00203845589408618	0.000711256024322426	0.000483247422680412
Master_Fvencimiento_min6	0.00201894275929155	0.00216875876111138	0.00489288015463918
ratio_total_mcaja_ahorro_antiguedad	0.00201796447829549	0.00520876361647927	0.00404719716494845
ratio_totalcomisiones_antiguedad	0.00201150118464211	0.00491874516049055	0.00201353092783505
mrentabilidad_annual_max6	0.00199985481481082	0.00281769383787587	0.00289948453608247
mrentabilidad_annual_por_edad_lag6	0.00198337137235972	0.00189375474543401	0.00376530283505155
mrentabilidad_annual_exp_delta6	0.00194520798418286	0.00414714646073141	0.00418814432989691
mdescubierto_preacordado_tend6	0.00194050821862603	0.00127384328601321	0.000261759020618557
mtarjeta_visa_consumo_ratioavg6	0.00192226360774067	0.000670986360028754	0.000745006443298969
ccaja_ahorro_max6	0.00187604545196088	0.00229184437965364	0.00100676546391753
chomebanking_trx_ratioavg6	0.00186198116713011	0.00332345415773667	0.00444990335051546
rf_037_029	0.00180385088837531	0.000233742527453364	0.000181217783505155
Master_fechaalta	0.00176098533556909	0.00319643887364926	0.00344313788659794
mcuenta_corriente_tend6	0.00175887024107041	0.00201567382851348	0.0019128543814433
Master_fechaalta_min6	0.0017526872699321	0.00265519598548378	0.00392638530927835
mv_status07_delta6	0.00173926214522224	0.000400565162240892	0.000100676546391753
mrentabilidad_annual_sobre_ctrx_q	0.00173394178824988	0.00198623359136166	0.0038257087628866
mrentabilidad_annual_por_ctrx_q_delta6	0.00171464981825823	0.0022975722300481	0.00336259664948454
cproductos_sobre_antiguedad_delta2	0.0017105122616805	0.0030851207487846	0.00366462628865979
Visa_status_avg6	0.0016927408723851	0.00036336773304852	0.000342300257731959
exp_totalcomisiones_rank	0.00165413910016647	0.00229716636171889	0.00217461340206186
ratio_totalcomisiones_antiguedad_delta6	0.00164853967450379	0.00189550992436765	0.00408746778350516
mcuentas_saldo_tend6	0.00164807994042549	0.0021207265290377	0.00318137886597938
rf_047_025	0.00163438446534235	0.000215352122761246	0.000221488402061856
total_comisiones_lag1	0.00162951293165245	0.00240762436826998	0.00159068943298969
mrentabilidad_annual_sobre_antiguedad	0.00161042884708571	0.00308611526058467	0.00384584407216495
mcomisiones_max6	0.00160453843005205	0.00183326692503187	0.0020739368556701
ratio_total_mcaja_ahorro_ctrx_q_delta1	0.00159734172374237	0.00269247673863778	0.00352367912371134
mpasivos_margen_avg6	0.00158741713255626	0.00186011605576405	0.00298002577319588
mes	0.00157521145590762	0.00359428928746294	0.00102690077319588
mactivos_margen_ratioavg6	0.00156704164741797	0.00188966918344453	0.00364449097938144
mpasivos_margen_por_edad	0.00155433981147743	0.000952301493831984	0.000986630154639175
mtransferencias_emitidas_max6	0.00154457556728692	0.00377096296481062	0.00420827963917526
mcuenta_corriente_avg6	0.00153735272101341	0.00202023245557543	0.00340286726804124
Visa_Finiciomora	0.00153407905365415	0.00192293963496149	0.000221488402061856
rf_020_030	0.00152990865510665	0.00112645663724274	0.000201353092783505
mpayroll_avg6	0.00151876086667662	0.00322451636084802	0.00277867268041237
total_mcaja_ahorro_lag2	0.0014961730361197	0.00275346181493995	0.00322164948453608
Visa_cconsumos_avg6	0.00149543547762452	0.0034721847413721	0.00364449097938144
mv_status07_delta2	0.00148952755467979	0.000269098765880741	4.0270618556701e-05
cpayroll_trx_lag1	0.00148225364119643	0.00106461950623618	0.000342300257731959
ccomisiones_mantenimiento_ratioavg6	0.00147259392566731	0.00130831252742971	0.00181217783505155
mcomisiones_ratiomax6	0.0014629856823078	0.00185090741406934	0.0039867912371134
Master_Fvencimiento_lag6	0.00144349621788901	0.00264217863238178	0.00354381443298969
mrentabilidad_annual_sobre_antiguedad_rank	0.00142594424731618	0.00304072789232523	0.00312097293814433
ratio_total_mcaja_ahorro_ctrx_q	0.001414798533744	0.00262158417451113	0.00281894329896907
cliente_vip_lag2	0.00140786161625836	0.00405044228358832	0.000543653350515464
cmobile_app_trx_delta6	0.00139795469285032	0.00124143295280982	0.00189271907216495
Visa_mpagominimo	0.00139598438920687	0.00315884632760659	0.00322164948453608
ctarjeta_visa_ratioavg6	0.00138739204252327	0.000345643920049422	0.000241623711340206
cliente_antiguedad_lag6	0.00137377576010232	0.0021322252357423	0.00380557345360825
rf_028_041	0.0013612357895729	0.00204201226399697	0.00142960695876289
mrentabilidad_sobre_edad_rank	0.00135990782219879	0.00168364128077638	0.00247664304123711
mcaja_ahorro_dolares_delta1	0.00133013108931462	0.00500654442521841	0.000946359536082474
mrentabilidad_annual_sobre_edad_delta6	0.00132949543826656	0.00465099839308396	0.00275853737113402
mdescubierto_preacordado_delta1	0.00132005662530329	0.00267136083403953	0.00038257087628866
mv_Finiciomora_lag1	0.00131645589240358	0.00306413386193338	0.000362435567010309
Visa_msaldototal_delta6	0.0013147017355789	0.00139892061602534	0.00233569587628866
rf_001_025	0.00130791088554652	0.0019661148864332	0.000241623711340206
rf_022_038	0.00130757810775203	0.00043010753844245	0.000201353092783505
mrentabilidad_annual_tend6	0.00130164149608583	0.00232080886386327	0.00247664304123711
Master_status_max6	0.00128064166846184	0.00203134679690865	0.000422841494845361
cextraccion_autoservicio_rank	0.00127944890783522	0.00143764744309404	0.00340286726804124
mv_fechaalta_delta2	0.00127620681091216	0.00426140242721088	0.00076514175257732
mrentabilidad_sobre_antiguedad_delta6	0.00127349469135963	0.00313624940678715	0.00414787371134021
mrentabilidad_annual_ratioavg6	0.00127162833816031	0.00174904252704481	0.00231556056701031
mrentabilidad_sobre_antiguedad_lag1	0.00125842529546979	0.00282403183469902	0.00340286726804124
cproductos_sobre_edad_lag1	0.00125637871126312	0.00263842099049935	0.00334246134020619
rf_012_039	0.0012560586902296	4.15248994575449e-05	2.01353092783505e-05
mcomisiones_otras_avg6	0.00124936863185621	0.0025796211522876	0.001953125
Visa_mpagominimo_avg6	0.0012457829991048	0.00322098987576236	0.00380557345360825
cproductos_sobre_edad_lag2	0.00123923034405173	0.0020512316571706	0.00344313788659794
mv_status05_delta2	0.0012342089395244	0.000210556963163068	0.000100676546391753
cliente_edad_min6	0.00123307814160344	0.00264891443392496	0.00277867268041237
rf_015_031	0.00122912428535917	0.00012576542466299	6.04059278350516e-05
ccallcenter_trx_tend6	0.00121284564426232	0.00406837575042635	0.00161082474226804
mrentabilidad_annual_sobre_ctrx_q_delta6	0.00120403426666119	0.00165671420182203	0.00346327319587629
mrentabilidad_annual_sobre_ctrx_q_delta1	0.00119973339913638	0.00137756011528166	0.00217461340206186
chomebanking_trx_tend6	0.00119447848143284	0.00259661386472016	0.00283907860824742
mv_msaldototal	0.00119262047661103	0.00182617632468434	0.00314110824742268
mcomisiones_por_edad_lag2	0.0011918733628551	0.00105226605695746	0.00249677835051546
mcaja_ahorro_lag1	0.00119018860992553	0.00165789417663347	0.00332232603092784
mrentabilidad_annual_sobre_ctrx_q_rank	0.0011674129412431	0.00130205785456819	0.00251691365979381
ccomisiones_mantenimiento_rank	0.00116414450930201	0.00141124987447648	0.0018323131443299
mcomisiones_tend6	0.00116134343788959	0.00146438637116729	0.00269813144329897
mv_Finiciomora	0.00115993770670962	0.00211066583263861	0.000342300257731959
ctransferencias_recibidas_ratiomax6	0.00115907824848446	0.00139949850801727	0.00314110824742268
mtarjeta_visa_debitos_automaticos_max6	0.00114677749074377	0.0014594917603891	0.00243637242268041
ratio_total_mcaja_ahorro_ctrx_q_lag6	0.00113698387005392	0.00209297427407627	0.00293975515463918
mcomisiones_otras	0.00113413631221378	0.00121392260612409	0.00155041881443299
Visa_mpagospesos_tend6	0.00112348611393198	0.00172916035465258	0.00316124355670103
mv_Fvencimiento_lag2	0.00112293218950462	0.00189364185490535	0.00312097293814433
mcaja_ahorro_max6	0.00112128728993621	0.00220205877919537	0.00348340850515464
ratio_totalcomisiones_ctrx	0.00112077150417119	0.00227591606363413	0.00151014819587629
mrentabilidad_annual_sobre_edad_lag6	0.00111784336867453	0.00179326873558092	0.00181217783505155
Visa_mlimitecompra_lag6	0.00111728577665443	0.00156013097881679	0.00259745489690722
total_deuda_acumulada_delta2	0.0011151475331894	0.0028781359644926	0.00078527706185567
mrentabilidad_annual_sobre_ctrx_q_lag1	0.00111194425267063	0.00176936551007274	0.00348340850515464
ratio_totalcomisiones_antiguedad_delta1	0.0011092355967977	0.000837610092456268	0.00134906572164948
Visa_Fvencimiento_tend6	0.0011083488926919	0.00207882263994824	0.001953125
Visa_fultimo_cierre_avg6	0.00110762659359869	0.00178770753310972	0.00235583118556701
mactivos_margen_por_edad_delta6	0.00110745807606608	0.00162491132717761	0.00302029639175258
mpasivos_margen_sobre_edad_lag6	0.00110241602203759	0.00191302408352781	0.00328205541237113
ratio_totalcomisiones_ctrx_rank	0.00109785870889694	0.00297295863282474	0.00201353092783505
mpasivos_margen_sobre_antiguedad_delta1	0.00109785495097241	0.00211819455575212	0.00362435567010309
mautoservicio_ratiomax6	0.00108104293077186	0.00273524612178028	0.00157055412371134
mpasivos_margen_por_ctrx_q	0.00107774474384772	0.000966243474121083	0.00120811855670103
mcuenta_debitos_automaticos_ratioavg6	0.00106753982496423	0.0031125020777233	0.00273840206185567
mactivos_margen_sobre_edad	0.00106738587411074	0.00157661568387039	0.0018323131443299
mtarjeta_visa_debitos_automaticos_delta2	0.00106361311858927	0.00464570866545548	0.00205380154639175
mvr_mpagominimo_lag2	0.00106100903914653	0.00281039895942886	0.00271826675257732
mactivos_margen_delta1	0.00105343003893633	0.00118037530402495	0.00275853737113402
mpayroll_ratioavg6	0.00105329225672135	0.00209139111880535	0.00076514175257732
mpasivos_margen_sobre_edad_lag2	0.00104291610577253	0.00307905422680417	0.00271826675257732
cproductos_sobre_ctrx_q_lag6	0.00104047272237805	0.00203712034108852	0.00342300257731959
ccallcenter_trx_ratiomax6	0.00103410977705208	0.00239868720141799	0.00163096005154639
Visa_msaldototal_ratiomax6	0.00102673783543682	0.00194342657804294	0.00330219072164948
total_mcaja_ahorro	0.00102620348664554	0.00198839463862452	0.00193298969072165
ratio_deuda_acumulada_antiguedad_rank	0.00102359260774824	0.000693591344457387	0.000644329896907217
mcuenta_corriente_rank	0.00101877060416431	0.000981518637796222	0.00149001288659794
rf_039_046	0.00101618015574916	0.000986776110987947	0.00040270618556701
ctrx_quarter_ratioavg6	0.00101385156762653	0.000964749018551247	0.00169136597938144
Master_fultimo_cierre_min6	0.00101268891944838	0.00135671568552612	0.00247664304123711
ratio_deuda_acumulada_cproductos_sobre_ctrx_q_delta6	0.00101171311049507	0.00178461917079004	0.00104703608247423
mrentabilidad_por_antiguedad_delta1	0.00101036188628772	0.00146910895828276	0.00314110824742268
mv_mlimitecompra_lag6	0.00101027645685802	0.0010156626469754	0.00253704896907217
cliente_antiguedad_ratioavg6	0.00100487667901683	0.00188954016569749	0.00291961984536083
mv_status01	0.00100115998604581	0.000930892611433166	0.000503382731958763
total_deuda_acumulada	0.000989306119731411	0.00133041756808858	0.00038257087628866
mprestamos_personales	0.000979054146032961	0.001398297030248	0.000483247422680412
mrentabilidad_ratioavg6	0.000978325382623804	0.00163728896728389	0.00243637242268041
ratio_total_mcaja_ahorro_antiguedad_lag1	0.000977172449926401	0.00164353020079677	0.00233569587628866
mactivos_margen_por_antiguedad_lag6	0.000970116036995086	0.00304379475168707	0.00257731958762887
mcomisiones_por_edad_lag1	0.000967979293539649	0.00304529727086609	0.00181217783505155
mactivos_margen_por_ctrx_q_delta6	0.000963145997780824	0.0016819452349768	0.0021142074742268
mcuentas_saldo_ratioavg6	0.000952456813461522	0.00259806262650459	0.00134906572164948
mcaja_ahorro_dolares_ratioavg6	0.000945604673780646	0.00241738133538959	0.00124838917525773
mcaja_ahorro_lag6	0.000945566774610197	0.00153421722675063	0.00257731958762887
mcomisiones	0.000940372503249118	0.00110053213369765	0.00106717139175258
mcaja_ahorro_dolares_ratiomax6	0.000940013773102347	0.00328135942989638	0.00169136597938144
mcuentas_saldo_delta2	0.000935933623271122	0.00268096996832399	0.00167123067010309
Visa_cconsumos_lag6	0.000935087453862816	0.00122109384256351	0.00267799613402062
mvr_Master_mlimitecompra_lag1	0.000918946205822504	0.00153420916314144	0.00223501932989691
mactivos_margen_por_edad	0.000913816313711999	0.000646744462934599	0.00130879510309278
ctrx_quarter_delta1	0.00091250368914642	0.00249480542295996	0.00142960695876289
ratio_totalcomisiones_ctrx_lag1	0.000907778353741666	0.00152340661469688	0.00165109536082474
mcomisiones_sobre_antiguedad_lag6	0.000902415204378939	0.00280023074824057	0.0021142074742268
chomebanking_trx_delta2	0.000901131687645089	0.00129506670540066	0.0018725837628866
cpagomiscuentas_ratiomax6	0.000897172509635781	0.00257857825883239	0.00209407216494845
mactivos_margen_rank	0.000894036798741738	0.00125102327200618	0.00265786082474227
mrentabilidad_annual_sobre_ctrx_q_delta2	0.000882987116630263	0.00127705260247073	0.00251691365979381
mvr_mpagominimo_delta2	0.00087366926354164	0.00361991812533773	0.00138933634020619
mv_fultimo_cierre_rank	0.000859876885339807	0.0014824891737983	0.00261759020618557
mcomisiones_avg6	0.000856566922581843	0.00225586724331866	0.00120811855670103
mvr_msaldopesos2_lag6	0.000853422060652781	0.00112241676903867	0.00255718427835052
ratio_deuda_acumulada_antiguedad	0.000837384923153599	0.00170173870766793	0.000543653350515464
mtarjeta_master_consumo_ratioavg6	0.000833384729844683	0.00158951208283455	0.00169136597938144
mactivos_margen_sobre_antiguedad	0.00083239646511718	0.00139849055686855	0.0019128543814433
mcaja_ahorro_dolares_max6	0.000831822267254368	0.00192844170429863	0.00231556056701031
rf_039_035	0.000831552450795536	0.00043860389465873	0.000181217783505155
mtarjeta_visa_debitos_automaticos_ratiomax6	0.000828703298279207	0.00105205102737907	0.00185244845360825
mrentabilidad_sobre_edad	0.000827869376182389	0.00119980053856308	0.0021142074742268
ccaja_ahorro	0.000821845635235856	0.00181023456931618	0.000563788659793814
cproductos_sobre_edad_rank	0.000821729195113895	0.00175420054905653	0.00245650773195876
mrentabilidad_annual_sobre_antiguedad_delta1	0.000821391504239044	0.00155481706036074	0.001953125
mdescubierto_preacordado_rank	0.000816902495449749	0.000803501025583574	0.000704735824742268
mcaja_ahorro	0.000815117797523358	0.00130446081010673	0.0020336662371134
Visa_mfinanciacion_limite_rank	0.000812740461542466	0.000905696520584889	0.0019128543814433
mcomisiones_por_antiguedad_lag1	0.000812101876977196	0.000919920727195629	0.0017920425257732
Visa_fechaalta_rank	0.000810622763087193	0.0010299728654175	0.00149001288659794
Visa_msaldototal	0.000807728549911957	0.00181843525986217	0.00304043170103093
Visa_cconsumos_delta6	0.000807026705301448	0.000973266877725366	0.00120811855670103
mv_mlimitecompra_lag1	0.000806363932323844	0.00127053183050595	0.00233569587628866
ratio_totalcomisiones_antiguedad_delta2	0.000805933775623258	0.000311666558793495	0.000604059278350516
mcomisiones_lag1	0.00080550930605806	0.00111687169378584	0.00175177190721649
rf_037_047	0.000805325825636739	0.00132703085222888	0.0018725837628866
mrentabilidad_annual_sobre_antiguedad_delta2	0.000799099984373627	0.00248046026221137	0.00193298969072165
cmobile_app_trx_rank	0.00079525512060922	0.000947420322402448	0.00227528994845361
Visa_fechaalta_tend6	0.000792691986064376	0.000912717236319442	0.000664465206185567
total_deuda_acumulada_delta6	0.00079225338806889	0.00190480995363317	0.000684600515463918
ratio_total_mcaja_ahorro_antiguedad_delta2	0.000790708904213069	0.00181981951277308	0.00231556056701031
cliente_edad_lag6	0.000790034881496474	0.00150025061697362	0.00177190721649485
ctarjeta_visa_debitos_automaticos_avg6	0.00078704816294737	0.00212993785860214	0.00165109536082474
tpaquete9_rank	0.000780011220296897	0.00142893605729936	0.00189271907216495
mrentabilidad_annual_por_edad	0.000779152315894889	0.00129901518603392	0.0019128543814433
mcaja_ahorro_dolares	0.000777411505356728	0.0046554844476632	0.00181217783505155
mtransferencias_recibidas_rank	0.000776385402829989	0.00215889427920258	0.00175177190721649
ccajas_consultas_tend6	0.000775347311121282	0.0037859451506852	0.00124838917525773
mpasivos_margen_ratioavg6	0.000774880229614122	0.000774778449649642	0.00128865979381443
thomebanking_rank	0.000774742502003442	0.00161380773732331	0.00173163659793814
mv_mpagominimo_delta6	0.000772612124591068	0.00156523255556418	0.00130879510309278
ccomisiones_mantenimiento	0.000765086674712112	0.00279164569232321	0.000583923969072165
cproductos_sobre_edad	0.000763679419165738	0.00139343467390657	0.00157055412371134
mcomisiones_mantenimiento_lag2	0.000760507975477518	0.00133008964798153	0.00159068943298969
Master_mlimitecompra	0.000757627562644304	0.00301017218923549	0.0019933956185567
Visa_mconsumospesos_lag2	0.000753968989958401	0.00122708779206124	0.00227528994845361
mplazo_fijo_dolares_ratioavg6	0.000752807141580485	0.00301125540073665	0.00076514175257732
ratio_total_mcaja_ahorro_ctrx_q_lag2	0.000751363442374939	0.00120049669682313	0.00161082474226804
mcuenta_corriente	0.000750565921065808	0.000482491431608875	0.000583923969072165
chomebanking_trx_lag6	0.00074936675940396	0.00100184162082415	0.00161082474226804
mcomisiones_mantenimiento_tend6	0.000748424124989513	0.00069077714485016	0.000664465206185567
mpasivos_margen_sobre_antiguedad_lag6	0.000747559829208172	0.0021452775311508	0.00263772551546392
ctarjeta_master_trx_rank	0.000745131383299927	0.00126506470347529	0.00209407216494845
Visa_msaldopesos	0.000743674389598388	0.000846837549239086	0.00104703608247423
rf_018_023	0.000743105335424894	0.00422937645937887	0.00038257087628866
mactivos_margen_sobre_antiguedad_delta6	0.000742739953419912	0.000997221172758419	0.001953125
mactivos_margen_sobre_ctrx_q	0.000741332144848981	0.00110643738349429	0.00163096005154639
ctarjeta_debito_trx_avg6	0.000740143307332834	0.00146117705470976	0.00318137886597938
mrentabilidad_min6	0.000739795661285886	0.001248905230659	0.00177190721649485
rf_039_047	0.000739704647129376	0.00224746765041265	0.000503382731958763
mvr_mpagospesos	0.000733792715876888	0.00072907391276207	0.00122825386597938
Master_Fvencimiento_avg6	0.000731241565703267	0.000784293508493561	0.00163096005154639
Master_msaldototal_avg6	0.000729021681720509	0.00129384641254328	0.00189271907216495
mprestamos_personales_delta6	0.000726313663174284	0.00130412751426022	0.000885953608247423
mv_msaldopesos_delta6	0.000723926119047524	0.00217001399627526	0.00157055412371134
mrentabilidad_sobre_antiguedad	0.000722637362024606	0.00098835657838914	0.000906088917525773
mpasivos_margen_sobre_antiguedad_lag2	0.000717612388106232	0.00106882064662405	0.00189271907216495
Visa_msaldopesos_rank	0.000712340078692082	0.000605628119676002	0.000724871134020619
Visa_msaldopesos_delta1	0.000708791374283632	0.00111941173068061	0.00201353092783505
ratio_totalcomisiones_ctrx_lag6	0.000708487519277082	0.000578158091036213	0.00102690077319588
Master_mlimitecompra_rank	0.000706068078150659	0.000728138534096058	0.00151014819587629
ratio_total_mcaja_ahorro_ctrx_q_rank	0.000703189254547763	0.001013407524272	0.00120811855670103
Visa_msaldopesos_ratiomax6	0.000700954927733624	0.00139091076423017	0.0019933956185567
mvr_mpagado_rank	0.000698664552105145	0.00135088838395165	0.00231556056701031
total_mcaja_ahorro_rank	0.000693625426460694	0.00196187074012966	0.00151014819587629
mactivos_margen_sobre_ctrx_q_delta6	0.000688065601345332	0.000748609349959134	0.00169136597938144
cprestamos_personales_ratioavg6	0.000687499193660997	0.00119243039976364	0.000322164948453608
Visa_mfinanciacion_limite_lag6	0.000687435528704182	0.00101068202436586	0.00171150128865979
mcomisiones_por_antiguedad	0.000686695397048102	0.000787349616376481	0.0018725837628866
chomebanking_trx_delta1	0.000681047966968618	0.00272857751698035	0.0017920425257732
mpasivos_margen_por_antiguedad_delta2	0.000676404147790525	0.00145383379460762	0.00177190721649485
mv_fechaalta_lag1	0.000676105362563775	0.00131734108185251	0.0020336662371134
tcallcenter_tend6	0.000674795513642842	0.00266231884026807	0.000845682989690722
mcomisiones_delta2	0.000674575580334224	0.00105390296962299	0.0021142074742268
ratio_total_mcaja_ahorro_ctrx_q_delta6	0.000673706124497272	0.000655592930085498	0.00173163659793814
mcaja_ahorro_delta1	0.00067292561478777	0.00104073509581611	0.00126852448453608
Visa_mconsumosdolares_lag1	0.000668790576588064	0.00162232828436716	0.0019933956185567
mpayroll_sobre_edad_delta2	0.000668665430341398	0.00265548089967515	0.00181217783505155
Visa_msaldopesos_delta2	0.000668205085065077	0.000925135194471676	0.00189271907216495
Master_mlimitecompra_ratioavg6	0.000666456455678253	0.00507815733843269	0.000543653350515464
cproductos_sobre_edad_delta6	0.000664568837688885	0.000797068953319874	0.00106717139175258
thomebanking_avg6	0.000662473580734697	0.00336653264589811	0.00106717139175258
ratio_totalcomisiones_ctrx_lag2	0.00065757602858822	0.00126111622284203	0.00144974226804124
mcomisiones_sobre_edad_lag2	0.000652786715877145	0.000746311221340052	0.00161082474226804
Master_fechaalta_lag2	0.000650682402221684	0.00053281104082272	0.00126852448453608
ctarjeta_visa_debitos_automaticos_tend6	0.000647513298643081	0.00163457959459613	0.00100676546391753
mrentabilidad_exp	0.000646675030494784	0.000753103468147561	0.00134906572164948
total_mcaja_ahorro_lag1	0.000645815416758803	0.001955667136793	0.00132893041237113
mrentabilidad_annual_min6	0.000640728623163906	0.000504669044750451	0.000745006443298969
cproductos_rank	0.000639801747631453	0.000597422053390554	0.00120811855670103
rf_030_046	0.000634675476908779	0.0011819611471656	0.000906088917525773
mactivos_margen_por_antiguedad_rank	0.000627074211828173	0.0010280591021698	0.00241623711340206
mcuenta_corriente_ratiomax6	0.000624094403741592	0.00179671996031414	0.00138933634020619
Master_mlimitecompra_min6	0.000622155989115742	0.000793999406088305	0.00171150128865979
chomebanking_trx_max6	0.000621713369192147	0.000865830036750705	0.00136920103092784
cplazo_fijo_ratioavg6	0.00062103163832847	0.00319704902007796	0.000543653350515464
mactivos_margen_min6	0.000620104758998911	0.00109811036307099	0.00155041881443299
mrentabilidad_annual_exp_lag6	0.000620041131709508	0.000676625510722127	0.000906088917525773
mcomisiones_por_ctrx_q_rank	0.000614759849802233	0.000559076903823505	0.00134906572164948
mcaja_ahorro_dolares_rank	0.00061363473604989	0.00142658417128568	0.00153028350515464
mcomisiones_mantenimiento_delta6	0.0006135355081568	0.000415093098131113	0.000503382731958763
mcaja_ahorro_delta2	0.000612087832557273	0.000627588015369454	0.00120811855670103
mv_msaldototal_delta2	0.00061116912330202	0.00203347827760448	0.0019128543814433
ratio_total_mcaja_ahorro_antiguedad_delta6	0.000609165000881287	0.00104629629828731	0.00161082474226804
Visa_mpagospesos_ratioavg6	0.00060839542386962	0.0013671338685993	0.00144974226804124
mv_Fvencimiento	0.00060679597102531	0.00084263103311176	0.00161082474226804
mrentabilidad_annual_por_antiguedad_lag6	0.000606098060463417	0.000687618897917503	0.00142960695876289
mcomisiones_por_edad	0.000603629551928167	0.000780952486419269	0.000926224226804124
mdescubierto_preacordado	0.000602266622355895	0.0013086619504946	0.000201353092783505
mcomisiones_mantenimiento_ratiomax6	0.000602113333054231	0.000698198353174471	0.000604059278350516
mcuentas_saldo_max6	0.00060149410724321	0.00086838351299413	0.00134906572164948
mcuenta_corriente_ratioavg6	0.000601228782867079	0.000661011675461018	0.00138933634020619
mrentabilidad_annual_sobre_ctrx_q_lag6	0.000598005020967155	0.000859991983697318	0.0018725837628866
ratio_totalcomisiones_ctrx_delta6	0.000594316891049574	0.000607006996847451	0.00120811855670103
rf_007_023	0.000593639454979471	0.00139489149930019	0.00140947164948454
mpasivos_margen_sobre_ctrx_q_rank	0.000592166520886659	0.000369625093779775	0.00076514175257732
mcomisiones_otras_lag1	0.00059171665959409	0.00113880471078199	0.00159068943298969
ctrx_quarter_delta6	0.000587875060956413	0.000903100038425786	0.000906088917525773
mcuentas_saldo_min6	0.000584148253334849	0.00265835692028617	0.00108730670103093
mcuenta_debitos_automaticos_rank	0.00058365425698086	0.0017208252706201	0.00100676546391753
mcomisiones_mantenimiento_min6	0.000581409685732988	0.000516165063585321	0.000543653350515464
mv_mpagominimo_rank	0.000579492212502689	0.0018430615223277	0.0021142074742268
cproductos_avg6	0.000576614475217393	0.000913967095743855	0.00138933634020619
mv_mpagominimo_delta1	0.000574114418551883	0.000864448471709526	0.00116784793814433
Visa_mpagospesos_lag6	0.000569301021010583	0.000838674488869316	0.00151014819587629
mpayroll_sobre_edad_rank	0.000567761217105112	0.00169534157771072	0.00102690077319588
Visa_mconsumosdolares_min6	0.000566322258725267	0.000924267012548911	0.00169136597938144
mv_Finiciomora_delta1	0.000565844425078474	0.00169862077878123	0.000241623711340206
mcomisiones_min6	0.0005652464609685	0.000800388472436326	0.00100676546391753
Master_fultimo_cierre_avg6	0.000564831217735665	0.000732103141947691	0.00112757731958763
mautoservicio_ratioavg6	0.000563063799453573	0.00143378497429214	0.000926224226804124
mrentabilidad_sobre_ctrx_q_rank	0.00056269269560115	0.000737621338503218	0.00110744201030928
Visa_mpagominimo_delta2	0.000560813133821236	0.000876678278980665	0.000805412371134021
Visa_fechaalta	0.000559925658204954	0.000890442859867589	0.001953125
Master_mpagospesos_tend6	0.000555822148455042	0.00233074054251533	0.00104703608247423
mactivos_margen_por_ctrx_q	0.000548768598091967	0.00116609465214988	0.00225515463917526
rf_026_027	0.000534187450964937	9.46694597575369e-05	0.000140947164948454
cproductos_sobre_ctrx_q_delta6	0.00053403389348981	0.000757487383677062	0.00130879510309278
mcomisiones_mantenimiento_max6	0.000533398640910917	0.000514678671624675	0.000442976804123711
Visa_mfinanciacion_limite	0.000529195779301342	0.000690524485095547	0.00104703608247423
Visa_fechaalta_ratioavg6	0.000529155832471971	0.00118725625053354	0.0017920425257732
ctarjeta_visa_debitos_automaticos_ratioavg6	0.000525305587781273	0.000618562148816381	0.000805412371134021
cprestamos_personales_rank	0.000525155015063835	0.00103699626902179	0.000583923969072165
mrentabilidad_annual_sobre_ctrx_q_lag2	0.000518766500708237	0.00259088063858624	0.00146987757731959
ccomisiones_otras_ratioavg6	0.000518279147647213	0.000786218023220184	0.00128865979381443
mv_fechaalta_lag6	0.000518190206198827	0.000866131078160456	0.00155041881443299
mrentabilidad_annual_exp_delta2	0.000517489901532214	0.000528811490664598	0.00130879510309278
mactivos_margen_sobre_ctrx_q_rank	0.000512279742947116	0.00152606222999005	0.00159068943298969
mvr_msaldopesos2_delta2	0.00051180119484332	0.000985055874360798	0.00155041881443299
mtransferencias_emitidas_ratiomax6	0.00051096418704705	0.000867179347355125	0.00118798324742268
mtarjeta_visa_consumo_avg6	0.000509847528709509	0.000749794700510029	0.00181217783505155
Visa_fultimo_cierre_ratioavg6	0.00050907546015614	0.000372283396942666	0.000906088917525773
mplazo_fijo_dolares_rank	0.000507390707905727	0.00172315834154567	0.00100676546391753
mcaja_ahorro_tend6	0.000507134799815517	0.000792383996380622	0.00142960695876289
chomebanking_trx_delta6	0.000505488632898834	0.000622561698974502	0.0018323131443299
mtarjeta_visa_debitos_automaticos_ratioavg6	0.000505297589597778	0.000837177345429751	0.00128865979381443
mcaja_ahorro_ratiomax6	0.000505278235531174	0.000827189221513365	0.00118798324742268
chomebanking_trx_ratiomax6	0.000504987590984476	0.000727990701260912	0.00136920103092784
mcomisiones_sobre_ctrx_q	0.000502357752967909	0.000412870229864469	0.00076514175257732
mcomisiones_otras_lag6	0.000500595090156131	0.000557754471916385	0.00104703608247423
Visa_mpagospesos_ratiomax6	0.000498646954693589	0.00124719574551077	0.00159068943298969
mrentabilidad_exp_lag6	0.000497418938300878	0.000617637521629288	0.00159068943298969
mrentabilidad_annual_exp_delta1	0.000495867755367566	0.000850361346455012	0.00132893041237113
ctarjeta_visa_debitos_automaticos_ratiomax6	0.000495631116204662	0.00106227568383169	0.00140947164948454
ctarjeta_visa_trx_ratioavg6	0.000495075575139982	0.000674238682401958	0.000745006443298969
Visa_fechaalta_delta2	0.000491597188019665	0.000732498258797989	0.000201353092783505
Visa_cconsumos_max6	0.000490522867007801	0.00023794904358069	0.000483247422680412
ratio_deuda_acumulada_antiguedad_delta6	0.000490292118965951	0.00040436312216927	0.000241623711340206
Master_fechaalta_lag1	0.000486062953968134	0.000872495953680909	0.00134906572164948
mrentabilidad_annual_sobre_antiguedad_lag6	0.000484553707070617	0.00147784991064446	0.00130879510309278
mactivos_margen_sobre_antiguedad_rank	0.000483467810405015	0.000791263154703245	0.00122825386597938
Visa_msaldopesos_lag1	0.000483214251327436	0.000850536057987456	0.00144974226804124
mcomisiones_por_edad_lag6	0.000481629261697279	0.000706092626571248	0.00126852448453608
mcomisiones_por_ctrx_q_delta6	0.000480648954738046	0.000581501800980234	0.000885953608247423
Master_msaldopesos_lag2	0.000479202435643475	0.00110785120297223	0.00159068943298969
mcomisiones_por_antiguedad_delta6	0.00047667657543701	0.000598607403941449	0.00132893041237113
mrentabilidad_annual_sobre_antiguedad_delta6	0.000475544098543492	0.00119841090991271	0.00110744201030928
mrentabilidad_annual_sobre_antiguedad_lag2	0.000475090697616203	0.000699507345732942	0.00112757731958763
mrentabilidad_annual_delta6	0.000469689122856503	0.0010074243262532	0.00106717139175258
mcuenta_corriente_delta2	0.000468632317430348	0.000723929330099002	0.000684600515463918
mrentabilidad_annual_lag6	0.000468354038632196	0.000633313177894185	0.000825547680412371
mv_status01_rank	0.000467401700704333	0.000399167469981333	0.00106717139175258
mvr_msaldopesos2_lag1	0.00046595507682722	0.000893060844984532	0.00138933634020619
Visa_mfinanciacion_limite_lag2	0.000462300658013101	0.000651854103291178	0.00104703608247423
Visa_mpagospesos_max6	0.000462088308847169	0.000846945064028282	0.00171150128865979
mpayroll_sobre_edad_lag6	0.000461505708770112	0.00177481113414556	0.0017920425257732
mcomisiones_lag6	0.000456830093522833	0.000644406016269568	0.00106717139175258
ctarjeta_visa_trx_delta2	0.000455029818023235	0.000559369881624067	0.000805412371134021
Master_Fvencimiento_max6	0.000447838231672162	0.000493433749279382	0.00108730670103093
rf_019_055	0.000446846798108029	0.00119992418057066	0.00114771262886598
Visa_mpagominimo_ratioavg6	0.000445290701506487	0.00215542423938125	0.00116784793814433
mpayroll_delta6	0.000442951124668316	0.00138725526139748	0.000946359536082474
cextraccion_autoservicio_avg6	0.000439507451793076	0.000712919815685247	0.00142960695876289
catm_trx_ratiomax6	0.000439503178979796	0.000943240684972421	0.00151014819587629
mtarjeta_visa_debitos_automaticos_lag6	0.000438667773859574	0.00052368572308964	0.00104703608247423
mrentabilidad_annual_por_edad_delta2	0.000438548432464159	0.000627563824541885	0.00130879510309278
mrentabilidad_rank	0.000437320560625843	0.000594752998748743	0.00106717139175258
mcomisiones_otras_max6	0.000437165533271745	0.000457195889580591	0.000885953608247423
Master_fechaalta_lag6	0.000436049371388048	0.000942563341800481	0.00128865979381443
mcuenta_corriente_lag1	0.000431618909023162	0.000490520098492148	0.000624194587628866
mcomisiones_sobre_ctrx_q_rank	0.000431450123762572	0.000342544806250824	0.00076514175257732
mrentabilidad_ratiomax6	0.000428354818150734	0.000504042771103379	0.000845682989690722
Master_mpagominimo_ratioavg6	0.000427276730549112	0.00116998937538853	0.00140947164948454
Master_fechaalta_rank	0.000426746778431432	0.000449728987470872	0.00040270618556701
mcomisiones_sobre_antiguedad_lag1	0.000426711823184923	0.000559230112398111	0.00114771262886598
mtarjeta_visa_debitos_automaticos_tend6	0.000425179147768134	0.00160638115325954	0.000704735824742268
mcuenta_corriente_min6	0.000423552928722157	0.000303909366752944	0.000503382731958763
ccallcenter_trx_ratioavg6	0.000422302636827328	0.000663925326248252	0.000543653350515464
Visa_cconsumos_ratioavg6	0.000420774778744563	0.000308736780787881	0.000825547680412371
mpayroll_lag2	0.000420736387415524	0.000335395072769235	0.00038257087628866
mtransferencias_recibidas_delta6	0.000418610710126197	0.000711038306874302	0.000946359536082474
mcuenta_corriente_lag6	0.000418600795607779	0.00208309366494908	0.00076514175257732
mrentabilidad_annual_exp_lag2	0.000418316820069013	0.000649160857821798	0.00128865979381443
ratio_total_mcaja_ahorro_ctrx_q_lag1	0.000414447348458902	0.000815677075460115	0.00118798324742268
ccomisiones_otras_lag6	0.000413656830047354	0.00063517318374729	0.00153028350515464
rf_013_029	0.000412500024211021	5.28247038021315e-05	6.04059278350516e-05
mrentabilidad_annual_avg6	0.000409629089105898	0.000280737241811297	0.000604059278350516
ccaja_ahorro_ratioavg6	0.000409097551333662	0.00251036012508701	0.000241623711340206
mprestamos_personales_min6	0.000408833158124166	0.000221071909546518	0.000181217783505155
Visa_cconsumos_delta2	0.000408714652000046	0.00083719616051786	0.00078527706185567
cproductos_sobre_antiguedad_delta1	0.000407668351599717	0.000586229763835164	0.00112757731958763
Visa_mpagominimo_min6	0.000405011373886308	0.000966230034772433	0.00149001288659794
rf_014_038	0.000401746515277203	0.000355129412326313	0.000241623711340206
mvr_msaldopesos_delta6	0.000401513145177049	0.00265773602237856	0.00078527706185567
mtransferencias_recibidas	0.000399570508503052	0.000798332252092937	0.00130879510309278
mpasivos_margen_sobre_ctrx_q	0.00039856980317067	0.000619973280424589	0.00106717139175258
mcuenta_debitos_automaticos_ratiomax6	0.000397199981598077	0.00226952162154665	0.000885953608247423
mcomisiones_sobre_edad_rank	0.000397100866193637	0.000661258959476171	0.000704735824742268
mvr_Visa_mlimitecompra	0.000396868802506369	0.000679993411493718	0.000986630154639175
mrentabilidad_sobre_ctrx_q	0.000392343820869827	0.000386179683446357	0.000805412371134021
mcomisiones_por_antiguedad_lag6	0.000389423979203645	0.000419409816917366	0.000966494845360825
cliente_edad_rank	0.000388255734772086	0.000997834007056841	0.000946359536082474
chomebanking_trx_avg6	0.000386429955263637	0.000315486021679712	0.00076514175257732
mpasivos_margen_sobre_antiguedad_lag1	0.000383487323483409	0.000535270441625598	0.00102690077319588
Visa_mpagominimo_max6	0.000383478837280867	0.000951274727595154	0.00146987757731959
mtransferencias_emitidas_lag2	0.000381230943338249	0.000852283173311905	0.000825547680412371
mcomisiones_lag2	0.000380106472526499	0.000343748971889828	0.000865818298969072
thomebanking	0.000379466769662751	0.000795778775849512	0.000442976804123711
mcaja_ahorro_dolares_delta2	0.000377063314938424	0.00126981954502752	0.000583923969072165
mv_mpagominimo_lag2	0.000374717237511197	0.000866391801524259	0.00124838917525773
cprestamos_personales_avg6	0.000371073321808737	0.000702262412206111	0.000322164948453608
ratio_comisiones	0.000370956167830748	0.000615774827906453	0.000583923969072165
mv_mpagospesos_delta2	0.000369715724908741	0.00127289715586828	0.000926224226804124
cproductos_sobre_edad_delta2	0.000366499300074292	0.000600886717472422	0.000463112113402062
rf_010_045	0.000362670697576294	0.00291298150767129	0.000302029639175258
mactivos_margen	0.000355224111616673	0.000340897142106382	0.000825547680412371
cproductos_sobre_ctrx_q	0.000350855259568136	0.000613909446313888	0.00132893041237113
mcomisiones_sobre_edad_lag6	0.000347623539529991	0.000718712174953226	0.000745006443298969
mrentabilidad_sobre_antiguedad_rank	0.000346212557254956	0.000862634159641829	0.000865818298969072
mv_fechaalta_rank	0.000343951380160119	0.000737019255683716	0.00108730670103093
tcallcenter_ratioavg6	0.000343894429522751	0.000679950405578039	0.000463112113402062
mrentabilidad_sobre_ctrx_q_delta2	0.000341129071321659	0.000507566568319305	0.00110744201030928
mrentabilidad_annual_sobre_edad_delta2	0.00034069485971508	0.000577483435734002	0.00114771262886598
mv_mfinanciacion_limite_lag6	0.000337792940035862	0.000351979229002846	0.000865818298969072
mtransferencias_emitidas_avg6	0.000337114684090605	0.000722080075724816	0.000986630154639175
cmobile_app_trx_lag1	0.000336856851986278	0.000527978251048323	0.00116784793814433
mrentabilidad_annual_por_ctrx_q_lag6	0.000336251909665147	0.000533020694661654	0.00102690077319588
mvr_msaldopesos_delta2	0.000335923383369017	0.00227182781377492	0.000583923969072165
mrentabilidad_annual_por_ctrx_q_rank	0.000334696618543793	0.000251780821210862	0.000583923969072165
mrentabilidad_delta2	0.000331648078678406	0.000416490790390672	0.00076514175257732
Visa_mfinanciacion_limite_max6	0.000330653691221328	0.000391671001304584	0.000745006443298969
mrentabilidad_annual_por_ctrx_q_delta2	0.000328909261195057	0.000296598361087559	0.000503382731958763
mcaja_ahorro_lag2	0.00032769406648652	0.000693975709828766	0.000865818298969072
mv_mpagospesos	0.000322200725014503	0.000875557437303288	0.00130879510309278
mv_mpagominimo_delta2	0.000321142296927579	0.00192940127379222	0.000946359536082474
mpayroll_sobre_edad_lag2	0.000320964309466801	0.000704243372197063	0.000523518041237113
ratio_comisiones_lag6	0.000320440628079819	0.000349581649203756	0.000724871134020619
rf_015_048	0.00031931754279971	0.000275805000856893	0.000161082474226804
mv_cconsumos_delta6	0.00031916054910294	0.000734670057539765	0.000442976804123711
mcaja_ahorro_min6	0.000318875650433427	0.000815730832854713	0.00163096005154639
cliente_edad_avg6	0.000318509305350289	0.000876893308559059	0.000865818298969072
mactivos_margen_por_edad_rank	0.000318059694918888	0.000372479611432951	0.000745006443298969
mcuenta_debitos_automaticos	0.000317173898722602	0.000742085890124616	0.000463112113402062
thomebanking_ratioavg6	0.000314514787774959	0.00216997636609904	0.000503382731958763
ctransferencias_recibidas_avg6	0.000314491581757976	0.00075618107898832	0.000966494845360825
Visa_fultimo_cierre_min6	0.000311994640341261	0.000556784150943883	0.000583923969072165
mv_fechaalta	0.000310868701765985	0.00066466986616344	0.00116784793814433
mpasivos_margen_por_antiguedad_delta1	0.000310663422177543	0.000580106796590405	0.00076514175257732
cpagomiscuentas_ratioavg6	0.000308401451668268	0.00154960528095442	0.000583923969072165
mcaja_ahorro_dolares_lag6	0.000308004130190608	0.000354333802886256	0.000624194587628866
mpasivos_margen_por_antiguedad_lag1	0.000306598772328581	0.000438380801471146	0.00114771262886598
mactivos_margen_sobre_antiguedad_lag6	0.000304809053030838	0.000556469670185482	0.000825547680412371
ratio_total_mcaja_ahorro_antiguedad_delta1	0.00030473917147736	0.00070230810599152	0.000845682989690722
mtarjeta_visa_consumo_tend6	0.000304603943749152	0.000275342687263347	0.000342300257731959
mvr_mpagominimo	0.000303676573691892	0.000894031165957033	0.000745006443298969
Master_Fvencimiento_ratioavg6	0.000303666047851167	0.000500720564117197	0.00076514175257732
mrentabilidad_por_edad_lag1	0.000302321934880174	0.000448909187203246	0.00076514175257732
mv_mconsumospesos_delta6	0.0003001639145801	0.000139468184546125	0.00038257087628866
mtransferencias_emitidas_rank	0.000299262023551481	0.000657861492137551	0.000845682989690722
mcuentas_saldo_delta1	0.000298830510328406	0.00153874359937581	0.000825547680412371
Master_fechaalta_tend6	0.000298105393810961	0.000713126781654451	0.000503382731958763
mcomisiones_sobre_edad_delta6	0.000297345540529107	0.000378137577214434	0.00078527706185567
mcomisiones_sobre_ctrx_q_delta6	0.000297097744748636	0.000713707361516113	0.000946359536082474
mpasivos_margen_sobre_ctrx_q_lag6	0.000296728509443602	0.000397103186028754	0.000946359536082474
ratio_total_mcaja_ahorro_antiguedad_lag6	0.000296392136814804	0.000594215424802759	0.000865818298969072
mpasivos_margen_tend6	0.000294923601571049	0.000514127658330042	0.00116784793814433
ctransferencias_emitidas_tend6	0.000291936766722964	0.000989770397867079	0.000825547680412371
ccallcenter_trx_rank	0.000291043381364442	0.000976245037386118	0.000624194587628866
Visa_msaldototal_lag2	0.000290788549918337	0.000456408343749725	0.000906088917525773
Visa_fechaalta_lag1	0.000286878993435437	0.000485268001039883	0.00104703608247423
mrentabilidad_exp_delta6	0.00028386510674311	0.000537772848344154	0.000885953608247423
mcomisiones_rank	0.0002832020604158	0.000234368801100435	0.000342300257731959
Master_mpagospesos_lag1	0.000283074468242541	0.000788962338214433	0.000966494845360825
ctotal_comisiones_rank	0.000280017411633191	0.00244435679599907	0.00078527706185567
Visa_fechaalta_lag6	0.000278481611873447	0.000417100936819364	0.000724871134020619
cproductos_sobre_edad_lag6	0.000276407402037655	0.000433480814953501	0.000865818298969072
Visa_mpagominimo_lag2	0.000274589846048356	0.000701767844175806	0.000885953608247423
ratio_deuda_acumulada_cproductos_sobre_ctrx_q_lag1	0.000274060762967953	0.000591680763647443	0.000644329896907217
mcomisiones_por_ctrx_q_lag1	0.000273776538827411	0.000361152928391065	0.000885953608247423
Master_mfinanciacion_limite_lag1	0.000273353970349273	0.000741744530668916	0.000664465206185567
mpayroll_tend6	0.000270489958226918	0.000851170395243718	0.000463112113402062
mrentabilidad_sobre_ctrx_q_lag2	0.000270216745861008	0.00050029319283014	0.000865818298969072
total_deuda_acumulada_lag1	0.000267788729532852	0.000197824524252434	0.000161082474226804
rf_037_041	0.000266390127101801	0.00429861060788217	0.00038257087628866
cextraccion_autoservicio_ratioavg6	0.000265684683140481	0.000519651230625029	0.00078527706185567
mcaja_ahorro_dolares_delta6	0.000265479900687307	0.000575577736095489	0.000503382731958763
ccomisiones_otras_tend6	0.000265432931881965	0.000496659192955287	0.000563788659793814
Visa_mconsumosdolares_ratioavg6	0.000264809355898728	0.000514331936429516	0.000946359536082474
ccajas_trx_ratioavg6	0.000262545245860273	0.000735126995393851	0.000543653350515464
mcomisiones_sobre_antiguedad	0.000262357063198128	0.000744029219939349	0.000624194587628866
mvr_msaldototal_rank	0.000262302419263828	0.000915878171121829	0.000704735824742268
mpasivos_margen_por_antiguedad_delta6	0.000262250656607356	0.000505394769577529	0.000724871134020619
mactivos_margen_tend6	0.000262151606756637	0.000973205056721577	0.000503382731958763
mrentabilidad_annual_exp	0.000261022760885938	0.000641156381766094	0.000724871134020619
rf_003_048	0.000260932532690191	5.71145438910849e-05	4.0270618556701e-05
rf_033_045	0.000259776553422932	2.4201579048206e-05	2.01353092783505e-05
ctransferencias_recibidas_rank	0.000257977992179454	0.000864002285334359	0.000926224226804124
mactivos_margen_por_ctrx_q_rank	0.000256941554864093	0.000388209025092447	0.000946359536082474
ctarjeta_debito_rank	0.000256408358243437	0.000331390146871653	0.000805412371134021
Visa_mpagospesos_delta6	0.00025378614481327	0.000457306092239518	0.00076514175257732
mactivos_margen_sobre_ctrx_q_delta2	0.00025295911937338	0.000337881352269411	0.000684600515463918
mcomisiones_mantenimiento_lag1	0.000252824237454648	0.000332473358372811	0.000302029639175258
mactivos_margen_por_edad_delta1	0.000252309064246212	0.00030673431783909	0.000704735824742268
numero_de_cliente	0.00025185034272138	0.000496484481422842	0.000745006443298969
ccomisiones_otras_min6	0.000250711080421202	0.000618629345559628	0.00106717139175258
mrentabilidad_annual_por_ctrx_q_lag2	0.000248507074357724	0.000342141625791336	0.000745006443298969
Visa_mconsumosdolares_max6	0.000248163935105454	0.000408308914932794	0.00078527706185567
cproductos_sobre_ctrx_q_lag1	0.00024722874984611	0.000597795667283013	0.00112757731958763
mtarjeta_visa_consumo_delta6	0.000245967592788979	0.000348052251327431	0.000624194587628866
mrentabilidad_annual_lag2	0.000245835617386541	0.000289491633521649	0.000563788659793814
mactivos_margen_sobre_antiguedad_delta1	0.000245750145832119	0.000315166165181852	0.000745006443298969
mrentabilidad_annual_ratiomax6	0.00024559336812204	0.00019928941325524	0.000604059278350516
Visa_msaldopesos_ratioavg6	0.000244854483481313	0.000366423840931439	0.000684600515463918
Master_mpagominimo_max6	0.000244819546381432	0.000789895029010716	0.000624194587628866
mrentabilidad_sobre_ctrx_q_delta6	0.000242619579011222	0.000452623823169996	0.00078527706185567
Master_mpagominimo_lag1	0.000241840503475828	0.0005677452837025	0.000745006443298969
ccuenta_debitos_automaticos_ratioavg6	0.00024171757335655	0.000750692448999822	0.000865818298969072
mrentabilidad_sobre_edad_lag6	0.00024114647130233	0.000360722869234278	0.00076514175257732
mactivos_margen_avg6	0.000241016292209116	0.000497863358594291	0.000825547680412371
mrentabilidad_annual_sobre_antiguedad_lag1	0.00024078123717138	0.000489192290845567	0.000604059278350516
mrentabilidad_annual_sobre_edad_lag1	0.000239938130432489	0.000436378338522355	0.00078527706185567
ccallcenter_trx_avg6	0.000236238817969684	0.00035927410744985	0.000684600515463918
mtransferencias_emitidas_delta2	0.000234375966494863	0.000737110643254533	0.000503382731958763
mcaja_ahorro_dolares_lag2	0.00023422445440993	0.000355279933031188	0.000684600515463918
Visa_cconsumos_lag2	0.000232484774693956	0.000332777087652292	0.000583923969072165
thomebanking_max6	0.000231430941505592	0.0013458620675567	0.000201353092783505
Visa_mconsumospesos_avg6	0.000230966770200605	0.000263556378497644	0.000684600515463918
Visa_Fvencimiento_delta2	0.000229264325592645	0.000366243753659535	0.000241623711340206
mcaja_ahorro_avg6	0.00022923065878285	0.000604972279461901	0.000926224226804124
ccajas_consultas_ratioavg6	0.000227133773437801	0.00104103613722586	0.000322164948453608
ctarjeta_master_trx_delta6	0.000226093195355154	0.000959464666662223	0.000503382731958763
mvr_mpagominimo_lag6	0.000226074198164014	0.000464945018011953	0.000483247422680412
mtransferencias_recibidas_lag1	0.000224962825792313	0.000454459638195532	0.000885953608247423
cproductos_sobre_antiguedad_lag2	0.000221150301551387	0.000421796645237536	0.000563788659793814
mprestamos_personales_max6	0.000220950241716574	0.000155361558259146	0.000140947164948454
mv_fultimo_cierre_lag2	0.000219345211129893	0.000364835309921056	0.000543653350515464
mpasivos_margen_max6	0.000218293100450765	0.000265021267500451	0.000442976804123711
Visa_cconsumos	0.00021799452202631	0.000307959986435934	0.000825547680412371
ctarjeta_debito_avg6	0.000217220244305691	0.000397949864993679	0.000503382731958763
chomebanking_trx_min6	0.000216543664192842	0.000555585361044339	0.000583923969072165
mcuenta_debitos_automaticos_delta6	0.000216283918776524	0.000952976149134194	0.000322164948453608
Master_mpagominimo_delta6	0.000214340560133638	0.000543207720938054	0.000463112113402062
mv_msaldototal_rank	0.000213045624905023	0.000186331193287293	0.000483247422680412
mpayroll_sobre_edad_delta6	0.000212890483381573	0.000978580796181419	0.000624194587628866
mcuenta_corriente_delta1	0.000212864758923229	0.000432257834226387	0.000483247422680412
mactivos_margen_ratiomax6	0.000212454742100921	0.000369853562706818	0.000624194587628866
mcomisiones_mantenimiento_lag6	0.000208331585743799	0.00044875329075891	0.000442976804123711
mrentabilidad_max6	0.000207196494209195	0.000326850334897817	0.00078527706185567
matm_other_avg6	0.000206734992695544	0.000600539982277262	0.000644329896907217
mactivos_margen_sobre_edad_lag2	0.000204973974867338	0.000447140568920958	0.000724871134020619
ccomisiones_otras_ratiomax6	0.000204814573067005	0.000203995873152331	0.000543653350515464
Master_mfinanciacion_limite_lag6	0.000203313645227168	0.000228054995104852	0.000543653350515464
mforex_sell_avg6	0.000201134411439591	0.000593927822741657	0.000503382731958763
mpayroll_delta2	0.000199847494731612	0.00144382147986366	0.000241623711340206
ctrx_quarter_rank	0.000199833476618024	0.000938569167381819	0.00078527706185567
mrentabilidad_tend6	0.000199748412513533	0.00043756906481271	0.000684600515463918
mrentabilidad_sobre_ctrx_q_delta1	0.000199484380465032	0.000448519446092407	0.000563788659793814
mrentabilidad_annual_por_edad_delta6	0.00019830207570791	0.000230078961011482	0.000463112113402062
mprestamos_personales_avg6	0.000197064496968392	0.000376842024004612	0.000181217783505155
mrentabilidad_annual_por_edad_lag2	0.000194031301968999	0.000289902877590327	0.000463112113402062
Visa_mpagominimo_lag6	0.000192778884259521	0.000406876280366746	0.000624194587628866
cpayroll_trx_avg6	0.000192264951635663	0.00111216792175848	0.000624194587628866
mcomisiones_por_antiguedad_rank	0.000190919600825176	0.000170394813658593	0.000442976804123711
ccomisiones_otras_avg6	0.000188378536270737	0.000323979690026262	0.000644329896907217
mplazo_fijo_dolares_delta6	0.000188247966457441	0.000808019334599571	0.000181217783505155
mtransferencias_recibidas_tend6	0.000187776136490349	0.000274254100022729	0.000664465206185567
mactivos_margen_por_antiguedad	0.000186229831652656	0.000566914731955954	0.000986630154639175
mcomisiones_sobre_edad	0.000185504386241609	0.000242074923616118	0.000583923969072165
Master_mpagominimo	0.000185000866685402	0.000566183631389416	0.00040270618556701
Visa_mpagado_max6	0.000184227056631323	0.0008595592366708	0.000483247422680412
mcaja_ahorro_dolares_lag1	0.000184061545915222	0.000464154784311356	0.000543653350515464
mv_fultimo_cierre	0.000183408215798388	0.000328304472421704	0.000483247422680412
mvr_mpagominimo_rank	0.000182843344138887	0.000572656021699065	0.000422841494845361
mrentabilidad_sobre_antiguedad_lag2	0.000181169478041074	0.000480118042637355	0.000684600515463918
mtransferencias_recibidas_lag2	0.000179746533925283	0.000163895544651645	0.000563788659793814
mv_fultimo_cierre_lag1	0.000177930105541576	0.000241816888122046	0.000463112113402062
mrentabilidad_sobre_ctrx_q_lag6	0.000177648944328816	0.000252243134804408	0.000644329896907217
Visa_msaldototal_max6	0.000173721280388271	0.000269144459666149	0.000664465206185567
ccuenta_debitos_automaticos_ratiomax6	0.000173544824165388	0.000521954734983571	0.000422841494845361
mcomisiones_sobre_antiguedad_rank	0.000172945652403074	0.000426814898023298	0.000422841494845361
ccajas_trx_tend6	0.000171317118609437	0.000796348604232255	0.000523518041237113
mrentabilidad_annual_delta1	0.000170045790905819	0.000254414933546184	0.000503382731958763
Master_Fvencimiento_rank	0.000169342143323	0.000284822803800777	0.000342300257731959
mcomisiones_otras_ratioavg6	0.000169071644984445	0.000146351818924452	0.000503382731958763
cproductos_sobre_antiguedad_lag1	0.000166887150080232	0.000388319227751373	0.000483247422680412
mprestamos_personales_delta1	0.000162678584981832	0.000339037136253277	0.000221488402061856
mvr_Master_mlimitecompra_lag2	0.000162415026169103	0.000158533244540453	0.000463112113402062
Visa_fultimo_cierre_lag6	0.000162268930675668	0.000261795823824546	0.000604059278350516
mactivos_margen_por_edad_delta2	0.000161443125246759	0.00026777902184335	0.000604059278350516
rf_013_025	0.000160961054450865	0.000104961312953403	8.05412371134021e-05
mv_fultimo_cierre_lag6	0.000159533243938697	0.000264198779363095	0.000422841494845361
catm_trx_ratioavg6	0.00015691804875022	0.000285814627731118	0.000704735824742268
cextraccion_autoservicio_tend6	0.000156098350035446	0.00034842855308962	0.00040270618556701
rf_031_029	0.000155835341401069	0.00255070236186339	0.000302029639175258
cprestamos_personales_tend6	0.000155169419101957	0.00180831811819875	0.000181217783505155
Visa_mpagado_ratioavg6	0.000153927503624055	0.00206288626031954	0.000322164948453608
rf_022_047	0.000151767667146922	0.000172588115358208	0.000140947164948454
chomebanking_trx	0.000150929599038762	0.000338569446920271	0.000503382731958763
ccomisiones_mantenimiento_avg6	0.000150690593829914	0.000418885682320032	0.000422841494845361
rf_037_031	0.000149243190274944	0.000183855665266036	0.000241623711340206
mactivos_margen_por_edad_lag1	0.000148954870363628	0.000194410929695434	0.000483247422680412
Master_Fvencimiento_tend6	0.000148833886166711	0.000260140096070915	0.00038257087628866
mvr_msaldototal_lag1	0.000148798480454409	0.000332669572863095	0.000422841494845361
mcomisiones_mantenimiento_ratioavg6	0.000148370544681319	0.000262825277931106	0.000483247422680412
mtransferencias_emitidas_tend6	0.000148226907491294	0.000843762626268056	0.000583923969072165
mrentabilidad_annual_por_antiguedad_delta6	0.000145060409960045	0.000286881712013896	0.00040270618556701
Visa_mpagosdolares_ratioavg6	0.00014501809188728	0.000470242809249626	0.000563788659793814
Visa_mpagominimo_rank	0.000143114769298293	0.000368872490255397	0.000604059278350516
Master_Fvencimiento_lag2	0.00014184731838616	0.00022404738133754	0.000422841494845361
mvr_mpagominimo_delta1	0.000140413994490536	0.000477215143329041	0.00038257087628866
ratio_deuda_acumulada_cproductos_sobre_ctrx_q_delta2	0.000136393683672779	0.000139798792522905	0.000241623711340206
cforex_sell_avg6	0.00013521645133354	0.00061315953065924	0.000563788659793814
mv_mconsumospesos_delta2	0.000135051494543978	0.000667798546529068	0.000362435567010309
mrentabilidad	0.000128735248163163	0.000136062653598316	0.00038257087628866
mv_mconsumosdolares_delta2	0.000128159290359465	0.000473599958542297	0.000503382731958763
ccaja_ahorro_tend6	0.000127980983615559	0.0010562844222037	0.000161082474226804
Visa_mpagominimo_delta1	0.0001247521812266	0.00016743815695568	0.000281894329896907
mpagomiscuentas_avg6	0.000123073561481849	0.000184167458154706	0.000302029639175258
ccallcenter_trx	0.000119454836120214	0.000616602691783268	0.000261759020618557
mv_mpagominimo_lag1	0.000118522253224385	0.000669247308313495	0.000745006443298969
cprestamos_personales_delta6	0.000108636375932927	0.00103468738892378	0.000120811855670103
Visa_mconsumosdolares_lag6	0.000108299038163404	8.01872176527242e-05	0.000261759020618557
ratio_deuda_acumulada_cproductos_sobre_ctrx_q_lag2	0.000105683343626059	0.000217580366767351	0.000281894329896907
mpayroll_delta1	0.000104851023389276	0.000995350415426394	0.000442976804123711
mv_Fvencimiento_delta2	0.000104706182594525	7.47120270128758e-05	0.000100676546391753
matm_max6	0.000103583318260087	0.000242504982772905	0.000422841494845361
mvr_mpagospesos_delta2	0.000103464363105143	0.000746421423998978	0.000221488402061856
ctarjeta_master_trx_ratioavg6	0.000103233129039616	0.000549717741423922	0.000281894329896907
tpaquete9	0.00010123998592832	0.000437754527824075	0.000100676546391753
mcomisiones_sobre_antiguedad_lag2	0.000100058692636733	0.00023590895045568	0.000362435567010309
mpayroll_max6	9.98381578219053e-05	0.000459528960506162	0.000362435567010309
ctransferencias_emitidas_delta6	9.81816413378627e-05	0.000234005938686896	0.000281894329896907
Master_msaldopesos_ratiomax6	9.81494921427729e-05	0.000118263580246781	0.000261759020618557
ccajas_extracciones_avg6	9.67733540192826e-05	0.00132635350905694	0.00040270618556701
Master_mpagospesos	9.56705796483922e-05	0.000156675926557078	0.000281894329896907
cplazo_fijo_ratiomax6	9.42207628377883e-05	0.000691309343056684	0.000100676546391753
Master_cconsumos_tend6	9.13130887934666e-05	0.000297756832941155	0.000241623711340206
mv_cconsumos_lag6	9.01667445373899e-05	9.93490409573289e-05	0.000241623711340206
rf_009_032	8.73754818713838e-05	0.000202541735628444	0.000201353092783505
rf_039_045	8.65894577590799e-05	0.00115700158885356	0.000140947164948454
rf_026_029	8.29075460977703e-05	8.41088195886785e-05	0.000100676546391753
mv_cconsumos_delta2	8.01893707941257e-05	0.00011624767794934	0.000161082474226804
ctarjeta_visa_debitos_automaticos_max6	7.99152207316355e-05	0.000229788671080651	0.000261759020618557
cproductos_lag2	7.90579286310286e-05	0.000119346791747939	0.000221488402061856
rf_004_035	7.2423655349804e-05	7.33250862322367e-05	0.000120811855670103
rf_048_041	7.18323693329535e-05	3.2098540314713e-05	0.000120811855670103
ctransferencias_recibidas	6.67808222428886e-05	0.000361222813004043	0.000201353092783505
Master_cconsumos_min6	6.63564299776217e-05	0.000161546346507694	0.000201353092783505
mtransferencias_emitidas_delta1	6.62278355022281e-05	0.000363203772994994	0.000281894329896907
ratio_deuda_acumulada_cproductos_sobre_ctrx_q_lag6	6.29055405881219e-05	5.457181912658e-05	0.000120811855670103
ccomisiones_mantenimiento_delta1	6.23532147077013e-05	0.00018168924226372	0.000100676546391753
rf_008_029	5.87504701935666e-05	7.29004028149092e-05	4.0270618556701e-05
mforex_sell_max6	5.79447770507705e-05	0.000177176308987183	0.000161082474226804
rf_005_028	5.74989411473121e-05	0.000445947154760873	0.000181217783505155
rf_015_036	5.70543682431181e-05	0.000175980206957368	0.000140947164948454
ctarjeta_debito_ratioavg6	4.8797804828505e-05	0.000234027441644735	0.000100676546391753
rf_033_051	4.70709195729557e-05	0.000260481455526615	0.000342300257731959
Visa_Fvencimiento_ratiomax6	4.49828101701866e-05	0.000128039362454502	8.05412371134021e-05
ctarjeta_visa_tend6	4.22884171804792e-05	0.000109923120474837	8.05412371134021e-05
ctarjeta_visa_descuentos_avg6	4.16150670520742e-05	0.000340157977930654	0.000100676546391753
mv_status04_delta1	3.50926514391425e-05	0.000109396298007772	8.05412371134021e-05
rf_010_038	3.4545452094529e-05	0.000125184844801327	0.000362435567010309
mv_msaldodolares_lag1	3.18456591313859e-05	8.778582537921e-05	8.05412371134021e-05
rf_005_029	3.09064762427193e-05	5.98212287091151e-05	6.04059278350516e-05
ctarjeta_debito_max6	2.6662604565251e-05	2.51288941050286e-05	8.05412371134021e-05
rf_037_050	2.64513755651647e-05	8.91566389414696e-06	4.0270618556701e-05
rf_017_041	2.22169154169469e-05	6.6874198880427e-06	2.01353092783505e-05
ccallcenter_trx_max6	2.11873108195651e-05	6.31945052201656e-05	0.000140947164948454
tpaquete9_ratioavg6	2.01131612357028e-05	4.38525946436562e-05	2.01353092783505e-05
rf_031_043	1.83851895007569e-05	8.73933963986416e-05	4.0270618556701e-05
rf_045_029	1.78394225329966e-05	8.93716685198633e-05	6.04059278350516e-05
rf_021_038	1.76259331151802e-05	9.82953960232e-05	4.0270618556701e-05
ccaja_ahorro_delta6	1.64193850298042e-05	3.4133257700263e-05	2.01353092783505e-05
rf_041_037	1.53037097863985e-05	0.000441391215568658	6.04059278350516e-05
rf_027_033	1.51005198703097e-05	7.78810254244523e-05	4.0270618556701e-05
rf_006_039	1.376205650293e-05	0.000159124575881035	0.000322164948453608
rf_034_011	1.25188626273468e-05	0.000240002576054349	2.01353092783505e-05
rf_028_040	1.19247695729504e-05	0.000119112947081436	0.000120811855670103
rf_046_051	1.17785105059832e-05	5.33891564454149e-05	2.01353092783505e-05
rf_017_048	1.07552539914162e-05	1.7049157696887e-05	8.05412371134021e-05
ctarjeta_master_trx	1.0586158570903e-05	5.36660070275967e-05	0.000100676546391753
cliente_vip_delta6	1.01458794187291e-05	1.98821723922234e-05	4.0270618556701e-05
rf_016_034	9.27267386606751e-06	0.000152117299495132	2.01353092783505e-05
rf_002_041	8.79517647829841e-06	1.19395173403077e-05	2.01353092783505e-05
rf_005_038	6.93517609081137e-06	1.24179581522336e-05	4.0270618556701e-05
rf_032_035	4.70602625942086e-06	2.46262624655334e-05	4.0270618556701e-05
rf_031_044	3.81360356723841e-06	1.19852111257164e-05	2.01353092783505e-05
mplazo_fijo_dolares_ratiomax6	2.72067096084705e-06	3.12868036562769e-06	2.01353092783505e-05
rf_030_045	1.17282608369521e-06	1.17755572867826e-05	2.01353092783505e-05
rf_047_032	5.58895985461919e-08	1.423495808966e-05	2.01353092783505e-05
rf_008_042	1.32078928218611e-10	2.57121618364214e-05	2.01353092783505e-05
