Feature	Gain	Cover	Frequency
ctrx_quarter_normalizado_rank	0.230595104678139	0.010136989139339	0.00421432871763998
ctrx_quarter_normalizado	0.0831951059111258	0.00332448350044414	0.00200682319887618
rf_029_050	0.0529670430773186	0.00241389283938964	0.000802729279550472
cpayroll_trx	0.0334424481387884	0.00805154169124897	0.00401364639775236
rf_008_046	0.0330632689105725	0.00248326361360828	0.00100341159943809
mtarjeta_visa_consumo	0.0277190186447924	0.00420669798461716	0.00200682319887618
rf_012_036	0.0195755503471345	0.00241389283938964	0.000802729279550472
rf_040_043	0.0191922584448822	0.00364613717657113	0.00140477623921333
rf_034_041	0.0142634011142664	0.000302072526087821	0.000602046959662854
mtarjeta_visa_consumo_rank	0.0136598137950768	0.00247520150566951	0.0022075055187638
rf_015_031	0.0127123509326951	0.000296673356831853	0.000802729279550472
rf_026_036	0.0123420376654581	0.00369822327998164	0.00160545855910094
mprestamos_personales_ratioavg6	0.0113151478487426	0.0078462877523168	0.00441501103752759
mprestamos_personales_ratiomax6	0.0112631503547692	0.00576733885183807	0.00361228175797712
rf_037_029	0.0110928737654367	0.00039528759530114	0.000802729279550472
mpayroll_sobre_edad_rank	0.00911931176181377	0.00125115364489244	0.00240818783865142
exp_totalcomisiones_lag6	0.00803692915462801	0.00708699598357998	0.00862933975516757
rf_003_048	0.0078079314088701	0.000163074456034308	0.000401364639775236
ratio_totalcomisiones_antiguedad	0.00748367151842659	0.0127503825042681	0.0104354806341561
mdescubierto_preacordado_tend6	0.00743742877806966	0.0108625177772534	0.00361228175797712
mcuentas_saldo_ratioavg6	0.00651496599342207	0.0108045316766695	0.0102347983142685
cproductos_ratiomax6	0.00647940192330145	0.00245563257094539	0.00240818783865142
exp_totalcomisiones_lag2	0.00637163539037598	0.0150235549141809	0.00943206903471804
mv_status01	0.00633781710327292	0.000616543596960273	0.000802729279550472
ratio_totalcomisiones_antiguedad_rank	0.00599131610302551	0.0133297671128196	0.0100341159943809
ratio_totalcomisiones_antiguedad_lag1	0.00588400085626575	0.00722541993382573	0.00521774031707807
rf_032_036	0.00468882706517085	0.00241389283938964	0.000802729279550472
total_comisiones_lag2	0.00441484810904979	0.00149812288475024	0.00260887015853903
mpayroll_sobre_edad	0.00423718077649238	0.00358176246621152	0.00120409391932571
mcomisiones_mantenimiento_max6	0.00412804555726329	0.00441834053332505	0.00501705799719045
total_deuda_acumulada	0.0040987705187934	0.00721473153314932	0.00280955247842665
mcuentas_saldo	0.00356655349864796	0.00233559266986306	0.00240818783865142
mpasivos_margen_por_ctrx_q	0.00341599737642559	0.00354239250577717	0.00260887015853903
cproductos_ratioavg6	0.00326269903114596	0.000876509932040583	0.00120409391932571
mcaja_ahorro_dolares_delta1	0.00319721215917284	0.00664119806051091	0.00401364639775236
mcaja_ahorro_rank	0.00306340932934482	0.00164177498984113	0.00140477623921333
mcuentas_saldo_min6	0.00301428921331267	0.00806038557935151	0.00702388119606663
cproductos_sobre_edad_delta6	0.00290265893776877	0.00742748567552757	0.0056191049568533
cproductos_sobre_antiguedad_delta6	0.00286714479125352	0.00866544678015655	0.00802729279550472
mcaja_ahorro_delta6	0.00282585881767365	0.000551729135258547	0.00100341159943809
mpayroll_sobre_edad_lag2	0.00278915775663114	0.000169548573015446	0.000200682319887618
mcomisiones_mantenimiento_rank	0.00278516901550201	0.00458383362174099	0.00401364639775236
ratio_totalcomisiones_ctrx_lag6	0.00275786992132504	0.00441380865143826	0.00662251655629139
mcuentas_saldo_delta6	0.00263014641567973	0.00322221688277228	0.00541842263696568
total_comisiones_lag6	0.00261002277827896	0.00137776538547638	0.0022075055187638
mpayroll_ratioavg6	0.0025703071506439	0.00833381319162656	0.00381296407786474
mcaja_ahorro_dolares_ratioavg6	0.0025617900079494	0.00527915378551514	0.00662251655629139
thomebanking	0.00255800026840127	0.0035343303978384	0.0034115994380895
rf_026_027	0.00255549197956929	0.000689200290929716	0.00100341159943809
mtarjeta_visa_debitos_automaticos_tend6	0.00252671930031724	0.00608789314960978	0.00421432871763998
mcomisiones_mantenimiento	0.00245501001815145	0.00258502940336272	0.00260887015853903
mcaja_ahorro	0.0024254942966346	0.00255140064100599	0.00180614087898856
ratio_totalcomisiones_antiguedad_lag2	0.00242477001941382	0.00193438064675842	0.00321091711820189
mpayroll_rank	0.0023956830885569	0.00158431414780477	0.0022075055187638
Visa_status_max6	0.00234450995921485	0.00784515172801634	0.00260887015853903
cpayroll_trx_rank	0.00232728085987936	0.00368967255944052	0.00381296407786474
ratio_totalcomisiones_ctrx	0.00226200920014219	0.00544986281346117	0.00662251655629139
mdescubierto_preacordado	0.00226163064693361	0.00262714780968529	0.00140477623921333
rf_003_050	0.00225075057878325	0.000279071087832195	0.000602046959662854
mv_status04	0.00220501856441554	0.000405878273457076	0.000401364639775236
ctarjeta_visa_trx_rank	0.00218975182505374	0.00168412548714982	0.00280955247842665
mrentabilidad_annual_exp_delta6	0.0021055962796042	0.0065889653733197	0.0056191049568533
cproductos_rank	0.00207208249873498	0.00402979579193634	0.00581978727674092
mcuenta_corriente_ratiomax6	0.00206683764202181	0.00282069947679118	0.00461569335741521
mpayroll	0.00203630112680998	0.000162170522719961	0.000200682319887618
tcallcenter_tend6	0.00187656413485347	0.0044672750854504	0.00280955247842665
mcomisiones_sobre_antiguedad_lag6	0.00185496911609762	0.008864519769669	0.00642183423640377
mv_mpagominimo	0.00183848936427207	0.00145473408566156	0.00100341159943809
mactivos_margen_ratioavg6	0.00182186346615497	0.00372728351450641	0.00702388119606663
ratio_totalcomisiones_ctrx_rank	0.00180638235185753	0.00366141853570963	0.00481637567730283
ratio_total_mcaja_ahorro_antiguedad_rank	0.00171724450395464	0.00580872433925712	0.00541842263696568
mcomisiones_sobre_antiguedad	0.00171560947486229	0.00588928434206957	0.00260887015853903
rf_041_040	0.00170926434749066	0.00130177391049589	0.000602046959662854
mrentabilidad_annual_sobre_ctrx_q_delta1	0.00169263203195964	0.00587892575489975	0.00682319887617901
mplazo_fijo_dolares_rank	0.0016624445712664	0.0122860295176248	0.00501705799719045
cproductos_sobre_antiguedad_delta2	0.00163809590353332	0.00779884346862862	0.00501705799719045
mrentabilidad_sobre_ctrx_q_rank	0.00163705251519351	0.00285640484270791	0.00361228175797712
total_comisiones	0.00162215360502497	0.00216682587701137	0.00321091711820189
ccaja_ahorro_rank	0.00158609244082113	0.00261074264156139	0.0022075055187638
exp_totalcomisiones	0.00158547371782274	0.00353202170329229	0.00401364639775236
mrentabilidad_annual_sobre_antiguedad_delta6	0.00156226549841596	0.00319309557167223	0.00461569335741521
cpayroll_trx_ratiomax6	0.0015570598041865	0.00236538582329135	0.00100341159943809
mcomisiones_mantenimiento_delta6	0.00154189325930546	0.00292503048270796	0.00260887015853903
cpagomiscuentas_ratioavg6	0.00153412028452914	0.00942767022450747	0.00501705799719045
Master_fechaalta_rank	0.00146970307841567	0.00170744452359697	0.00180614087898856
mdescubierto_preacordado_rank	0.00143644681412501	0.00237416863481859	0.00421432871763998
mcaja_ahorro_ratioavg6	0.00138793592243491	0.00429292589361687	0.00581978727674092
ccomisiones_mantenimiento_ratioavg6	0.00138164835577644	0.00217325113273227	0.00200682319887618
cproductos_sobre_edad_rank	0.00135290266501301	0.0038753209177034	0.00301023479831427
mcuentas_saldo_rank	0.00133491712604146	0.000900732901802084	0.00120409391932571
mv_Fvencimiento_lag2	0.00129928944659111	0.00567536974476075	0.00501705799719045
cliente_edad_lag2	0.00127718451252041	0.00431060145450688	0.00421432871763998
ratio_totalcomisiones_antiguedad_delta1	0.00126694772779951	0.00176955940067071	0.00240818783865142
cliente_edad_lag6	0.00126300952153897	0.00331463795650678	0.00521774031707807
cpayroll_trx_avg6	0.00124816380316621	0.00012582996042018	0.000200682319887618
mpasivos_margen_ratioavg6	0.00123438409383752	0.0021157658600658	0.00401364639775236
ccaja_ahorro_max6	0.00120507209008906	0.00462556113798168	0.0022075055187638
mrentabilidad_sobre_antiguedad_rank	0.0011963421705808	0.00278194028210977	0.00260887015853903
Master_status_max6	0.00119628869666354	0.000549163919096209	0.000602046959662854
mcuenta_debitos_automaticos_ratiomax6	0.00118671745237758	0.00334438224867484	0.00301023479831427
total_deuda_acumulada_lag1	0.00118101195671841	0.00036733895444672	0.000401364639775236
ccomisiones_mantenimiento_rank	0.00116651250450696	0.001479152500464	0.00260887015853903
mprestamos_personales_avg6	0.001158318376745	0.000396680141217837	0.000401364639775236
ccallcenter_trx_ratioavg6	0.00115633645634866	0.00246369467888416	0.00120409391932571
mcomisiones_sobre_antiguedad_rank	0.00115625426042525	0.00348924366995655	0.00200682319887618
exp_totalcomisiones_rank	0.00114710822419633	0.00181807863208407	0.00280955247842665
mdescubierto_preacordado_delta6	0.00114422153001462	0.00120694641969482	0.000401364639775236
ratio_comisiones_lag6	0.00114151495170346	0.00311574819672022	0.00361228175797712
mtransferencias_emitidas_max6	0.00114015735028139	0.00283814294669508	0.0034115994380895
Visa_mpagospesos_ratiomax6	0.00113908193152288	0.00749686866506127	0.00501705799719045
ccaja_ahorro	0.00110504525293538	0.0071022406967733	0.00280955247842665
mpayroll_min6	0.00109951694769431	0.00243055452912978	0.00120409391932571
mcomisiones_mantenimiento_ratioavg6	0.00109935300225657	0.00177057327182059	0.00160545855910094
mrentabilidad_annual_ratioavg6	0.00109116512252234	0.00316442622722934	0.00521774031707807
ratio_deuda_acumulada_cproductos_sobre_ctrx_q_delta6	0.00108370607587424	0.00265494986675901	0.00140477623921333
mrentabilidad_annual_exp_lag6	0.00107382656968304	0.00244005804424548	0.0034115994380895
ctarjeta_visa_debitos_automaticos_tend6	0.00107203311719941	0.00175852897117266	0.00280955247842665
ctarjeta_visa_trx_ratioavg6	0.00106414241902093	0.00207295118078488	0.00321091711820189
ccallcenter_trx_rank	0.00105451347409409	0.00489716866831298	0.00280955247842665
mcuenta_corriente_lag6	0.0010532319774907	0.00849786487286557	0.00441501103752759
mcaja_ahorro_dolares_lag6	0.00103410429066585	0.00274231380005919	0.00361228175797712
ctransferencias_recibidas_ratiomax6	0.00103100226414829	0.00410203716519379	0.00421432871763998
ccajas_consultas_ratioavg6	0.00103000401637838	0.00754096595242335	0.00321091711820189
Visa_mpagospesos_max6	0.00102876848121644	0.00427867062094331	0.00381296407786474
ratio_total_mcaja_ahorro_ctrx_q	0.00101986606141807	0.0038056691912384	0.00541842263696568
chomebanking_trx_ratioavg6	0.00100984341653159	0.00435701965173013	0.00361228175797712
mtarjeta_visa_debitos_automaticos_delta6	0.00100409849921084	0.0032607073405224	0.00280955247842665
thomebanking_ratioavg6	0.00100225580519866	0.00430216067180128	0.00260887015853903
total_deuda_acumulada_delta2	0.00099979160209684	0.00292002220353388	0.00140477623921333
cliente_edad_min6	0.000999361571348706	0.00288645451775243	0.00280955247842665
mrentabilidad_sobre_ctrx_q	0.000997524087519775	0.00199511519323053	0.0034115994380895
cliente_edad_rank	0.000989624053839537	0.0029076358740643	0.00441501103752759
mcomisiones_por_ctrx_q_delta6	0.000974906179552165	0.00225988214712893	0.00280955247842665
exp_totalcomisiones_lag1	0.000966901972798478	0.00185764403755936	0.00240818783865142
mprestamos_personales_max6	0.000965268969825558	0.000427377227960475	0.000401364639775236
mrentabilidad_annual_ratiomax6	0.000960725656043854	0.00167580685759481	0.00280955247842665
mcomisiones_mantenimiento_tend6	0.000959602148602607	0.00342770291269057	0.00240818783865142
ctarjeta_master_trx_rank	0.000958728228030233	0.00125429298086253	0.00140477623921333
ccallcenter_trx_tend6	0.000944448461209767	0.000931258974133899	0.000802729279550472
mcuenta_debitos_automaticos_rank	0.000925254449777572	0.00418810627509774	0.00321091711820189
mcuenta_corriente_tend6	0.000923899633313736	0.00231141856136179	0.00321091711820189
cproductos_sobre_edad_lag6	0.00089485591236407	0.00318603511956827	0.00401364639775236
mpasivos_margen_max6	0.000871958539276568	0.00186774610311294	0.00301023479831427
total_comisiones_lag1	0.000868987659025337	0.00124163791446167	0.0022075055187638
mrentabilidad_annual_sobre_antiguedad_lag6	0.000866167035654945	0.00142660221508126	0.00240818783865142
tcallcenter_ratioavg6	0.000864895920895438	0.00230157301742444	0.00100341159943809
cliente_edad_avg6	0.000857747011863862	0.0027327736389983	0.00401364639775236
mv_status01_rank	0.000847012105412427	0.00264026705805839	0.00240818783865142
cproductos_sobre_edad	0.000839417999053846	0.00218875236754183	0.00200682319887618
thomebanking_rank	0.000838939142594775	0.00187746949389971	0.00321091711820189
mrentabilidad_annual_sobre_ctrx_q_delta6	0.000836515477743773	0.00278653324057186	0.00501705799719045
mdescubierto_preacordado_delta2	0.000829058361191827	0.0108625177772534	0.00361228175797712
Master_Fvencimiento_max6	0.000823483641302106	0.00172217619355782	0.00321091711820189
mactivos_margen_por_ctrx_q_delta6	0.00081419252608458	0.00259270062121962	0.00260887015853903
ccajas_consultas_tend6	0.000802306681259748	0.00817679753186139	0.00280955247842665
mpasivos_margen_sobre_edad_lag6	0.000799203349505456	0.00229741981030446	0.0034115994380895
total_deuda_acumulada_delta6	0.000796464894866047	0.00086042236210821	0.00100341159943809
ratio_total_mcaja_ahorro_antiguedad	0.00079604940583736	0.00221659107056072	0.00280955247842665
mcuentas_saldo_ratiomax6	0.000790869846933981	0.00296371638549902	0.00361228175797712
mv_mpagominimo_rank	0.00079076037586839	0.000853203110908489	0.00140477623921333
Visa_mpagominimo_min6	0.000787574558704588	0.00254024805835735	0.00280955247842665
mcuenta_corriente_min6	0.000771711745374097	0.00117621268700701	0.00200682319887618
ctarjeta_master_trx_ratioavg6	0.000760784846190985	0.00117325658076279	0.000802729279550472
mcaja_ahorro_dolares_ratiomax6	0.000757438790257812	0.00344980041763185	0.00200682319887618
mcuenta_corriente_lag2	0.000756473435133299	0.00386033272612631	0.00381296407786474
ratio_totalcomisiones_antiguedad_delta2	0.000755766727622557	0.00173943643373584	0.00260887015853903
Master_mpagospesos_tend6	0.000752030861380521	0.006859742262227	0.00240818783865142
chomebanking_trx_max6	0.000751990482885241	0.0038596242378529	0.00321091711820189
mv_mpagospesos_delta6	0.000748167206570981	0.00242972388770578	0.00180614087898856
Visa_cconsumos_delta6	0.000727263115217751	0.00341407062108501	0.0022075055187638
mcaja_ahorro_ratiomax6	0.000719448679347455	0.0026976546082044	0.00301023479831427
Visa_fechaalta_lag1	0.000710479640357058	0.00205823172613909	0.00301023479831427
chomebanking_trx_delta1	0.000702012621812118	0.00524729624384192	0.00280955247842665
mv_fechaalta	0.000694239353584135	0.00195132328874491	0.00280955247842665
mv_fechaalta_rank	0.000692317495604696	0.00310556062396123	0.00361228175797712
mactivos_margen	0.000691733007878018	0.00309660679802316	0.00160545855910094
ratio_total_mcaja_ahorro_ctrx_q_delta1	0.000688759407817091	0.00304704926482981	0.00401364639775236
mpasivos_margen_por_ctrx_q_rank	0.000684361885125803	0.00131000703284549	0.00100341159943809
ctransferencias_recibidas_avg6	0.000672049562130757	0.00174354077959558	0.00260887015853903
mrentabilidad_sobre_ctrx_q_delta1	0.000668145820011561	0.00230093782104138	0.00260887015853903
Visa_cconsumos_max6	0.000661684507309708	0.0025989548625297	0.0022075055187638
mcomisiones_otras_avg6	0.000658821781557157	0.00286125432278623	0.0022075055187638
total_mcaja_ahorro_lag2	0.000658715356610444	0.00159892366461504	0.0022075055187638
tpaquete9_rank	0.000654601229478469	0.00343530083865711	0.00321091711820189
Master_fechaalta	0.000649125368241295	0.00136006539395625	0.00240818783865142
mrentabilidad_ratiomax6	0.000646833149339883	0.00192692930457259	0.0034115994380895
mv_mpagominimo_lag2	0.000643745082170519	0.00235618769105211	0.00120409391932571
mcuenta_corriente_rank	0.000641603362049289	0.00234595125703288	0.00321091711820189
Visa_cconsumos_lag2	0.00062827258900699	0.00499716323738391	0.00301023479831427
mvr_Master_mlimitecompra_lag1	0.00062599246903823	0.00201076301182078	0.00280955247842665
rf_013_029	0.000624629394006234	0.000940689197359254	0.00120409391932571
mrentabilidad_annual_por_edad	0.000623595723561754	0.00048663372131047	0.00140477623921333
ctarjeta_debito_trx_avg6	0.000618820083873812	0.00229975293548068	0.00301023479831427
Visa_mconsumosdolares_max6	0.000618363642476231	0.0014267976601222	0.00301023479831427
Visa_mpagospesos_delta6	0.000611957045479359	0.000980169095629133	0.00200682319887618
mactivos_margen_sobre_ctrx_q_delta6	0.000608559524469832	0.00132924615406302	0.00200682319887618
ratio_total_mcaja_ahorro_antiguedad_lag6	0.000598088178964702	0.00271596536547746	0.00301023479831427
mcomisiones_sobre_edad	0.000595646811840557	0.00181286269255398	0.00160545855910094
mcomisiones_avg6	0.000595234803443149	0.0016762832548821	0.00180614087898856
Visa_mlimitecompra_lag6	0.00058418067653644	0.001342548632162	0.00240818783865142
mrentabilidad_annual_sobre_ctrx_q_lag2	0.000574431486109385	0.00155191913226897	0.00240818783865142
chomebanking_trx_tend6	0.000572728521541354	0.0052242948055863	0.00240818783865142
cproductos_sobre_ctrx_q	0.00057261327944861	0.001993966953615	0.00240818783865142
mv_msaldopesos_delta6	0.000572075145187604	0.00252227932990593	0.00180614087898856
thomebanking_max6	0.000569985644732713	0.000692657225091342	0.00100341159943809
mrentabilidad_annual_sobre_ctrx_q_lag6	0.000569365979063347	0.000502819013763313	0.000802729279550472
ratio_deuda_acumulada_antiguedad	0.000567477179149928	0.0060347320984741	0.00200682319887618
ratio_total_mcaja_ahorro_ctrx_q_rank	0.000567149563597825	0.00147040633488193	0.00200682319887618
mcuentas_saldo_max6	0.000564337357418113	0.00146340695935327	0.00301023479831427
mpasivos_margen_sobre_ctrx_q_lag6	0.000557861462774673	0.00188196472984133	0.00280955247842665
mcomisiones_max6	0.000557017197815281	0.00101580116965551	0.00140477623921333
Master_Fvencimiento_lag6	0.000550047245010341	0.00139142210771206	0.00260887015853903
ratio_total_mcaja_ahorro_ctrx_q_lag6	0.000541239337607493	0.00116871248356093	0.0022075055187638
mrentabilidad_annual_sobre_ctrx_q	0.000540452064586232	0.00113212761495998	0.0022075055187638
ctarjeta_visa_trx_ratiomax6	0.000532687041330194	0.00153167835521662	0.00140477623921333
mcuenta_corriente_delta6	0.000531944749123306	0.00116491352057766	0.00140477623921333
mactivos_margen_tend6	0.000531726029063652	0.00142516080790433	0.00180614087898856
mv_fechaalta_lag6	0.000531323755556851	0.00141239580366793	0.00200682319887618
mactivos_margen_sobre_ctrx_q	0.000527414925053843	0.000824216168274076	0.00140477623921333
mrentabilidad_delta2	0.000527062097585331	0.00125925239877639	0.00200682319887618
mautoservicio_ratioavg6	0.000523027507750046	0.0017474130344692	0.00180614087898856
mcaja_ahorro_delta2	0.000522511611799723	0.00246083629516042	0.00200682319887618
mrentabilidad	0.000517317103856927	0.00114188765169192	0.00180614087898856
mactivos_margen_por_antiguedad_lag6	0.000514796988583125	0.00118395719675425	0.0022075055187638
Visa_mpagominimo_ratioavg6	0.000513705708705708	0.00615489415270703	0.00321091711820189
ctarjeta_debito_rank	0.000510148846843572	0.00202644747635622	0.00301023479831427
mcaja_ahorro_delta1	0.000498261954543603	0.00198817689427716	0.00240818783865142
Master_fechaalta_lag6	0.000493149045990247	0.0013237736929167	0.00240818783865142
mpasivos_margen_tend6	0.000483709007454061	0.000783966705155496	0.00160545855910094
ctrx_quarter_delta6	0.000474261758391359	0.000855719465810591	0.00160545855910094
mcaja_ahorro_max6	0.00047137141362567	0.00165165717972366	0.0022075055187638
Visa_mpagospesos_tend6	0.000461648252020999	0.00121390914927831	0.00160545855910094
numero_de_cliente	0.000461431530605087	0.00177829335093772	0.00301023479831427
mcomisiones_sobre_edad_delta6	0.000461123687350002	0.00154627565671183	0.00180614087898856
mprestamos_personales_min6	0.000458872070148415	0.000157406549847048	0.000200682319887618
mcomisiones_por_edad_rank	0.000454578587400962	0.00141647571889755	0.00140477623921333
mtransferencias_emitidas_rank	0.000452800748471796	0.00224237760064974	0.00200682319887618
cliente_antiguedad_ratioavg6	0.000447797446946189	0.0010713564225427	0.00180614087898856
mcomisiones_sobre_ctrx_q	0.000447746917742698	0.00113355680682185	0.00200682319887618
total_comisiones_rank	0.000447524843949781	0.000428097931548941	0.00120409391932571
ctrx_quarter_ratioavg6	0.000447373088652643	0.00109291645362139	0.00180614087898856
mrentabilidad_sobre_ctrx_q_lag2	0.00044729586894426	0.00171479814326234	0.00260887015853903
chomebanking_trx_ratiomax6	0.000447161402935207	0.00215084824491453	0.00240818783865142
mrentabilidad_sobre_antiguedad_delta6	0.000444509287099507	0.00115422511990126	0.00200682319887618
ratio_total_mcaja_ahorro_ctrx_q_lag1	0.000443747306438933	0.000994864119644809	0.00240818783865142
mrentabilidad_annual_exp	0.000443301842286189	0.00108542846549038	0.00200682319887618
rf_039_035	0.000443285440717704	0.00226920243251875	0.00140477623921333
Master_Fvencimiento_avg6	0.000441125995662971	0.000903689008046301	0.00180614087898856
mrentabilidad_annual_sobre_antiguedad_lag2	0.000438479962434373	0.00185327095476833	0.00140477623921333
ratio_deuda_acumulada_antiguedad_rank	0.000434816543628928	0.00611832149942113	0.00240818783865142
Visa_mfinanciacion_limite_rank	0.000434033265629115	0.000995755837644098	0.00180614087898856
mcomisiones_otras_max6	0.000433915613040588	0.00212650312200244	0.00200682319887618
mactivos_margen_por_antiguedad	0.00043200675870867	0.00217689129661978	0.00140477623921333
mrentabilidad_annual_sobre_edad_delta6	0.00043048744672686	0.00199443113558724	0.00301023479831427
mcomisiones_mantenimiento_ratiomax6	0.000427443184299193	0.000246847086707214	0.000401364639775236
mcuenta_corriente_lag1	0.000420734874807602	0.00127695239029652	0.00160545855910094
mcuentas_saldo_delta2	0.000418391719949238	0.0011888311074627	0.0022075055187638
total_deuda_acumulada_rank	0.000412868061214957	0.00138890575280996	0.00321091711820189
cproductos_sobre_antiguedad_lag2	0.000410031360319226	0.00171150000819648	0.00180614087898856
mtarjeta_visa_debitos_automaticos_ratioavg6	0.000406984352022449	0.00114896031911094	0.00160545855910094
rf_005_029	0.000404165408917743	0.0019185740290724	0.00140477623921333
mrentabilidad_sobre_ctrx_q_lag6	0.000401550770484749	0.00121652322670088	0.00180614087898856
Master_msaldototal_avg6	0.000397334078598368	0.000980083588423722	0.000802729279550472
mrentabilidad_annual_sobre_antiguedad_delta2	0.000395387068752474	0.00160886693107286	0.00180614087898856
ccomisiones_mantenimiento	0.000393448384322803	8.08043091136291e-05	0.000200682319887618
Visa_mfinanciacion_limite_lag6	0.000391231528113281	0.000861118635066559	0.00120409391932571
mvr_msaldopesos_delta6	0.00039029293600681	0.00263116664833962	0.00200682319887618
mrentabilidad_annual_por_antiguedad_delta6	0.000383552169515246	0.00108443902497062	0.00180614087898856
Master_fultimo_cierre_avg6	0.000378254467993057	0.000646324535073504	0.00120409391932571
ratio_total_mcaja_ahorro_ctrx_q_lag2	0.000377714910094941	0.000867580536732637	0.00160545855910094
rf_038_045	0.000375228766099662	0.000433924636831965	0.000200682319887618
ratio_totalcomisiones_antiguedad_lag6	0.000375026227803003	0.000944475945027467	0.00160545855910094
mtransferencias_recibidas	0.000374462081148376	0.00255033790859588	0.00160545855910094
ccajas_extracciones_avg6	0.000373947585608294	0.00373042285047651	0.00160545855910094
mrentabilidad_annual_por_edad_lag6	0.000371098194911027	0.000690678344051824	0.000802729279550472
ctrx_quarter_rank	0.000369539502056281	0.00206265367019035	0.00120409391932571
mactivos_margen_ratiomax6	0.000368059753363305	0.00154694749904006	0.00180614087898856
rf_046_056	0.00036777426908532	6.91875444927582e-05	0.000200682319887618
ratio_total_mcaja_ahorro_antiguedad_delta2	0.000367222348827869	0.000566570743054928	0.000802729279550472
mrentabilidad_annual_sobre_edad_lag6	0.000366626117369679	0.00133392461973052	0.00140477623921333
ratio_comisiones	0.000366262795888504	0.000395018858369847	0.000602046959662854
mcaja_ahorro_lag6	0.000365574345263213	0.000828980141146988	0.00200682319887618
Visa_msaldopesos_ratiomax6	0.000363135863369391	0.00147250736907204	0.00200682319887618
ratio_total_mcaja_ahorro_antiguedad_delta6	0.000359055883700237	0.00106159638581076	0.00160545855910094
mrentabilidad_annual_sobre_antiguedad_lag1	0.00035743899564225	0.0016204348344335	0.00160545855910094
mtarjeta_visa_debitos_automaticos_max6	0.000356063633030106	0.000826366063724416	0.00140477623921333
mv_fultimo_cierre	0.00035503010761193	0.0013188875668932	0.00180614087898856
rf_033_051	0.000354550507893054	0.000462606196589909	0.000401364639775236
mcuenta_debitos_automaticos	0.000354400376210703	0.000901172653144199	0.00100341159943809
mrentabilidad_annual_por_ctrx_q_delta6	0.00035391684321986	0.00123422321822101	0.00260887015853903
total_mcaja_ahorro	0.000352423611046243	0.00102695375230414	0.00180614087898856
Master_mlimitecompra	0.000349263793812865	0.00167056648743461	0.0022075055187638
mpasivos_margen_por_antiguedad_delta6	0.000347188219282141	0.000616848979836741	0.00120409391932571
cproductos_sobre_ctrx_q_lag1	0.000347095186608121	0.000857722777480226	0.00120409391932571
mvr_msaldototal_rank	0.000344949689571406	0.000830030658242041	0.00160545855910094
mrentabilidad_annual_sobre_ctrx_q_delta2	0.000344044777557834	0.00157299055074531	0.00140477623921333
Visa_msaldototal_ratiomax6	0.000343386674253012	0.00343647350890275	0.00200682319887618
ccomisiones_otras_tend6	0.000342746894115194	0.000744999850118084	0.000802729279550472
mcomisiones_por_antiguedad_lag6	0.000342544292369526	0.000466722757764708	0.00140477623921333
cproductos_sobre_antiguedad_delta1	0.000339629599047141	0.000748310200499005	0.00120409391932571
mrentabilidad_annual_por_ctrx_q_lag6	0.000338118653270201	0.000427902486508001	0.00120409391932571
mcaja_ahorro_avg6	0.000336428364340981	0.00182283038964192	0.00180614087898856
mrentabilidad_sobre_antiguedad_lag2	0.000336392376290428	0.00118626589130036	0.00180614087898856
chomebanking_trx_delta6	0.000335845132281494	0.00119813917753746	0.00180614087898856
mcaja_ahorro_lag2	0.00033469630726991	0.00183216289034681	0.00180614087898856
mcuentas_saldo_delta1	0.000334249510688006	0.00144843098309124	0.0022075055187638
ratio_totalcomisiones_ctrx_delta6	0.00033201543260497	0.000597988533386032	0.00160545855910094
ratio_total_mcaja_ahorro_ctrx_q_delta6	0.00033121148892345	0.00062751294988303	0.00160545855910094
mrentabilidad_annual_max6	0.000328109300384315	0.00344204369256954	0.00240818783865142
Master_mlimitecompra_min6	0.000324242618717204	0.00121623005913947	0.00120409391932571
mv_mlimitecompra_lag1	0.000322125551934511	0.000412853218355622	0.00100341159943809
mrentabilidad_annual_lag6	0.000320898153541295	0.000510673461346089	0.00120409391932571
Master_mpagospesos	0.000319887671443087	0.000285496343553098	0.000200682319887618
mactivos_margen_por_edad_lag1	0.000315089051317676	0.000736583498042606	0.00160545855910094
mactivos_margen_sobre_ctrx_q_rank	0.000312162780250916	0.000794117631969317	0.00100341159943809
Visa_msaldopesos_ratioavg6	0.000311854674702165	0.00155502182229389	0.00160545855910094
ratio_total_mcaja_ahorro_antiguedad_lag1	0.000305961049336171	0.000772777476561681	0.000802729279550472
mrentabilidad_sobre_edad_lag6	0.000305318802618179	0.00225660844269318	0.00140477623921333
Visa_msaldototal_max6	0.000304837505071839	0.00182316020314851	0.0022075055187638
mpasivos_margen_sobre_antiguedad_lag2	0.000304831609412706	0.000973316303881174	0.00140477623921333
Visa_mpagominimo_lag6	0.000304386678911438	0.000841586346287618	0.00160545855910094
total_mcaja_ahorro_lag6	0.000302225681622053	0.000682054331620347	0.00100341159943809
Master_Fvencimiento_ratioavg6	0.000302179737742384	0.000959512997864787	0.0022075055187638
thomebanking_avg6	0.000301831500129767	0.0023613425540069	0.00140477623921333
mpasivos_margen_sobre_ctrx_q	0.000300914988277969	0.000591050234432662	0.00140477623921333
ctarjeta_visa_trx_delta6	0.000298842785042287	0.000713765289512861	0.00120409391932571
mpasivos_margen_sobre_antiguedad_delta1	0.000298650066046075	0.00112785225468942	0.00140477623921333
ccomisiones_otras_avg6	0.000297618148380433	0.000710833613898761	0.00100341159943809
Visa_cconsumos_avg6	0.000295926808010514	0.000724197168573034	0.00160545855910094
mcaja_ahorro_dolares_rank	0.000295068278921083	0.00274189847934719	0.00200682319887618
mactivos_margen_por_edad	0.000294388343492529	0.000448277632025996	0.000802729279550472
mcaja_ahorro_min6	0.000293991298863772	0.00113755121484606	0.00120409391932571
ctarjeta_visa_debitos_automaticos_avg6	0.000293985416234345	0.00113888268418747	0.00100341159943809
mrentabilidad_max6	0.000292620904535533	0.00047197534323997	0.000602046959662854
mcomisiones_sobre_antiguedad_lag2	0.000287064061970234	0.000801568974155154	0.00160545855910094
ratio_deuda_acumulada_antiguedad_delta6	0.000281937582693851	0.000700084136647062	0.00100341159943809
mcomisiones_ratiomax6	0.000278697910918744	0.000887308270552518	0.0022075055187638
cliente_antiguedad_lag6	0.000277874245926015	0.000728838988295358	0.00120409391932571
mvr_msaldopesos2_delta2	0.000275527137967869	0.000976199118235039	0.00160545855910094
Visa_cconsumos_ratioavg6	0.000275406004748064	0.000591477770459718	0.00120409391932571
ctarjeta_visa_debitos_automaticos_ratioavg6	0.00027504229237568	0.000739185360150119	0.00100341159943809
Master_Fvencimiento_min6	0.000274122044963555	0.000573753348309473	0.00100341159943809
mrentabilidad_annual_por_antiguedad_lag6	0.000271606500284342	0.00068173673342882	0.00120409391932571
ccomisiones_otras_ratioavg6	0.000269792831927143	0.000965706162599573	0.00180614087898856
mrentabilidad_annual_tend6	0.000269315364548133	0.00107406822248574	0.00140477623921333
mrentabilidad_annual_sobre_antiguedad	0.000268881553485461	0.00090839190434392	0.00120409391932571
mpasivos_margen_sobre_edad_rank	0.000268439173407698	0.000612121652909005	0.000802729279550472
mcuenta_corriente_avg6	0.000267541154675602	0.000713007939979219	0.00160545855910094
mtransferencias_recibidas_delta6	0.000267408744810954	0.00082056378907151	0.00140477623921333
mforex_sell_avg6	0.000265622705947309	0.00141320201446181	0.00100341159943809
mactivos_margen_sobre_edad	0.000257607938332897	0.000321763613962525	0.000602046959662854
mrentabilidad_annual_sobre_antiguedad_rank	0.000257606583243376	0.000770505427960754	0.000802729279550472
ratio_totalcomisiones_antiguedad_delta6	0.000255687071744204	0.000502843444393431	0.000802729279550472
mvr_mpagominimo_lag6	0.000255090023946549	0.00041501532912102	0.00100341159943809
mcaja_ahorro_lag1	0.000251952245612687	0.00122462198058483	0.00100341159943809
ctotal_comisiones_rank	0.000248668041131823	0.000605965134119395	0.00120409391932571
mcaja_ahorro_dolares_delta2	0.000248625581848996	0.00094854364494203	0.00100341159943809
mcomisiones_tend6	0.000248554364869947	0.000890362099317206	0.00140477623921333
mv_Fvencimiento	0.000247233018324171	0.000855023192852243	0.00140477623921333
mrentabilidad_ratioavg6	0.000246359979239797	0.000502806798448254	0.000602046959662854
mcomisiones_min6	0.000244846646193943	0.000901148222514081	0.000802729279550472
Visa_mpagospesos_ratioavg6	0.000244549389292488	0.00148698251741666	0.00120409391932571
mcuenta_corriente_delta2	0.000243431340731937	0.00082017289898963	0.00180614087898856
total_mcaja_ahorro_lag1	0.000243278158965145	0.000339805634304299	0.00100341159943809
mactivos_margen_sobre_antiguedad_delta6	0.000243271703028613	0.00055696950541875	0.00100341159943809
mrentabilidad_por_antiguedad_delta1	0.000240269286921038	0.000646092444087388	0.00140477623921333
chomebanking_trx_lag6	0.000236853323777618	0.0002948532748881	0.000802729279550472
mrentabilidad_sobre_ctrx_q_delta6	0.00023477932187587	0.000893415928081893	0.00180614087898856
mcomisiones_sobre_edad_lag6	0.000233949565211895	0.000897752364927749	0.00160545855910094
mcomisiones_por_antiguedad_delta6	0.000233756059901195	0.000710796967953585	0.00140477623921333
mactivos_margen_sobre_antiguedad	0.000232246182560224	0.000721473153314932	0.000602046959662854
ratio_deuda_acumulada_cproductos_sobre_ctrx_q_lag2	0.000230386406035747	0.00228430056193137	0.00100341159943809
ccallcenter_trx_ratiomax6	0.000228691678508534	0.000656157863695798	0.000401364639775236
Visa_mfinanciacion_limite_max6	0.000228456935308405	0.000710332785981353	0.00180614087898856
mactivos_margen_min6	0.000227563338745542	0.000776319917928718	0.00120409391932571
total_mcaja_ahorro_rank	0.000226730481011316	0.000467822136119995	0.00120409391932571
Visa_msaldopesos_lag1	0.000223034295325476	0.000385539773884257	0.000802729279550472
Visa_fultimo_cierre_ratioavg6	0.000221400202389246	0.000525344054731647	0.00100341159943809
mrentabilidad_sobre_antiguedad_lag1	0.000220062477501854	0.000762394458761744	0.000802729279550472
Master_mfinanciacion_limite_lag6	0.000216967849591795	0.000424018016319319	0.000802729279550472
ccuenta_debitos_automaticos_ratiomax6	0.000211625557579932	0.000467602260448938	0.000802729279550472
mautoservicio_ratiomax6	0.000211251794204921	0.000628221438156437	0.00100341159943809
Visa_mfinanciacion_limite	0.000208566612938585	0.000538390011214392	0.00120409391932571
mcomisiones_delta2	0.000208171951046669	0.000857368533343523	0.00140477623921333
Visa_mconsumosdolares_lag1	0.000206524258495454	0.000420744311883574	0.00100341159943809
ratio_deuda_acumulada_cproductos_sobre_ctrx_q_rank	0.000206343854838331	0.000845788414667828	0.00120409391932571
Visa_mpagominimo_max6	0.000202671272183348	0.000359056970836888	0.000602046959662854
ratio_comisiones_rank	0.000199540013801533	0.000537021895927812	0.000602046959662854
mv_mlimitecompra_lag6	0.000198203847946902	0.000566924987191631	0.00100341159943809
Visa_msaldopesos	0.000197452913078754	8.16349505376241e-05	0.000200682319887618
Master_Fvencimiento_lag2	0.00019381472148546	0.000523084221445779	0.00140477623921333
cproductos_sobre_ctrx_q_delta6	0.000191655083251159	0.000625961604870569	0.000802729279550472
mcomisiones_por_ctrx_q_rank	0.000189929494579818	0.000618962229341905	0.00100341159943809
mcomisiones_sobre_ctrx_q_delta6	0.000188862568924188	0.000971948188594595	0.00180614087898856
mcaja_ahorro_dolares_delta6	0.000188328075616507	0.000323620341851455	0.000401364639775236
chomebanking_trx_avg6	0.00018561522605075	0.000730988883745698	0.00120409391932571
cextraccion_autoservicio_tend6	0.000183582884654144	0.00196005723901191	0.00120409391932571
ctransferencias_recibidas_rank	0.000183043493876183	0.00056224652152413	0.00100341159943809
mactivos_margen_por_edad_delta1	0.000181427337181311	0.00204687148313445	0.00120409391932571
mrentabilidad_annual_avg6	0.000180592037226799	0.000113199324649433	0.000401364639775236
mtarjeta_master_consumo_ratioavg6	0.000179984481253756	0.000980963091107952	0.000602046959662854
mtarjeta_visa_consumo_delta6	0.00017987251641556	0.000293460728971402	0.000602046959662854
mrentabilidad_por_edad_lag1	0.000179299189482634	0.000705837550039733	0.00120409391932571
rf_039_033	0.000177901192003509	0.000164381494745594	0.000200682319887618
mrentabilidad_annual_por_ctrx_q_lag2	0.000174927448049297	0.000469935385625159	0.000802729279550472
mcuentas_saldo_tend6	0.000174610078378916	0.00032484187335733	0.00100341159943809
Visa_fechaalta_lag6	0.00017287997349785	0.000317891359088902	0.00100341159943809
ctrx_quarter_delta1	0.000170763285143167	0.000544741975044942	0.000802729279550472
mpasivos_margen_sobre_antiguedad_lag6	0.000168790798821163	0.00161549984714976	0.00100341159943809
mvr_msaldopesos2_lag6	0.000168643943260342	0.00114567439936013	0.00120409391932571
mvr_Visa_mlimitecompra	0.000166456707540245	0.000774231099053672	0.00120409391932571
mactivos_margen_sobre_antiguedad_rank	0.000165913084373566	0.000306824283645675	0.00100341159943809
mcomisiones_mantenimiento_lag1	0.000163204217366059	0.0003902060242367	0.000602046959662854
cplazo_fijo_ratioavg6	0.000161829703384393	0.000891913444329667	0.000401364639775236
Visa_mconsumosdolares_lag6	0.000160572034149424	0.000524232461061301	0.00100341159943809
Master_mpagominimo_max6	0.000159165503345275	0.000162146092089843	0.000401364639775236
ctarjeta_debito_avg6	0.000158169178306905	0.000504687956967302	0.000802729279550472
ctransferencias_emitidas_tend6	0.000157204848563676	0.00108557504927108	0.00100341159943809
mactivos_margen_rank	0.000153242918039348	0.000493743034674662	0.000602046959662854
ccallcenter_trx_max6	0.000153179786276706	0.000391207680071517	0.000401364639775236
mtransferencias_emitidas_avg6	0.000152598375826899	0.000582023116604246	0.000802729279550472
Visa_mpagospesos_lag6	0.000152311733604523	0.000843992763354192	0.000802729279550472
mvr_mpagado_rank	0.000150951350623282	0.000374741435372323	0.000802729279550472
mrentabilidad_annual_por_edad_delta6	0.00015094739185841	0.000782097761951507	0.000602046959662854
mpasivos_margen_sobre_antiguedad_lag1	0.000149962024237063	0.000256998013521035	0.000401364639775236
mcaja_ahorro_dolares_max6	0.000149475685893667	0.000413476199423618	0.000802729279550472
mcuenta_corriente_ratioavg6	0.000149087593806591	0.000415711602079369	0.000802729279550472
cpagomiscuentas_ratiomax6	0.000148645140082658	0.000665404857195271	0.000802729279550472
mpasivos_margen_sobre_edad_lag2	0.000148244319104926	0.000335090522691621	0.000602046959662854
mv_fultimo_cierre_lag2	0.000146766691421635	0.000499655247163097	0.000401364639775236
mtarjeta_visa_debitos_automaticos_lag6	0.000146717799429146	0.000170415860384617	0.000200682319887618
mtransferencias_recibidas_lag1	0.00014657839176211	0.000429172879274111	0.000802729279550472
mcuenta_debitos_automaticos_delta6	0.000145658219129173	0.000724270460463386	0.000602046959662854
mrentabilidad_annual_delta6	0.000145494652119445	0.000475273478305833	0.00100341159943809
mcomisiones_lag6	0.000143165416387141	0.000296099237024092	0.000802729279550472
mtransferencias_emitidas_lag2	0.000142417684560863	0.000829444323119221	0.000802729279550472
mrentabilidad_annual_min6	0.000140705625257391	0.000448106617615173	0.00100341159943809
mactivos_margen_avg6	0.000140498290895562	0.000840780135493741	0.000802729279550472
mrentabilidad_rank	0.000139124564361402	0.000248899259637084	0.000802729279550472
mcomisiones_rank	0.000137620765095461	0.000449572455422223	0.000802729279550472
Master_msaldopesos_ratiomax6	0.000136134962687342	0.00039049919179811	0.000401364639775236
rf_004_035	0.000135293080464792	0.00028351746251358	0.000401364639775236
mtransferencias_recibidas_lag2	0.000135017385462277	4.95086719331125e-05	0.000200682319887618
mvr_mpagospesos_delta2	0.000134497758483699	0.000962249228437947	0.000802729279550472
Visa_mpagado_max6	0.000133724942772045	0.000499459802122157	0.000802729279550472
Master_fechaalta_lag2	0.000132645338645059	0.000455741189526892	0.000802729279550472
ratio_deuda_acumulada_cproductos_sobre_ctrx_q_delta2	0.000130987893074948	0.00236396884674453	0.000802729279550472
mcomisiones_por_edad_lag2	0.000128957440985847	0.000379419901039824	0.000602046959662854
ratio_total_mcaja_ahorro_antiguedad_delta1	0.00012807099263351	0.000200685411100199	0.000602046959662854
chomebanking_trx_delta2	0.000127856668683674	0.000441583639373801	0.000802729279550472
mrentabilidad_annual_por_ctrx_q_rank	0.000127102767574416	0.000603473209847411	0.000602046959662854
mv_fultimo_cierre_lag6	0.000125923968288539	0.000799089265198228	0.00120409391932571
Visa_mpagominimo_delta2	0.000122066618157628	0.000341466917152289	0.000802729279550472
Master_mpagominimo	0.000120785555500131	0.000207990169505331	0.000401364639775236
Visa_mconsumospesos_avg6	0.000120614302662839	0.000573606764528768	0.00140477623921333
mactivos_margen_delta1	0.000120597945848564	0.000522705546678958	0.000401364639775236
mactivos_margen_sobre_antiguedad_delta1	0.000119784800361404	0.000283260940897346	0.000602046959662854
ratio_totalcomisiones_ctrx_lag1	0.000119293667085855	0.000272499248330588	0.000802729279550472
ctransferencias_recibidas	0.000118423512098785	0.00067860961277378	0.000401364639775236
mrentabilidad_sobre_edad	0.000118223054023163	0.000150785849085206	0.000401364639775236
cprestamos_personales_rank	0.000118045328820578	0.000332500875899166	0.00100341159943809
cproductos_sobre_edad_lag1	0.00011661128154142	0.000403923823047676	0.000401364639775236
mrentabilidad_exp_lag6	0.00011659148205197	0.000275711876191039	0.000602046959662854
mv_mfinanciacion_limite_lag6	0.000112803994377096	0.000349834407967532	0.000802729279550472
mcomisiones_por_edad_lag1	0.000110680279044813	0.000424860873058373	0.00100341159943809
ctransferencias_emitidas_delta6	0.000109850196071655	0.000541211748992963	0.000602046959662854
cproductos_avg6	0.000108743458429742	0.000229269248337673	0.000602046959662854
cmobile_app_trx_delta6	0.000108660418407922	0.00023965226613761	0.000401364639775236
catm_trx_ratiomax6	0.000107686489736246	0.000483555461915665	0.000401364639775236
mrentabilidad_annual_exp_delta2	0.00010714455363336	0.000197497213869865	0.000401364639775236
cproductos_sobre_antiguedad_lag1	0.000106472483615723	0.000252270686593298	0.000401364639775236
Visa_mfinanciacion_limite_lag2	0.000104737588334576	0.000207990169505331	0.000401364639775236
mpasivos_margen_avg6	0.000102869245061044	0.00052893535735892	0.000802729279550472
mcaja_ahorro_dolares	0.000102296682348755	0.000602544845902945	0.000401364639775236
mrentabilidad_sobre_edad_rank	0.000101929798659006	0.000349052627803772	0.000602046959662854
mv_cconsumos_delta6	0.000101287242627102	0.00109857214449359	0.000602046959662854
mtarjeta_visa_debitos_automaticos_ratiomax6	0.000100770404572317	0.000199463879594324	0.000401364639775236
mcomisiones_por_ctrx_q_lag1	0.000100046151711425	0.000273378751014818	0.000602046959662854
ctrx_quarter_ratiomax6	9.87848477547306e-05	0.000412657773314682	0.000802729279550472
mrentabilidad_tend6	9.85766285058478e-05	0.000372115142634692	0.000802729279550472
mcomisiones_por_antiguedad_lag1	9.83498957429382e-05	0.000304772110715805	0.000802729279550472
Visa_mpagominimo_avg6	9.76823498661518e-05	0.000140268462819623	0.000401364639775236
mcuenta_debitos_automaticos_ratioavg6	9.55663673816796e-05	0.000431383851299745	0.000602046959662854
ccuenta_debitos_automaticos_ratioavg6	9.44216679718674e-05	0.000164711308252181	0.000200682319887618
mtarjeta_visa_consumo_ratioavg6	9.37709440132423e-05	0.000177244221502458	0.000200682319887618
matm_max6	9.32787859229181e-05	0.000562258736839189	0.000401364639775236
rf_028_040	9.14649759384694e-05	0.00057543906178758	0.000401364639775236
mv_mpagospesos_delta2	9.1238204652948e-05	0.000713166739074983	0.000401364639775236
mvr_mpagominimo_delta2	9.10209076638949e-05	0.000830494840214273	0.000602046959662854
cproductos_sobre_ctrx_q_rank	8.99388052322313e-05	0.000353645586265862	0.000200682319887618
Visa_fechaalta_rank	8.89028574215832e-05	0.000358433989768892	0.000602046959662854
mcomisiones_sobre_edad_lag2	8.86832909974875e-05	0.000187028688864516	0.000602046959662854
mrentabilidad_sobre_antiguedad	8.78841224203043e-05	0.000267747490772734	0.000401364639775236
Master_Fvencimiento_rank	8.75646702628499e-05	0.000359118047412182	0.000200682319887618
mactivos_margen_por_antiguedad_rank	8.73808222310243e-05	0.000389705196319291	0.000401364639775236
Visa_mpagominimo_lag2	8.73268565839562e-05	0.000225653515080283	0.000401364639775236
ratio_totalcomisiones_ctrx_lag2	8.52465188455845e-05	0.000399074342969352	0.000802729279550472
mcomisiones_por_edad_lag6	8.50004494310753e-05	0.000311954715970349	0.000401364639775236
cproductos_sobre_ctrx_q_lag6	8.46446500563641e-05	0.000315350573556682	0.000802729279550472
mpasivos_margen_sobre_ctrx_q_rank	8.46035226361894e-05	0.000266379375486154	0.000602046959662854
Visa_cconsumos_delta2	8.17659827406339e-05	0.000336299838882437	0.000602046959662854
mrentabilidad_annual_exp_delta1	8.17247941374875e-05	0.000240348539095959	0.000602046959662854
mprestamos_personales	8.09996535569973e-05	0.00104902682661531	0.000401364639775236
mpayroll_delta6	8.09215523606148e-05	0.000268297179950378	0.000401364639775236
mrentabilidad_sobre_ctrx_q_delta2	8.07799930924081e-05	0.000274636928465869	0.000401364639775236
mpasivos_margen_por_edad	7.99265155637045e-05	0.000345155942300031	0.000200682319887618
chomebanking_trx	7.8065229859259e-05	0.00023808870581009	0.000602046959662854
ccajas_trx_ratioavg6	7.7032434104671e-05	0.000423920293798849	0.000200682319887618
mtransferencias_emitidas_delta2	7.66741630512052e-05	0.000449157134710226	0.000602046959662854
mcomisiones_sobre_edad_rank	7.58359750338256e-05	0.000551155015450786	0.00100341159943809
Visa_fechaalta	7.50927140965527e-05	0.000215099482869523	0.000401364639775236
mcomisiones_otras_lag6	7.48722129326117e-05	0.000212619773912597	0.000401364639775236
mrentabilidad_annual_sobre_ctrx_q_rank	7.37949212953519e-05	0.000107140528380293	0.000200682319887618
Master_fultimo_cierre_min6	7.22539273146945e-05	0.000241973175998772	0.000401364639775236
ccallcenter_trx	7.1758276129894e-05	0.00033979341898924	0.000200682319887618
cproductos_lag2	7.10224171991778e-05	0.000164894537978062	0.000401364639775236
mactivos_margen_por_edad_rank	7.04871828977287e-05	0.000170745673891203	0.000401364639775236
mtransferencias_emitidas_ratiomax6	6.97552804658485e-05	0.000358788233905596	0.00100341159943809
mcomisiones_por_edad	6.89109656536648e-05	0.000131607804442969	0.000401364639775236
cprestamos_personales_avg6	6.79124051707923e-05	0.000398133763709828	0.000200682319887618
mv_cconsumos_delta2	6.67496369565161e-05	0.000116937211057411	0.000401364639775236
mrentabilidad_annual_por_edad_delta2	6.67495542462025e-05	0.000318416617636428	0.000602046959662854
Visa_mconsumosdolares_ratioavg6	6.58750892586817e-05	0.000182582314183132	0.000200682319887618
mcomisiones_mantenimiento_lag2	6.57351694675127e-05	0.000192293489654837	0.000401364639775236
Visa_mconsumospesos_lag2	6.44827166473895e-05	0.000125597869434064	0.000401364639775236
mcomisiones_lag1	6.4152784073488e-05	5.43825826415536e-05	0.000200682319887618
ccomisiones_otras_lag6	6.31449135817563e-05	0.000257120166671622	0.000602046959662854
mvr_mpagominimo_lag2	5.94545799338569e-05	0.000139205730409511	0.000200682319887618
mv_mconsumospesos_delta6	5.92763584693909e-05	0.000324475413905568	0.000401364639775236
mcuenta_corriente_delta1	5.80704624916711e-05	0.000149930777031094	0.000401364639775236
mactivos_margen_sobre_edad_lag2	5.76911654567762e-05	0.000265988485404274	0.000602046959662854
mv_mconsumospesos_delta2	5.69041518966358e-05	0.000202273402057836	0.000200682319887618
mcomisiones_mantenimiento_avg6	5.68454185098477e-05	0.000185257468180998	0.000401364639775236
mpayroll_avg6	5.65846226939578e-05	0.00116174975397745	0.000401364639775236
Master_fechaalta_lag1	5.65112490151565e-05	0.000226093266422398	0.000802729279550472
ctarjeta_visa_trx	5.63415178210307e-05	0.0002481541254185	0.000200682319887618
Master_fechaalta_min6	5.63387068033869e-05	0.000222831777301712	0.000401364639775236
mrentabilidad_min6	5.57018657142458e-05	0.000144055210487835	0.000401364639775236
Visa_Fvencimiento_tend6	5.33195639511615e-05	0.000136603868301998	0.000200682319887618
mpagomiscuentas_avg6	5.31385416662137e-05	0.000232469660883065	0.000401364639775236
mrentabilidad_exp	5.20619921557401e-05	0.00014361545914572	0.000401364639775236
ctarjeta_debito_max6	5.14847784045845e-05	0.000210078988380377	0.000401364639775236
mactivos_margen_por_edad_delta6	5.09350460048805e-05	7.38293642150831e-05	0.000200682319887618
Visa_fultimo_cierre_avg6	5.0849010283484e-05	0.000163770728992657	0.000401364639775236
ccallcenter_trx_avg6	5.00439137561546e-05	0.00023330030230706	0.000200682319887618
mpayroll_sobre_edad_delta6	4.9874740573391e-05	0.000152874667960252	0.000200682319887618
Visa_msaldopesos_delta1	4.9188068219843e-05	0.000121774475820676	0.000200682319887618
mcomisiones_mantenimiento_lag6	4.85860821632602e-05	0.000123093729847021	0.000200682319887618
mtransferencias_emitidas_tend6	4.82040239635133e-05	0.000272511463645647	0.000200682319887618
Master_mpagospesos_lag1	4.81810463585891e-05	0.00010160699065868	0.000200682319887618
mrentabilidad_annual_exp_lag2	4.50696565803225e-05	0.00011382230571743	0.000401364639775236
mpayroll_sobre_edad_delta2	4.506697472673e-05	0.00118434808683613	0.000401364639775236
mrentabilidad_annual_por_edad_lag2	4.41053494974534e-05	0.000175192048572588	0.000401364639775236
ccomisiones_mantenimiento_avg6	4.30052638041844e-05	0.00120694641969482	0.000401364639775236
rf_035_056	4.29842599166062e-05	6.19560779779784e-05	0.000200682319887618
mrentabilidad_annual_por_ctrx_q_delta2	4.26857504637584e-05	0.000128358530637342	0.000200682319887618
ctarjeta_visa_debitos_automaticos_max6	4.2676885730971e-05	0.000533161856369247	0.000200682319887618
mactivos_margen_sobre_antiguedad_lag6	4.24845717886921e-05	0.00013843616556081	0.000200682319887618
mcuenta_corriente	4.20582273146023e-05	0.000169463065810034	0.000401364639775236
mpayroll_tend6	4.19123455827473e-05	0.00120694641969482	0.000401364639775236
Visa_cconsumos_lag6	4.12563066367109e-05	0.000130606148608152	0.000401364639775236
mcomisiones_lag2	4.079407495067e-05	0.000232860550964945	0.000401364639775236
cprestamos_personales_ratioavg6	4.0420176746518e-05	0.000102278832986911	0.000200682319887618
mvr_Master_mlimitecompra_lag2	3.90232947236085e-05	0.000184842147469	0.000401364639775236
mv_fultimo_cierre_lag1	3.79339857309922e-05	0.000220559728700784	0.000401364639775236
mactivos_margen_sobre_ctrx_q_delta2	3.76845036662843e-05	0.000144800344706419	0.000401364639775236
cextraccion_autoservicio_ratioavg6	3.76093902383527e-05	0.000139950864628095	0.000200682319887618
cpayroll_trx_ratioavg6	3.70196566383602e-05	0.000181568443033255	0.000200682319887618
ctarjeta_visa_debitos_automaticos_ratiomax6	3.65722074380908e-05	7.14107318334506e-05	0.000200682319887618
mv_msaldototal_delta2	3.61339515458271e-05	0.000219167182784087	0.000200682319887618
ccomisiones_otras_min6	3.58964505798998e-05	6.10643599786897e-05	0.000200682319887618
mpayroll_lag2	3.56357340752694e-05	0.000394041633165147	0.000200682319887618
Visa_mpagado_ratioavg6	3.55051174948516e-05	0.000133012565674725	0.000200682319887618
mtarjeta_visa_consumo_ratiomax6	3.42872908376519e-05	6.17972788822146e-05	0.000200682319887618
mtransferencias_emitidas_delta1	3.38871428726081e-05	0.000157455411107283	0.000200682319887618
cmobile_app_trx_rank	3.29441365280316e-05	0.000121395801053854	0.000401364639775236
mcomisiones_sobre_ctrx_q_rank	3.1647902759591e-05	0.000111513611171326	0.000200682319887618
Visa_fechaalta_ratioavg6	2.83465732782525e-05	0.000124009878476427	0.000401364639775236
Master_msaldopesos_lag2	2.7609189871825e-05	6.67689121111258e-05	0.000200682319887618
mv_fechaalta_lag1	2.74164499147801e-05	7.74206668423555e-05	0.000200682319887618
mcomisiones_mantenimiento_min6	2.71633744835033e-05	0.00024336572191547	0.000200682319887618
Visa_mpagominimo_delta1	2.65723515090333e-05	7.7689403773648e-05	0.000200682319887618
mv_mpagominimo_delta2	2.60975127317699e-05	0.000103475933862669	0.000200682319887618
Master_cconsumos_min6	2.60029057292466e-05	6.61825769883058e-05	0.000200682319887618
mcomisiones_por_antiguedad_rank	2.41574505522173e-05	0.00013657943767188	0.000200682319887618
mactivos_margen_por_ctrx_q_rank	2.26454017822601e-05	0.000121395801053854	0.000200682319887618
mpasivos_margen_por_antiguedad_delta1	2.1918054082717e-05	8.71929188893552e-05	0.000200682319887618
Visa_mpagominimo	2.18234833367695e-05	6.5241997728782e-05	0.000200682319887618
mcaja_ahorro_dolares_lag2	2.08030057538154e-05	6.76117688501795e-05	0.000200682319887618
cforex_sell_avg6	2.0247400921847e-05	8.77670386971164e-05	0.000200682319887618
Visa_fultimo_cierre_lag6	1.98465731460066e-05	9.77713817302324e-05	0.000200682319887618
chomebanking_trx_min6	1.95982881148097e-05	7.95094857174017e-05	0.000200682319887618
mcomisiones_sobre_antiguedad_lag1	1.87265066804083e-05	7.57227380491893e-05	0.000200682319887618
mcomisiones_por_antiguedad	1.81906911407282e-05	4.6552565688895e-05	0.000200682319887618
mpasivos_margen_por_antiguedad_lag1	1.79958970220597e-05	0.000166164930744172	0.000200682319887618
mv_mpagominimo_lag1	1.73666686808222e-05	0.000120638451520212	0.000401364639775236
mv_mpagominimo_delta6	1.71349914273855e-05	8.61424017943027e-05	0.000200682319887618
cextraccion_autoservicio_rank	1.60531405257167e-05	9.47541989107213e-05	0.000200682319887618
Master_mfinanciacion_limite_lag1	1.48274869802124e-05	5.52987312709598e-05	0.000200682319887618
Master_mpagominimo_lag1	1.40156387986551e-05	6.77094913706495e-05	0.000200682319887618
Master_mlimitecompra_rank	1.39486349470177e-05	9.89684826059899e-05	0.000401364639775236
Visa_msaldopesos_delta2	1.35630151052057e-05	7.8178016375998e-05	0.000200682319887618
Master_fechaalta_tend6	1.06264522694943e-05	6.27012121965621e-05	0.000200682319887618
Visa_mpagominimo_rank	9.34634587918436e-06	5.22082565610961e-05	0.000200682319887618
Visa_fechaalta_tend6	8.0132221778676e-06	8.85488188608764e-05	0.000200682319887618
mvr_mpagominimo_delta1	7.50104592562031e-06	5.81815456248247e-05	0.000200682319887618
mcomisiones	7.18915609676884e-06	6.95784345746382e-05	0.000200682319887618
rf_015_048	5.94427920146443e-06	0.00032611226612344	0.000200682319887618
Visa_msaldototal	5.52362870930497e-06	7.66511019936542e-05	0.000200682319887618
