Feature	Gain	Cover	Frequency
ctrx_quarter_normalizado	0.226013584506383	0.0110428719691719	0.00518925518925519
mcuenta_corriente	0.121099140236735	0.00941375324421243	0.00671550671550672
Visa_Finiciomora_mean3	0.0295981358389612	0.00401247161609147	0.00122100122100122
mpasivos_margen_mean3	0.0291562309379231	0.000555507683622358	0.00152625152625153
cpayroll_trx	0.0272919229240595	0.0118794977397809	0.00488400488400488
mtarjeta_visa_consumo	0.0219319727791525	0.0127703018587345	0.00915750915750916
ctrx_quarter	0.0170690013345461	0.0103165518372849	0.00824175824175824
mpasivos_margen	0.016219994938084	0.00491040585466539	0.00305250305250305
foto_mes	0.0132224186881885	0.00394122482385324	0.00518925518925519
cprestamos_personales_mean9	0.0123848890050947	0.00259187048722712	0.00213675213675214
mpayroll	0.0103852436277138	0.00971081969346464	0.00457875457875458
cproductos	0.00861625915049328	0.00494603885148417	0.00396825396825397
mcuentas_saldo	0.00740308451892548	0.00816941456079107	0.00702075702075702
mdescubierto_preacordado	0.00716378985281961	0.00342592007009176	0.00122100122100122
mpayroll_sobre_edad	0.00621816010719766	0.00738897208464082	0.00244200244200244
mprestamos_personales	0.00606886725107171	0.00947925241758259	0.00396825396825397
mcaja_ahorro	0.00536869948030952	0.00470529490683587	0.00824175824175824
mcuentas_saldo_delta2	0.00523595766699584	0.00406620513201817	0.0054945054945055
mprestamos_personales_delta2	0.00495136071137182	0.00430913163572439	0.00122100122100122
mactivos_margen	0.00449584395052833	0.00652766931565118	0.00610500610500611
cprestamos_personales_delta3	0.00420962655888591	0.00233052504120732	0.000915750915750916
mv_Finiciomora_lag1	0.00416283880981859	0.00388503032857825	0.00152625152625153
mprestamos_personales_delta3	0.00403131536649959	0.00666419926551703	0.00183150183150183
mv_Finiciomora_delta1	0.00402719786597589	0.00380396362069599	0.000915750915750916
mv_msaldototal_lag1	0.00359015778237363	6.27069698833028e-05	0.000305250305250305
mv_status07_delta3	0.00346154815292101	0.00274434399900875	0.000915750915750916
ctarjeta_visa_trx	0.00324563987236903	0.0020401502796239	0.00335775335775336
cproductos_delta3	0.00319853823984875	0.000796875673749101	0.000610500610500611
mpayroll_sobre_edad_mean3	0.00311259163948929	8.88464748467781e-05	0.000305250305250305
mcuentas_saldo_delta3	0.0030444973305738	0.00252221421090061	0.00366300366300366
cliente_vip_lag1	0.00301915816650064	0.00784546455235109	0.00183150183150183
mv_mpagospesos	0.00290799813810779	0.00041189881786777	0.00152625152625153
ctrx_quarter_normalizado_delta2	0.00285679338049668	0.00219167172202175	0.00183150183150183
mdescubierto_preacordado_mean6	0.00272992790790472	0.000189842635123751	0.000305250305250305
mcuenta_corriente_mean3	0.0026715921046526	0.00258208737426516	0.00274725274725275
mv_mpagominimo	0.00263991443786197	0.00671975371414748	0.00335775335775336
Visa_Finiciomora	0.00262640551641256	0.00423519184722921	0.000915750915750916
cproductos_mean3	0.00254108074531945	0.00535816008556092	0.00335775335775336
mpasivos_margen_sobre_edad	0.00253447499572837	0.00475878200480441	0.00305250305250305
ccaja_ahorro	0.00232299098675366	0.00749017946031049	0.00274725274725275
chomebanking_trx_mean9	0.00220600518710682	0.000962497343726419	0.00305250305250305
mcomisiones_otras_mean6	0.00214477337902779	5.86746760226296e-05	0.000305250305250305
cprestamos_personales_delta2	0.00213697113335912	0.00273526813758901	0.000610500610500611
mcuenta_corriente_mean9	0.0021233755952275	0.00336205301566521	0.00366300366300366
mdescubierto_preacordado_delta3	0.00207896202871401	0.000929107710396789	0.000305250305250305
thomebanking_mean9	0.00205105932357822	0.00186646402192523	0.00183150183150183
mtarjeta_visa_debitos_automaticos_delta3	0.00196668545350703	0.00442234628644585	0.00213675213675214
mv_fechaalta_delta2	0.00195541184004231	0.00494937349450229	0.00122100122100122
chomebanking_trx_delta2	0.0018757611240132	0.00264446792035974	0.00396825396825397
Master_mpagominimo_delta2	0.00181391536989068	0.000158398743593557	0.000610500610500611
mrentabilidad_annual_delta1	0.00180841421724648	0.00307012454085214	0.00305250305250305
mv_Finiciomora	0.00176030320683973	0.00205613064422173	0.000915750915750916
mcuenta_debitos_automaticos	0.0017408417734437	0.0117809545582692	0.00335775335775336
mcuentas_saldo_lag2	0.00172920979077348	0.000977490436375034	0.00335775335775336
mcuentas_saldo_delta1	0.00171329241885359	0.00372126639398674	0.00305250305250305
mv_status04_delta3	0.00170104979950152	0.00173237585000835	0.000610500610500611
mcaja_ahorro_dolares_delta1	0.00167936790927531	0.00479738001770407	0.00183150183150183
mv_msaldototal	0.00164732499886296	0.000871276295828356	0.00122100122100122
mactivos_margen_sobre_edad_mean6	0.00160666862979641	0.000374014456976778	0.00152625152625153
mtransferencias_emitidas_mean9	0.00157071791166822	0.00181879494795566	0.00305250305250305
cproductos_mean6	0.00154127764502965	0.00184856671762697	0.00305250305250305
mrentabilidad_annual_exp_lag2	0.00153531109142307	0.000599030855451847	0.00274725274725275
mvr_mpagospesos	0.00148850957079132	0.00370350189936722	0.00244200244200244
cliente_edad_mean9	0.00146991911390598	0.0022295080794144	0.00335775335775336
cliente_edad_lag3	0.0014617918586199	0.00400989222811393	0.0054945054945055
ctrx_quarter_delta2	0.00144226517940031	0.00173759383027805	0.00244200244200244
internet_delta2	0.00144040588278116	0.000539728933717557	0.00122100122100122
mcuenta_corriente_delta1	0.00143656046354258	0.00483096486526029	0.00305250305250305
mcaja_ahorro_mean3	0.00140780267217114	0.00252641611712208	0.00396825396825397
chomebanking_trx_mean6	0.00140590039104546	0.000834656027060353	0.00274725274725275
Visa_Fvencimiento_mean9	0.00139808026242378	0.00103636992732392	0.00305250305250305
mprestamos_personales_mean6	0.0013972286541761	0.000342759379206727	0.000305250305250305
mtransferencias_recibidas_mean3	0.00137351246107243	0.0031730040383807	0.00183150183150183
ccomisiones_mantenimiento_delta3	0.00136669345361338	0.000660491334494886	0.000610500610500611
tmobile_app_delta2	0.00136354161929901	0.00113638041576828	0.00213675213675214
mcomisiones_sobre_edad_mean9	0.00135682769092571	0.00343468870912212	0.00366300366300366
mpasivos_margen_lag2	0.00132516655630031	0.000954555964984149	0.00305250305250305
mactivos_margen_delta3	0.00131788677508894	0.00121188031795956	0.00274725274725275
mcuenta_corriente_delta3	0.00129913001439909	0.00352909558919343	0.00244200244200244
cproductos_delta2	0.00127884378740071	0.000417812848863424	0.000305250305250305
mv_mpagospesos_delta3	0.00127688190789516	0.00172107262626557	0.00244200244200244
mcomisiones_sobre_edad_mean6	0.00125001790946035	0.00097315572047481	0.00244200244200244
mpasivos_margen_delta3	0.00124942050042186	0.000536725514838	0.00213675213675214
mprestamos_personales_delta1	0.00124916751121128	0.00182080789465278	0.00183150183150183
chomebanking_trx_lag3	0.00124810868758328	0.00159012388314021	0.00335775335775336
chomebanking_trx_lag2	0.00123083308213637	0.00189242271371162	0.00335775335775336
chomebanking_trx_delta3	0.00123032011079541	0.00204726279796147	0.00396825396825397
mrentabilidad_annual_sobre_edad_delta3	0.00121950248052438	0.00114797166050111	0.00274725274725275
mrentabilidad_exp_mean6	0.00121581617610286	0.00119045795676642	0.00213675213675214
mrentabilidad_annual_sobre_edad_delta1	0.00119411197262911	0.00153222046332426	0.00183150183150183
mrentabilidad_delta3	0.001190761265064	0.000617813024236205	0.00244200244200244
cliente_edad_mean6	0.0011752271982974	0.00473924138074626	0.00335775335775336
mactivos_margen_mean3	0.00116371011363487	0.00248101920874067	0.00427350427350427
mactivos_margen_lag2	0.00116203939087005	0.00128954997827586	0.00274725274725275
mcuenta_corriente_delta2	0.00115372416816231	0.0015501705714707	0.00244200244200244
ctarjeta_visa_trx_delta3	0.00114024300608475	0.00286757377960082	0.00152625152625153
Visa_Finiciomora_delta1	0.00113495783819222	0.0013339388131921	0.000305250305250305
ccomisiones_mantenimiento_mean9	0.0011303492871764	0.000771817847614917	0.00213675213675214
mcomisiones_sobre_edad_mean3	0.00112877133984114	0.00313708142045526	0.00274725274725275
Visa_cconsumos_delta3	0.00112180984361821	0.000331897787648691	0.00122100122100122
mpasivos_margen_sobre_edad_mean3	0.00110736229296296	0.00146841901367878	0.00244200244200244
ctarjeta_visa_debitos_automaticos_delta3	0.00109972960656906	0.00174398629614051	0.00152625152625153
mrentabilidad_sobre_edad_mean9	0.00109559184129739	0.000526238350567027	0.00152625152625153
mrentabilidad_annual_exp_delta2	0.00109095326056417	0.00102705404841248	0.00274725274725275
cliente_edad	0.00107611069100547	0.00259829655553842	0.00183150183150183
cproductos_sobre_edad_delta2	0.00106296848290677	0.000616489727798595	0.000915750915750916
chomebanking_trx_delta1	0.00104665192142164	0.00221037548509215	0.00244200244200244
cpayroll_trx_mean3	0.00104575324797034	0.000120125554366	0.000305250305250305
mcuentas_saldo_lag3	0.00102500572303583	0.00156070893947324	0.00244200244200244
mvr_mpagominimo	0.00101963747942247	0.00202816060585484	0.00183150183150183
mrentabilidad_annual_exp	0.000997275664119078	0.000171618907036764	0.000305250305250305
ctransferencias_recibidas_mean9	0.000996075666612642	0.00279555733127252	0.00274725274725275
mcaja_ahorro_mean9	0.000994016404692997	0.00170313691916863	0.00244200244200244
mcomisiones_otras_mean9	0.000972418999501775	0.00426921032638711	0.00152625152625153
cproductos_sobre_edad	0.000962147929966411	0.00388560317032512	0.00366300366300366
mpayroll_delta3	0.000961553717200154	0.00227396411922832	0.000915750915750916
mv_fechaalta_mean9	0.000956652945673015	0.00166165069578543	0.00213675213675214
mvr_mpagospesos_delta2	0.000949295951035603	0.00237003672069209	0.00122100122100122
mrentabilidad_delta1	0.000942619914746091	0.000778123907180359	0.00244200244200244
mtarjeta_visa_consumo_delta3	0.000942381987010143	0.00112626287843454	0.00183150183150183
mtransferencias_recibidas_delta1	0.000937304440698949	0.00432610887297111	0.00244200244200244
tcallcenter	0.00092879233749592	0.000869581772336906	0.000610500610500611
mrentabilidad_annual_sobre_edad_delta2	0.000921601597885537	0.00170751803845058	0.00244200244200244
ccaja_ahorro_mean3	0.000916040723497101	0.0023335316603201	0.00122100122100122
mcomisiones_lag2	0.000911481885336494	0.00148448898480685	0.00152625152625153
mv_fechaalta_mean6	0.000906403839998408	0.000660603342657682	0.00274725274725275
mrentabilidad_exp_delta3	0.000905330991506329	0.00143506298279798	0.00213675213675214
mrentabilidad_mean9	0.000889133123712056	0.00113102002512017	0.000915750915750916
mcomisiones_sobre_edad_lag1	0.000883764186805013	0.000463320165291022	0.00244200244200244
mv_Finiciomora_mean3	0.000880986946152555	0.00275442313354382	0.00122100122100122
mrentabilidad_annual_exp_delta3	0.000877837244070456	0.00231389502926527	0.00213675213675214
mrentabilidad_sobre_edad_delta3	0.000875182097032965	0.000961810893700138	0.00213675213675214
mcaja_ahorro_delta1	0.00087478876484344	0.00111507646320439	0.00122100122100122
cliente_edad_lag1	0.000873136571775241	0.00109040106494033	0.00183150183150183
chomebanking_trx	0.000868335415020813	0.00101392669173273	0.00213675213675214
ccallcenter_trx_mean6	0.000858424176081058	0.0017261817986057	0.00183150183150183
Visa_msaldopesos	0.000858254931140344	0.00186206050101072	0.00274725274725275
ctrx_quarter_delta3	0.000853420965995449	0.00103738920160537	0.00274725274725275
ccomisiones_mantenimiento_delta2	0.000852358796095874	0.000903757062922723	0.000610500610500611
ccomisiones_otras_mean3	0.000851346900455162	0.00324519169918642	0.00122100122100122
mrentabilidad_annual_exp_delta1	0.000848892527426525	0.000736964107585876	0.00213675213675214
cliente_edad_lag2	0.000843819676867205	0.00133102660095939	0.00183150183150183
mcomisiones_mantenimiento_delta2	0.000842550803094115	0.00258931350088214	0.00183150183150183
ctrx_quarter_normalizado_delta1	0.000838167052979626	0.00121074903551531	0.00274725274725275
Visa_msaldototal	0.000830447625174124	0.00103682916079139	0.00122100122100122
mrentabilidad_exp_mean9	0.000828792295613781	0.000318095181758942	0.00152625152625153
mrentabilidad_sobre_edad_delta2	0.000828580965302631	0.00336555567092752	0.00274725274725275
ctarjeta_visa_trx_delta2	0.000816665602236675	0.000378104355035461	0.000915750915750916
mpagomiscuentas	0.00081513622012908	0.00736654004986591	0.000915750915750916
numero_de_cliente	0.00081354956111569	0.00142853450702356	0.00305250305250305
cmobile_app_trx_delta2	0.000812590136690421	0.00279768708648226	0.00183150183150183
mtransferencias_emitidas_mean3	0.000801692465370986	0.00123549963926011	0.00244200244200244
mactivos_margen_delta2	0.000795961311363285	0.00118932027385573	0.00213675213675214
mrentabilidad_mean3	0.000787503438239658	0.000700471848146783	0.00152625152625153
tmobile_app_delta3	0.000787467156992712	0.00043089220204483	0.00122100122100122
mcomisiones_mantenimiento	0.000783804447544063	0.00151254222923753	0.00122100122100122
Visa_Fvencimiento	0.000782923680824752	0.00101658928577406	0.00183150183150183
mpasivos_margen_sobre_edad_delta2	0.000781252155066151	0.000461190410081277	0.00152625152625153
Master_mfinanciacion_limite_lag1	0.000778483618996656	0.0020762505104932	0.00183150183150183
mactivos_margen_sobre_edad_lag3	0.000777262309395684	0.00051698967655326	0.00183150183150183
mv_cconsumos_delta2	0.000775908713890104	0.00156442761047808	0.000915750915750916
mactivos_margen_sobre_edad	0.00077269886477113	0.00170712921011402	0.00244200244200244
Visa_mpagospesos_delta3	0.00077211521232379	0.000408458567153307	0.00152625152625153
mcaja_ahorro_dolares_mean9	0.000772037853495206	0.00126791480157341	0.00183150183150183
mvr_mconsumospesos_delta3	0.000760574064716761	0.00172238792212012	0.00213675213675214
mrentabilidad_sobre_edad_lag1	0.000758682312974248	0.000526676782518544	0.00183150183150183
Visa_mpagospesos_lag2	0.000754897911125432	0.0014088658736365	0.00213675213675214
mtransferencias_recibidas	0.000747173511000133	0.00302518526582158	0.000915750915750916
mcuenta_debitos_automaticos_mean9	0.00074156924027861	0.00167225946891886	0.00152625152625153
Visa_cconsumos_mean9	0.000737034096884575	0.000542821959127351	0.00183150183150183
Visa_delinquency_delta2	0.000733349120966681	0.000210704955502901	0.000305250305250305
cproductos_sobre_edad_delta3	0.000731916108530217	0.00754490184830302	0.00183150183150183
mv_mpagospesos_mean3	0.000729730439250916	0.00217329758297329	0.00183150183150183
ccaja_seguridad_mean3	0.000727257813330894	0.00298809936311967	0.000610500610500611
mcomisiones_sobre_edad	0.000718020051664499	0.000586802764307694	0.00213675213675214
mcomisiones_sobre_edad_lag2	0.000710669965401876	0.00139993722294501	0.00183150183150183
mcuentas_saldo_mean3	0.000710100959610948	0.000603503181380649	0.00152625152625153
catm_trx_mean9	0.000708898866191392	0.00253656245655483	0.00122100122100122
mcaja_ahorro_dolares_mean6	0.000708562848330301	0.000700030215962043	0.00152625152625153
mcomisiones_sobre_edad_delta2	0.000708330612798341	0.00258338346872037	0.00213675213675214
mv_msaldopesos	0.000708186513814532	0.000136630757212367	0.000610500610500611
mv_msaldototal_delta3	0.000705389742185776	0.00373370250029037	0.00183150183150183
mcuenta_debitos_automaticos_delta3	0.000697418867173852	0.0022871938833712	0.00122100122100122
mcomisiones_otras_lag3	0.000696948137200367	0.000747636885383769	0.00213675213675214
mv_status02_delta1	0.00069276432061813	0.000855587152453792	0.000305250305250305
ctrx_quarter_normalizado_delta3	0.000689971323787454	0.000769763297885907	0.00213675213675214
Master_fultimo_cierre_lag3	0.000689474708627116	0.000535744643355225	0.00122100122100122
mv_fultimo_cierre_lag2	0.00068388952345066	0.000926747538395006	0.00183150183150183
mpayroll_delta2	0.000683595113325236	0.00474790281196365	0.00122100122100122
cmobile_app_trx_delta3	0.000680441769631157	0.000579536634775425	0.00152625152625153
internet_delta3	0.000675464103550029	0.000675818851515278	0.00122100122100122
ctrx_quarter_delta1	0.000669297393440215	0.000642080392764367	0.00152625152625153
cmobile_app_trx_lag1	0.000667300199276561	0.000466201975308114	0.00183150183150183
cproductos_mean9	0.000666062196877269	0.0011440465744534	0.00244200244200244
mpasivos_margen_mean9	0.000664036023486553	0.000663302739381077	0.00183150183150183
cproductos_lag1	0.00066099399838269	0.000266166597369883	0.000915750915750916
ctrx_quarter_lag1	0.000656956351578795	0.000422387582255355	0.00152625152625153
ccajas_trx_mean9	0.000654877745440532	0.00140164774760257	0.00244200244200244
Visa_mpagospesos_lag3	0.000649420473957215	0.000657603124011348	0.00152625152625153
Visa_mpagominimo_lag2	0.000649216433263973	0.000328686353609655	0.00122100122100122
mcuenta_corriente_mean6	0.000644976313244442	0.000448168661097881	0.00183150183150183
Master_fultimo_cierre_mean6	0.000643410591743275	0.000351860842492246	0.00122100122100122
mrentabilidad_annual_lag2	0.000642793629669112	0.000380584535783097	0.00152625152625153
cliente_antiguedad_mean9	0.000641250966222063	0.000681945698020245	0.00213675213675214
Visa_mconsumosdolares_mean9	0.000638607059431012	0.000534824576303682	0.00152625152625153
mtransferencias_emitidas_delta1	0.000633646063213871	0.00209032193597366	0.00244200244200244
mtransferencias_recibidas_mean9	0.000630636081327482	0.000266001785358911	0.00122100122100122
mrentabilidad_sobre_edad_delta1	0.00063056336914304	0.000265910578712063	0.000915750915750916
mautoservicio	0.000629610351785149	0.00272116470977632	0.000610500610500611
mpayroll_sobre_edad_delta1	0.000629521906012966	0.00437201461843494	0.00183150183150183
mcomisiones_otras_mean3	0.000628597254922404	0.000728843515783131	0.00183150183150183
mv_Finiciomora_mean9	0.000625213166943838	0.000247698051441355	0.000305250305250305
mrentabilidad_annual_sobre_edad_lag3	0.000623679119480782	0.000765415781052793	0.00244200244200244
mcomisiones_mantenimiento_delta3	0.000623526703315814	0.00378855769796164	0.000915750915750916
Visa_mconsumospesos_delta1	0.000623334456990455	0.000787687804166567	0.00152625152625153
mactivos_margen_lag3	0.000619930414370696	0.000769494478295196	0.00183150183150183
ctransferencias_emitidas_mean9	0.000616115474310989	0.000723233506943639	0.00152625152625153
mcomisiones_otras_lag2	0.000611134649135555	0.0004132109134891	0.00122100122100122
mautoservicio_lag2	0.000609386283787465	0.000507640195192977	0.00152625152625153
ccaja_seguridad	0.000607592081945682	0.00291682376878243	0.000610500610500611
mcomisiones_mantenimiento_mean9	0.000605162180203342	0.00237573793617843	0.00122100122100122
tmobile_app_mean9	0.000601945249990876	0.000627468127869261	0.00152625152625153
chomebanking_trx_mean3	0.000600288704786894	0.000566324471915275	0.00213675213675214
ccajas_consultas_mean6	0.000595660192272398	0.00520907882099542	0.00183150183150183
mpayroll_mean6	0.000581822684270177	0.00134035688092034	0.00122100122100122
Master_Fvencimiento	0.000581407256742009	0.000414979042344673	0.00152625152625153
mv_mlimitecompra	0.000579450246157001	0.000223238668919827	0.000610500610500611
Master_mpagominimo_mean3	0.000579383446749266	0.00140764338454541	0.000610500610500611
mactivos_margen_sobre_edad_mean3	0.000578050630083961	0.00215598432123818	0.00244200244200244
mtarjeta_visa_consumo_lag1	0.000576936979252777	0.000371206252323809	0.00122100122100122
ccomisiones_otras_mean6	0.000571959538550591	0.00109781120496762	0.00244200244200244
mv_mfinanciacion_limite_mean6	0.000570406816348361	0.000128522966342514	0.000610500610500611
Master_mpagominimo_delta3	0.000567004899022551	0.001266450694874	0.000305250305250305
thomebanking_mean6	0.000563374079898061	0.00194622343453599	0.00122100122100122
ccomisiones_mantenimiento_mean3	0.000555298174956406	0.00267274998146585	0.000610500610500611
mplazo_fijo_dolares_delta2	0.000550993935472151	0.00595836702672213	0.000915750915750916
mtransferencias_recibidas_lag3	0.000550612916889602	0.00407491136650067	0.00122100122100122
mcaja_ahorro_lag1	0.000550331723992212	0.000560245628908649	0.00183150183150183
mactivos_margen_sobre_edad_delta2	0.000549165203450996	0.000446666151599797	0.00183150183150183
mrentabilidad_exp_lag3	0.000544869312333431	0.000316661477275147	0.00122100122100122
Master_fechaalta_mean9	0.000540042459502618	0.00377257733336381	0.00213675213675214
internet_delta1	0.000537452753721331	0.000523810973667566	0.000915750915750916
mcaja_ahorro_lag2	0.000535355484114675	0.00140327666631296	0.00183150183150183
cliente_antiguedad_mean6	0.000533097811241247	0.000320588163439469	0.00152625152625153
Visa_mconsumospesos_lag1	0.000533072081618767	0.000310531430536957	0.000915750915750916
Master_Fvencimiento_lag1	0.000532997995535772	0.00146792777787908	0.00244200244200244
mcuentas_saldo_lag1	0.000528214302518556	0.00238133514408503	0.00152625152625153
mcomisiones_delta3	0.000526247836037005	0.000794422694983858	0.00152625152625153
chomebanking_trx_lag1	0.0005255299326356	0.000583055291203846	0.00183150183150183
Visa_fultimo_cierre_mean6	0.000524529463373503	0.000328727956641551	0.00122100122100122
tmobile_app_mean3	0.000523675123273293	0.000525955129926813	0.000305250305250305
mpasivos_margen_sobre_edad_delta3	0.000523507675682308	0.000375926596327375	0.00122100122100122
mvr_mconsumosdolares_mean9	0.000522297627176636	0.00140532801580874	0.00122100122100122
mcomisiones	0.000521443068777708	0.000432533921688104	0.00122100122100122
mtarjeta_visa_debitos_automaticos_mean9	0.000519261871646331	0.0002705285152525	0.000915750915750916
matm_mean6	0.000518773742653749	0.000320224936968687	0.000915750915750916
Master_mpagominimo_lag3	0.00051800308639257	0.00171176954828702	0.000915750915750916
mcaja_ahorro_mean6	0.000517622262729108	0.00196600247596924	0.00183150183150183
mpasivos_margen_sobre_edad_lag2	0.000516634135131449	0.000742663722955605	0.00152625152625153
ctrx_quarter_lag3	0.000515935492556599	0.000531451530486897	0.00183150183150183
cproductos_sobre_edad_lag3	0.000513477535667918	0.000247725253423749	0.00122100122100122
mvr_msaldopesos2_mean6	0.000513081785091877	0.000518554590599188	0.00152625152625153
mprestamos_personales_mean3	0.000512171853612405	0.00012534993510215	0.000305250305250305
mrentabilidad_annual_delta3	0.000511404178103276	0.000781146527459252	0.00152625152625153
Visa_mpagospesos_delta1	0.00051030823540955	0.00215998621288324	0.00152625152625153
cliente_antiguedad_lag2	0.000508463569861661	0.000953885516123981	0.00122100122100122
ctarjeta_visa_debitos_automaticos_lag2	0.000505830949467416	0.00483648686768616	0.00152625152625153
mvr_mpagominimo_delta2	0.000505718220001445	0.00103807245139843	0.000610500610500611
mvr_msaldopesos_mean9	0.000498303286155518	0.000768006369846614	0.000915750915750916
ccallcenter_trx	0.000498268570422236	0.00309283499591743	0.000610500610500611
Master_mpagospesos_delta3	0.00049394854482211	0.00409403115989003	0.00122100122100122
ctarjeta_debito_mean9	0.000482968700132876	0.00162803864624681	0.00213675213675214
Visa_fechaalta	0.000482333638283153	0.000421789138642699	0.00122100122100122
mtransferencias_recibidas_delta3	0.000481044866275187	0.000569513504321752	0.00152625152625153
ccomisiones_otras_mean9	0.000478943164960916	0.000274466402233102	0.00122100122100122
mrentabilidad_annual_sobre_edad_mean9	0.000475880003634258	0.000941838238156915	0.00183150183150183
mvr_msaldopesos	0.000475009896322574	0.00121550458208433	0.00152625152625153
mrentabilidad_annual_mean9	0.000474439858875637	0.000953095058517961	0.00152625152625153
ctransferencias_recibidas_mean3	0.000473414263447381	0.001073759852182	0.00122100122100122
tcallcenter_mean3	0.000473405521937301	0.00239204632468159	0.00152625152625153
cpagomiscuentas_mean6	0.000471058109232825	0.0013257254146259	0.000915750915750916
ctarjeta_visa_trx_lag2	0.000470683619341224	0.000665382890975869	0.000915750915750916
ctarjeta_visa_trx_lag3	0.000468743581481547	0.000467840494718165	0.000915750915750916
mvr_msaldopesos2_lag2	0.000468389338796048	0.000422245171876942	0.00122100122100122
tcallcenter_mean6	0.000467654114950639	0.000568561434937982	0.000915750915750916
mcomisiones_lag3	0.000467337917215501	0.00146599483701254	0.00274725274725275
Master_status_mean3	0.000465884491985236	0.00126912608984822	0.000305250305250305
mpasivos_margen_sobre_edad_delta1	0.000465067006166108	0.00141485190987967	0.00183150183150183
Visa_mpagado_mean9	0.000464661420401754	0.00235827586359846	0.000610500610500611
mrentabilidad	0.000464532999359004	0.000502919851189411	0.00152625152625153
Visa_Fvencimiento_lag1	0.000464004840228812	0.000206864675635593	0.000915750915750916
Visa_msaldopesos_delta2	0.000461409489888034	0.000553294722348822	0.00122100122100122
Visa_mpagospesos	0.000460925942709545	0.00275026603058746	0.00274725274725275
mprestamos_personales_lag3	0.000460228749544542	9.91240238416607e-05	0.000610500610500611
Visa_msaldopesos_lag2	0.00045838031138625	0.000675738845684709	0.000915750915750916
mv_msaldototal_lag3	0.000457977069994201	0.00275120209880511	0.00122100122100122
cliente_edad_mean3	0.000457243618839886	0.000640496277319103	0.000915750915750916
thomebanking	0.000455949392995595	0.000281751733164708	0.00122100122100122
ccomisiones_mantenimiento_delta1	0.000454526322363707	0.00050931551728509	0.000305250305250305
Visa_cconsumos_delta2	0.000451604287991313	0.000635804735414542	0.00122100122100122
cproductos_sobre_edad_lag1	0.000451309051449314	0.00114326411743043	0.00122100122100122
cliente_antiguedad_lag1	0.000450723315771178	0.000965577568203322	0.00122100122100122
mrentabilidad_exp	0.000449478683750589	0.000694972247353476	0.00152625152625153
mrentabilidad_exp_lag2	0.000449290673976098	0.000752707654925227	0.00122100122100122
mcaja_ahorro_dolares_delta3	0.00044759113425486	0.001639146655763	0.000610500610500611
mvr_msaldototal_lag1	0.00044476578750326	0.000113957104829137	0.000610500610500611
mrentabilidad_exp_delta2	0.000444019979288577	0.00125627235310902	0.000915750915750916
ctransferencias_recibidas_lag3	0.000443592650192263	0.00016416076351113	0.000915750915750916
mv_Finiciomora_lag2	0.000443395432893237	0.00211298918789045	0.000610500610500611
Master_mpagominimo_lag1	0.000441863504487023	0.00111824949444476	0.00122100122100122
mpagomiscuentas_lag1	0.000440078988871217	0.00172396083674911	0.000915750915750916
mpayroll_delta1	0.00043977211652027	0.00136868694552479	0.00213675213675214
ctarjeta_visa_trx_mean9	0.000439108520090092	0.000247974871615124	0.000915750915750916
mtransferencias_recibidas_lag2	0.000437402478185608	0.000376597045187543	0.00152625152625153
ctransferencias_emitidas_delta1	0.000437298910646822	0.00177993291581512	0.00122100122100122
mtarjeta_visa_debitos_automaticos_delta2	0.00043536035176096	0.00265039955263812	0.000915750915750916
cproductos_sobre_edad_mean6	0.000434635473325693	0.000656303829322909	0.00152625152625153
mcaja_ahorro_dolares_mean3	0.000433980570934327	0.00266049308822269	0.000915750915750916
mv_fultimo_cierre_mean9	0.000432549059158794	0.000483446432028938	0.00183150183150183
cproductos_sobre_edad_mean3	0.000432343570367304	0.00203516111602962	0.00213675213675214
ctransferencias_recibidas_mean6	0.00043216143206983	0.000995610156882281	0.00152625152625153
cproductos_sobre_edad_mean9	0.000431350312005999	0.000505374430071266	0.00152625152625153
mvr_msaldopesos_lag2	0.000428742424585672	0.000227464576890477	0.000915750915750916
Master_Fvencimiento_lag2	0.000426662291184748	0.000333129877439452	0.00152625152625153
mcomisiones_sobre_edad_delta3	0.00042574572893314	0.000604487253096647	0.000915750915750916
cprestamos_personales_delta1	0.000425405597700489	0.00344499826044923	0.000610500610500611
mcuenta_corriente_lag3	0.000424624400145051	0.000381256584759876	0.000915750915750916
tmobile_app_mean6	0.000424218545405491	0.000240220706516385	0.00122100122100122
mtarjeta_visa_consumo_delta2	0.000418128018821077	0.00247902226320967	0.00122100122100122
mactivos_margen_sobre_edad_mean9	0.000417618196344657	6.08316332147675e-05	0.000305250305250305
Master_mconsumospesos_delta3	0.000417166517585617	0.00138875080771486	0.000610500610500611
Visa_mpagominimo_delta1	0.000414351435551597	0.000828666790583964	0.00122100122100122
mv_cconsumos_mean9	0.000413624365163308	0.000380190907096698	0.000915750915750916
mtransferencias_recibidas_lag1	0.000412019744843248	0.000301855598270064	0.000915750915750916
mrentabilidad_sobre_edad_lag3	0.000411882434852116	0.000338563873451693	0.00122100122100122
ccomisiones_otras_lag2	0.000411558464059165	0.000452647387493129	0.00152625152625153
mtarjeta_visa_debitos_automaticos_lag1	0.000411044398645049	0.0020517799271554	0.000915750915750916
mforex_sell_mean6	0.000410995749216447	0.00397812831326146	0.000915750915750916
mrentabilidad_annual_sobre_edad_lag2	0.000410791128660776	0.000430599380704948	0.00213675213675214
catm_trx_mean6	0.000410590798857291	0.00019639991299718	0.000610500610500611
Visa_msaldopesos_delta1	0.000410150792842562	0.00088680382742517	0.00122100122100122
Visa_Fvencimiento_lag2	0.000409994313202885	0.000911472825222789	0.00122100122100122
mv_mpagospesos_mean6	0.00040966164466784	0.000201605092333993	0.000610500610500611
mrentabilidad_annual	0.000408740455263046	0.000323290760396087	0.00152625152625153
mpasivos_margen_lag1	0.000408465069825221	0.000940569345684091	0.00152625152625153
Visa_mconsumospesos	0.000404074206991741	0.00035327054522687	0.00152625152625153
Visa_fechaalta_delta1	0.000402703254523813	6.58335977419359e-05	0.000305250305250305
Master_fultimo_cierre_mean9	0.000402415224958064	0.000224720376901963	0.000610500610500611
mactivos_margen_sobre_edad_lag2	0.000400707442900942	0.00022674772464858	0.000915750915750916
mvr_mpagominimo_mean3	0.000398980409771848	0.00237717004054561	0.00183150183150183
mplazo_fijo_dolares_delta3	0.000392469086290393	0.000733447051274066	0.000305250305250305
tmobile_app_delta1	0.000392464021760133	0.000461358422325472	0.000915750915750916
Visa_fultimo_cierre_mean9	0.000392008887644242	0.00147281293389362	0.00122100122100122
ctarjeta_visa_trx_mean6	0.000390260127799182	0.000619182724055545	0.00122100122100122
mcuenta_corriente_lag1	0.000389023995715251	0.000572414515738181	0.00152625152625153
mcomisiones_delta2	0.000388640825331053	0.000150020533016381	0.000915750915750916
Visa_fultimo_cierre_lag3	0.000387925658922917	0.000487529929621175	0.00122100122100122
mactivos_margen_mean6	0.000387543082160177	0.000551976226261046	0.000610500610500611
ccajas_extracciones_mean9	0.000386922184471983	0.000544327668858658	0.00122100122100122
Master_mfinanciacion_limite_mean3	0.0003863674624809	0.00108329174683598	0.00122100122100122
mautoservicio_mean3	0.000384920977752221	0.000155328119816322	0.000610500610500611
mtransferencias_emitidas_delta3	0.000384384650156871	0.00150740585491501	0.00183150183150183
cseguro_accidentes_personales_mean9	0.00038192493387729	0.00126395771319347	0.000915750915750916
mcomisiones_mantenimiento_mean3	0.000381742523468457	0.00279091219274969	0.00122100122100122
ctrx_quarter_normalizado_mean9	0.000381317174368335	0.000941479812035966	0.00152625152625153
Master_mpagospesos	0.000378144112347943	0.000486501054640059	0.000610500610500611
mv_fechaalta_lag1	0.00037710698159978	0.000178536211147753	0.000915750915750916
mrentabilidad_annual_delta2	0.000375761771659168	0.000454441118214484	0.00122100122100122
catm_trx	0.000374725142773697	0.00134602449395784	0.000610500610500611
mcomisiones_sobre_edad_lag3	0.000373526520653141	0.000375024130558558	0.000915750915750916
ctarjeta_master_trx_delta3	0.000372480520509057	0.00262537372883616	0.000915750915750916
mv_mpagospesos_lag1	0.000371483003319929	0.00159647474597077	0.00122100122100122
Visa_mconsumototal_mean3	0.000370405347946501	5.31542737133746e-05	0.000305250305250305
mtransferencias_emitidas_mean6	0.000369544384039474	0.000359984634528214	0.00122100122100122
Master_mlimitecompra_mean3	0.000363867600720909	0.00014391288791075	0.000610500610500611
Master_Fvencimiento_mean9	0.00036369367277655	0.000356893209235031	0.000915750915750916
Visa_msaldodolares_mean9	0.000363565244522147	0.000400470785029306	0.00122100122100122
mpagomiscuentas_lag3	0.000363414275365824	0.000517586520049304	0.000915750915750916
ccomisiones_otras_lag1	0.000363056465055562	0.000244357007956797	0.00122100122100122
mv_Fvencimiento_mean6	0.000361423278788963	0.000237166083905264	0.000915750915750916
Visa_mfinanciacion_limite_mean9	0.000360543497532437	0.000211925844477383	0.000915750915750916
mcomisiones_sobre_edad_delta1	0.000359590617390883	0.00021750705121787	0.000610500610500611
mdescubierto_preacordado_delta1	0.000359320438423167	0.001327989579631	0.000305250305250305
Visa_Fvencimiento_delta3	0.000358959016828396	0.000214906861724381	0.000915750915750916
mautoservicio_delta1	0.000358737752366297	0.000807815671021094	0.000915750915750916
Visa_fechaalta_mean9	0.000357978236729506	0.00247169852947939	0.00152625152625153
Visa_mpagospesos_delta2	0.000356006619248322	0.000266931453110122	0.00152625152625153
mvr_mconsumospesos_delta1	0.000355495607872254	0.000142901614212359	0.000610500610500611
mrentabilidad_exp_lag1	0.000354982624596069	0.000399584320426603	0.00122100122100122
mvr_mpagominimo_lag2	0.000351642145198229	0.00106115413351756	0.000610500610500611
ccomisiones_otras	0.000350209660341445	0.00111835510214111	0.000610500610500611
mcomisiones_mantenimiento_mean6	0.000349715007920473	0.000380698144062505	0.000610500610500611
mv_mconsumospesos_delta2	0.000349113092865093	0.000349233451016363	0.00122100122100122
Visa_fultimo_cierre_lag2	0.000347416222625322	0.000656831867804664	0.00122100122100122
Visa_mlimitecompra_lag1	0.000346570464783286	0.000106745379261655	0.000610500610500611
ctrx_quarter_normalizado_mean3	0.000345792029310579	0.000512762168465999	0.00122100122100122
Visa_mconsumosdolares_mean3	0.000345123699384827	0.000599394081922629	0.000915750915750916
cmobile_app_trx_lag2	0.000340463743698726	0.000948664335621054	0.00152625152625153
mcomisiones_mean6	0.000340011879385776	0.000750664306012496	0.000915750915750916
mv_status01	0.000336284634598954	0.00121382925999221	0.000305250305250305
mcomisiones_otras_delta3	0.000335680400998979	0.00140953632249667	0.00152625152625153
mvr_msaldototal_mean9	0.000335241696880531	0.000171378889545058	0.000915750915750916
mvr_msaldototal_delta3	0.00033475548326429	0.00089571967718377	0.000610500610500611
mv_cconsumos_delta3	0.000334483913421884	0.000592758398335244	0.00122100122100122
mtransferencias_emitidas_lag2	0.000334410577526819	0.00039186055754348	0.000915750915750916
mrentabilidad_sobre_edad_mean3	0.000334274652270726	0.000424758955073417	0.000915750915750916
mv_msaldototal_delta1	0.000334048893973587	0.000230639208247452	0.000610500610500611
Master_fultimo_cierre_delta2	0.00033387279551626	5.06628921494586e-05	0.000305250305250305
mtransferencias_recibidas_delta2	0.000333777888589295	0.00022072328560674	0.000915750915750916
Visa_mlimitecompra	0.000333661434019579	0.00152697208083894	0.00122100122100122
mactivos_margen_sobre_edad_delta1	0.00033356758895995	0.000508661069591036	0.000915750915750916
mrentabilidad_sobre_edad_lag2	0.000332406975758265	0.000279425163611764	0.00152625152625153
Visa_mpagospesos_mean3	0.000332239995950247	0.000322012267223596	0.000915750915750916
mpasivos_margen_sobre_edad_mean9	0.000330811037490078	0.000273501531916441	0.000610500610500611
ctarjeta_debito_delta3	0.000330108265308389	0.00413617503120051	0.000610500610500611
mv_mpagominimo_lag2	0.000330073998646755	7.46710417865781e-05	0.000305250305250305
mpayroll_mean9	0.000326720888853838	0.000916903621001807	0.00122100122100122
Visa_mconsumospesos_lag2	0.000325909276991782	0.000367959615719323	0.000610500610500611
Master_msaldopesos	0.00032284384531003	0.000700228630421854	0.000610500610500611
mrentabilidad_lag3	0.000322205228003034	0.000978144884069087	0.000915750915750916
tpaquete7_mean6	0.000321846769033723	0.0028423271397065	0.000610500610500611
Master_mpagominimo_lag2	0.000320817981750061	0.000468859768999613	0.000915750915750916
tmobile_app	0.000319987019883282	0.00026857797310323	0.000915750915750916
mvr_Visa_mlimitecompra_mean3	0.000318247484718337	0.000285606414081518	0.000610500610500611
matm_lag3	0.000318196078488781	0.00054335479795894	0.000610500610500611
mrentabilidad_annual_exp_mean9	0.000318165476127058	0.000332870658548409	0.000915750915750916
Visa_mpagominimo_mean3	0.000318112700852684	0.000762890797040038	0.000915750915750916
Visa_mconsumospesos_delta3	0.000317722102074965	0.000308516883723232	0.000915750915750916
mrentabilidad_mean6	0.000316565649023136	0.000288806647304274	0.000610500610500611
cforex_mean9	0.000315787794556638	0.000159109195369009	0.000610500610500611
Visa_mpagominimo_delta3	0.000315040367812888	0.000545495753984964	0.000915750915750916
ctarjeta_visa_debitos_automaticos_mean9	0.00031502253997211	0.000579144606205638	0.00122100122100122
mv_mpagominimo_delta1	0.000314488817390324	0.000165717676974001	0.000305250305250305
mrentabilidad_annual_mean6	0.000312932023200843	0.00039215017865014	0.000610500610500611
Visa_mfinanciacion_limite_lag3	0.000311942394029375	0.000180702769039559	0.000610500610500611
cplazo_fijo	0.000311494657121474	0.000402043699658291	0.000305250305250305
Visa_mconsumospesos_mean6	0.000310620916502332	0.000408320957124728	0.000915750915750916
Master_fultimo_cierre_lag1	0.000310463638513057	0.000247082006545975	0.000915750915750916
mv_mpagominimo_mean9	0.000309823697106445	0.000651285863629627	0.00122100122100122
ccomisiones_otras_delta2	0.000309251684571431	0.000553473935409296	0.00122100122100122
mcuenta_corriente_lag2	0.00030759944706385	0.000456146842522213	0.000915750915750916
mrentabilidad_annual_exp_lag3	0.000306765234105448	0.000373020784561112	0.000915750915750916
Visa_cconsumos_mean6	0.000304156614321164	0.00103539865654081	0.000610500610500611
mv_fechaalta_mean3	0.000303391745509838	0.000278066664608703	0.000610500610500611
Visa_mconsumospesos_lag3	0.000303167958138269	0.000137781241055948	0.000610500610500611
mtarjeta_master_consumo_delta1	0.000302781638015424	0.000977181613869038	0.000610500610500611
Visa_msaldopesos_mean6	0.000301372956387612	0.000465408317468871	0.000915750915750916
mvr_mpagominimo_lag1	0.000300810974404876	0.000461744050428814	0.00152625152625153
Visa_mconsumospesos_delta2	0.000300261896994932	0.000177275319257987	0.000915750915750916
mv_mconsumospesos_lag1	0.000300098609553803	8.96321321029648e-05	0.000610500610500611
mv_mpagominimo_lag1	0.000299993096427693	0.000121112826315221	0.000610500610500611
mvr_mpagominimo_delta3	0.000298818749118087	0.000298392945923041	0.000915750915750916
Visa_mconsumosdolares_delta2	0.000298041169084263	0.000342511361131963	0.000305250305250305
mv_fechaalta_delta1	0.000296345424642167	0.00132501496285044	0.000305250305250305
Visa_msaldototal_delta3	0.000296242412595655	0.000196559924658317	0.000610500610500611
mv_Fvencimiento_delta2	0.000295129962425741	0.000902265754240919	0.000915750915750916
mv_mpagospesos_mean9	0.000294448259091445	0.000328612748245531	0.000610500610500611
ccuenta_debitos_automaticos	0.000294284397836543	0.000282030153455087	0.000610500610500611
mrentabilidad_lag2	0.000292918827087	0.000273475930050659	0.000915750915750916
ctarjeta_master_trx_mean3	0.000291805427059403	0.000367838006856858	0.000610500610500611
ccajas_trx_mean3	0.000290864817025886	0.00132300361626994	0.000610500610500611
Master_fechaalta_lag2	0.000288576522543416	0.000173335832160773	0.000610500610500611
mv_fultimo_cierre_mean6	0.000288198541431603	0.000264940908045568	0.000610500610500611
mpasivos_margen_sobre_edad_mean6	0.000288152595788552	0.000230693612212238	0.00122100122100122
mplazo_fijo_dolares_delta1	0.000287886860759025	0.00423036429541268	0.000610500610500611
mv_Fvencimiento_mean9	0.000287484954107709	0.00040557195678638	0.00152625152625153
ccallcenter_trx_delta3	0.000287319015896432	0.000299140200380555	0.000610500610500611
ctarjeta_visa_debitos_automaticos_lag1	0.000286969083051339	0.000803221736229827	0.000610500610500611
cliente_vip_lag2	0.000284885340704822	0.00219071325217154	0.000610500610500611
mvr_Visa_mlimitecompra_mean6	0.00028480520012686	0.000236516436561044	0.000915750915750916
mvr_msaldopesos2_delta3	0.000284730637081144	0.000430634583270398	0.000915750915750916
Master_Fvencimiento_mean6	0.000283857153742635	0.000358550930044419	0.000610500610500611
mv_fultimo_cierre_delta2	0.000282490703561113	0.000124028238781152	0.000610500610500611
Master_fechaalta_lag3	0.000281993860583916	0.000711955885066645	0.00152625152625153
mpasivos_margen_delta1	0.000281473624885123	0.000110494452482115	0.000610500610500611
mcomisiones_lag1	0.000281246188806408	0.000217943883052776	0.000915750915750916
mforex_sell_lag2	0.000280798539217993	0.000800186315018042	0.000610500610500611
ctarjeta_visa_debitos_automaticos_mean6	0.000280530491516495	0.00178772868394575	0.00183150183150183
mcaja_ahorro_dolares_delta2	0.000278242298651838	0.000389021950674895	0.000305250305250305
mvr_msaldopesos2_delta1	0.000278180863155462	0.000406119196667472	0.000610500610500611
internet	0.000277831048815388	0.000455946827945791	0.000610500610500611
mpasivos_margen_sobre_edad_lag1	0.000277479668961649	0.000255223399864667	0.000915750915750916
Visa_Fvencimiento_lag3	0.000277396319392531	0.000149817318206736	0.000915750915750916
mcaja_ahorro_delta3	0.000276971157690632	0.00089086652350146	0.000915750915750916
mactivos_margen_sobre_edad_delta3	0.000276819112633485	0.000569735920530733	0.00122100122100122
mcaja_ahorro_dolares	0.000276455442561918	9.36148223486853e-05	0.000610500610500611
Visa_Finiciomora_mean9	0.000276128296761361	0.00156023690507288	0.000915750915750916
mv_msaldototal_mean6	0.000275643421374518	0.00054080101184718	0.000915750915750916
ctrx_quarter_normalizado_lag1	0.00027487985285281	0.000569716719131397	0.000915750915750916
Master_fultimo_cierre_lag2	0.00027481404826352	0.000416009517442401	0.000610500610500611
ccallcenter_trx_mean9	0.000273401855144899	0.000131161558634676	0.000610500610500611
mvr_msaldopesos2_delta2	0.000272006968436793	0.00115126470048732	0.00152625152625153
ccuenta_debitos_automaticos_mean9	0.000271639223975581	0.0021826214624678	0.000610500610500611
mtransferencias_emitidas_lag1	0.000271182770711722	0.000560100018297013	0.00152625152625153
mv_msaldopesos_lag1	0.000270801293701866	0.000674370745981981	0.000610500610500611
ccomisiones_mantenimiento_mean6	0.00027061390608226	0.00228087662298948	0.000610500610500611
cprestamos_personales_mean3	0.000270281387237764	0.000706184264449404	0.000610500610500611
Visa_mpagospesos_mean6	0.000269771572411545	0.00136038234031174	0.000915750915750916
mv_Fvencimiento	0.000269566669438366	0.000249936614580674	0.000915750915750916
mforex_sell_mean9	0.000268232055006324	0.000645371832633972	0.000610500610500611
mpasivos_margen_delta2	0.000267906927132712	0.000112846623900841	0.000610500610500611
Visa_mlimitecompra_mean9	0.000266564851562341	0.000270488512337216	0.000610500610500611
Visa_mlimitecompra_lag3	0.000266055018024803	8.96145308202397e-05	0.000305250305250305
mcomisiones_mean9	0.000264598158458293	0.000230131971281645	0.000915750915750916
mtarjeta_visa_consumo_delta1	0.000263248547875211	0.000344965940013817	0.000610500610500611
cpayroll_trx_mean9	0.000263221937353078	0.000534147726977069	0.000915750915750916
ccallcenter_trx_delta2	0.000263159400915851	0.00175778570179703	0.000915750915750916
internet_lag3	0.000262734133183147	8.30060492152474e-05	0.000305250305250305
cprestamos_personales_lag3	0.000262043336245421	0.00250045742533569	0.000610500610500611
Visa_cconsumos_lag3	0.000261140664809027	0.000291610051607409	0.000610500610500611
cpagomiscuentas_mean9	0.000259636424476649	0.000809953426813895	0.000610500610500611
mvr_msaldopesos_delta2	0.000258498888568019	0.000730280420500149	0.000915750915750916
mv_mconsumospesos_delta1	0.000257488901481813	0.00288885373041554	0.000610500610500611
mvr_mconsumospesos_delta2	0.000255812173976616	0.000127793313167725	0.000610500610500611
Visa_fechaalta_lag2	0.000254895812447867	0.000958247434006599	0.000915750915750916
mv_mfinanciacion_limite_lag3	0.000252468180656373	0.000180233934872425	0.000610500610500611
mvr_msaldototal_delta2	0.000249648057481241	0.000716714631868884	0.000610500610500611
cliente_antiguedad	0.000249485821851878	0.00039414712418114	0.000915750915750916
mactivos_margen_lag1	0.000249448712509374	0.000398254623522548	0.000915750915750916
mtarjeta_visa_debitos_automaticos_lag3	0.000248262636751298	0.000238070149790692	0.000610500610500611
mvr_msaldodolares2_mean9	0.000245803695432166	0.000372575952143149	0.000915750915750916
ctransferencias_recibidas_delta3	0.000244669028592402	0.00391439086828043	0.000610500610500611
mprestamos_hipotecarios_mean6	0.000243967603625659	0.00265375339705557	0.000305250305250305
mtarjeta_visa_consumo_lag3	0.000243035829851591	0.000433170768099433	0.000305250305250305
Visa_cconsumos_mean3	0.000242382430602827	0.000410706730992293	0.000610500610500611
Visa_mpagominimo_delta2	0.000241519077104475	0.00033806143683572	0.000915750915750916
mpasivos_margen_lag3	0.000241467858767744	0.000244373009122911	0.000610500610500611
cmobile_app_trx_lag3	0.000240789233542828	0.000189905039671595	0.000915750915750916
ctarjeta_debito_lag2	0.00024066712659559	7.30709251751998e-05	0.000305250305250305
mvr_Master_mlimitecompra_mean6	0.000239955971743126	0.000167372197550166	0.000610500610500611
mvr_mpagominimo_delta1	0.000239195593648287	0.00213724535560233	0.000610500610500611
ctarjeta_debito_trx_delta1	0.000238963984945504	0.000308992118356811	0.000610500610500611
mv_status07_delta2	0.000235285476906771	0.00116718426065393	0.000305250305250305
ctransferencias_emitidas_delta2	0.000235262132977425	0.00150709063194257	0.00122100122100122
ccajas_consultas_mean9	0.000235195010799443	0.000232946576401059	0.000610500610500611
mv_status07_mean3	0.000234010562496296	0.000207061489978793	0.000305250305250305
mvr_msaldopesos2	0.000233393336720642	0.000209429662563633	0.000610500610500611
cmobile_app_trx_delta1	0.000231027757964211	0.00208162050184099	0.00213675213675214
mpayroll_lag1	0.00022971835438996	0.00199326686291051	0.000610500610500611
minversion1_pesos_delta3	0.000228902172905672	0.00261126230044042	0.000305250305250305
mvr_mpagosdolares_mean9	0.000228005358112029	0.000440257684571227	0.000610500610500611
mtransferencias_recibidas_mean6	0.000227963220222332	0.000367501982368469	0.000610500610500611
Master_fultimo_cierre	0.000226988048663109	0.000342292145156204	0.000610500610500611
cproductos_sobre_edad_delta1	0.000226656440436123	0.00285971400680573	0.000610500610500611
ctrx_quarter_normalizado_lag3	0.000226325412260016	0.000234431484616418	0.000610500610500611
matm_other_delta1	0.000226201342183592	0.000847290547823796	0.000610500610500611
ctransferencias_recibidas	0.000225513503193496	0.00454318709293713	0.000610500610500611
Visa_fechaalta_mean6	0.000225125019395461	0.000212620295086721	0.00122100122100122
mautoservicio_mean9	0.000224328000819396	0.00045665407948802	0.000915750915750916
mvr_msaldopesos2_mean9	0.000224146732342884	0.00044262905738929	0.00183150183150183
mrentabilidad_annual_exp_lag1	0.000223814078858724	0.00121230754909479	0.00122100122100122
ctarjeta_debito_mean6	0.000223079472486832	0.000305383855398153	0.000610500610500611
thomebanking_lag2	0.000221903041983745	7.95545976845045e-05	0.000305250305250305
Visa_Fvencimiento_mean3	0.000221534416531278	0.00014025662145375	0.000610500610500611
mvr_msaldototal_mean6	0.000221442993028143	0.000146004240321821	0.000305250305250305
Master_msaldototal_delta2	0.000218522854736043	0.000120791202876334	0.000610500610500611
Master_mfinanciacion_limite	0.000218338039922758	0.000245641901595734	0.000915750915750916
mprestamos_personales_mean9	0.000218053150350177	0.000270370103707974	0.000915750915750916
mautoservicio_delta3	0.000215749444368029	0.000619019512161184	0.000610500610500611
tmobile_app_lag2	0.000214232623792382	0.000128294149667086	0.000305250305250305
mv_mlimitecompra_lag3	0.000214187991060193	0.000133852954775015	0.000610500610500611
ctrx_quarter_normalizado_mean6	0.000213941934034586	0.00014948609406818	0.000610500610500611
cpagomiscuentas_mean3	0.000210381934199036	5.20405925518553e-05	0.000305250305250305
mvr_mconsumospesos_lag1	0.00020996232040313	0.000221798563969587	0.000610500610500611
ctransferencias_emitidas_lag2	0.000209379662413238	0.000279581975039679	0.000610500610500611
mv_mpagosdolares_delta2	0.000209320952532285	0.000585108240816244	0.000305250305250305
mtransferencias_emitidas_delta2	0.000208870708307679	0.000228923883240054	0.000610500610500611
Master_fechaalta_lag1	0.000207159396055159	0.000230796019675367	0.000610500610500611
cmobile_app_trx_mean9	0.000207145914543312	0.0002640736448422	0.000610500610500611
mextraccion_autoservicio_delta3	0.000206362454477588	0.0011355243533812	0.000915750915750916
mv_mpagominimo_lag3	0.000205582044356812	0.000134244983344802	0.000610500610500611
Visa_mlimitecompra_delta3	0.000205536151729164	0.000194546977961203	0.000305250305250305
mautoservicio_delta2	0.000204977180709461	0.00294097752903119	0.000915750915750916
Master_cconsumos_mean9	0.000204389559542286	0.00138331681170262	0.000610500610500611
mv_fultimo_cierre_delta1	0.000204245270326737	5.76874040734092e-05	0.000305250305250305
mv_fechaalta_lag3	0.000204206775144897	0.000113944303896246	0.000610500610500611
mv_msaldototal_mean3	0.00020364832957577	0.00168011764159734	0.000610500610500611
internet_mean6	0.000203124275223831	0.00124797894871225	0.000305250305250305
mpagomiscuentas_delta3	0.000202498256871422	0.000515699982564489	0.000915750915750916
mtarjeta_master_consumo_mean6	0.000202020232575662	0.000932560762044143	0.000610500610500611
mv_fultimo_cierre_delta3	0.000201996781056233	0.000592137553090029	0.000610500610500611
mv_mpagospesos_lag2	0.000201559821867899	0.000381659814145944	0.000915750915750916
ctrx_quarter_mean9	0.000200671951084591	0.000277346612133583	0.000610500610500611
Visa_mconsumosdolares_lag1	0.000199615915443082	0.000633215746737332	0.000610500610500611
mv_mconsumosdolares_delta2	0.000198871504340194	0.000897302192512423	0.000305250305250305
mpayroll_lag2	0.000198131396840606	0.000416190330619486	0.000305250305250305
mvr_mpagospesos_lag1	0.000197867607788224	0.00010928156409069	0.000610500610500611
Visa_Finiciomora_lag2	0.000197656678211149	0.000379024422087004	0.000305250305250305
mpayroll_sobre_edad_lag2	0.000197083513096941	0.000525767916283281	0.000305250305250305
mv_mpagominimo_delta2	0.000196976601634706	0.000491038985349928	0.00122100122100122
mcomisiones_otras_delta1	0.000196585489520052	0.000303417312082769	0.000915750915750916
mv_mpagominimo_mean6	0.000196045691364903	0.00193474579808258	0.000610500610500611
Master_mlimitecompra_delta2	0.000195708493223825	0.00124531635467092	0.000610500610500611
Visa_mfinanciacion_limite	0.000195239812020832	0.000613667122096124	0.000305250305250305
mcuenta_debitos_automaticos_lag1	0.000194994668797527	0.000225880461445213	0.000305250305250305
mv_mfinanciacion_limite_lag1	0.000194768062253941	8.9019287440807e-05	0.000305250305250305
Visa_mfinanciacion_limite_mean6	0.000194169063045724	4.40432097281867e-05	0.000305250305250305
Master_fechaalta_delta2	0.000194013035596248	0.000552777884683347	0.000305250305250305
mpagomiscuentas_mean6	0.000192764516619343	0.000231573676348497	0.000915750915750916
mautoservicio_lag1	0.000192557425981154	0.00086464061224097	0.000610500610500611
Visa_mconsumospesos_mean9	0.000192426920770375	0.000180627563558824	0.000610500610500611
mv_msaldototal_mean9	0.000192043364144066	0.000359042165844112	0.000915750915750916
mvr_mconsumototal_mean9	0.00019201832794118	0.000328355129471099	0.000610500610500611
ccaja_ahorro_lag1	0.000190865816740489	0.000261956690565347	0.000305250305250305
mvr_mpagospesos_mean9	0.000189289523797653	0.000808825344602874	0.000915750915750916
Visa_mpagado_mean6	0.000189176508992023	0.000190381874421786	0.000305250305250305
Visa_mconsumospesos_mean3	0.00018916037983531	0.000113880299231791	0.000610500610500611
thomebanking_lag3	0.000188538278385613	0.00013400976620293	0.000305250305250305
catm_trx_delta3	0.000188454632553948	0.000255769039629147	0.000610500610500611
mcuentas_saldo_mean9	0.000188232597809229	0.000223753906468691	0.000305250305250305
Master_Finiciomora_lag1	0.000187829081984506	0.00154554783458043	0.000305250305250305
mvr_Visa_mlimitecompra_mean9	0.000186735804581691	0.000119512709703843	0.000610500610500611
Visa_mpagosdolares	0.000186553444069708	0.00118983871163782	0.000305250305250305
mactivos_margen_delta1	0.00018611452954857	0.000177388927537394	0.000915750915750916
mplazo_fijo_dolares_mean6	0.00018487919893279	0.00139386638052144	0.000610500610500611
Visa_cconsumos_lag2	0.000183822402364321	0.000114534746925845	0.000305250305250305
tcuentas_mean9	0.000183511445196066	0.00177228435841273	0.000305250305250305
Master_msaldototal_mean3	0.000183272713717966	0.000176435258037013	0.000610500610500611
mv_mconsumototal	0.000182573596480529	9.5347748638808e-05	0.000305250305250305
mv_mpagospesos_delta1	0.000182386134015648	6.86706044939096e-05	0.000305250305250305
mv_msaldopesos_delta2	0.000181854628093234	0.000290161946074112	0.000610500610500611
mpagomiscuentas_delta2	0.000181578028024653	0.000420563449318383	0.000610500610500611
Master_msaldopesos_delta2	0.000181035351444979	9.40564545334257e-05	0.000305250305250305
Master_Finiciomora_delta1	0.000180852142686548	0.00255311406278293	0.000305250305250305
mv_mpagospesos_delta2	0.000180740111784426	0.000203312416758334	0.000610500610500611
Visa_mfinanciacion_limite_lag1	0.000180692160911722	7.22436648871172e-05	0.000305250305250305
mtarjeta_master_consumo	0.00017980459574662	0.00255221959759717	0.000305250305250305
Visa_msaldopesos_mean3	0.00017925543101728	0.000141495111710957	0.000610500610500611
ccajas_extracciones_mean6	0.000179236819492195	0.000280356431479586	0.000610500610500611
mvr_mconsumospesos_lag2	0.000179149225572286	5.41975497439932e-05	0.000305250305250305
mcomisiones_otras_delta2	0.000179019980256967	8.54670285635472e-05	0.000305250305250305
cextraccion_autoservicio	0.000178696773412074	0.000152355103152381	0.000305250305250305
Visa_Finiciomora_lag1	0.000178428802379963	0.00026562895818846	0.000305250305250305
Visa_fechaalta_lag3	0.000178193525135426	0.000334819600581068	0.00122100122100122
Master_mfinanciacion_limite_lag3	0.000177859017777333	0.000938948427556765	0.000915750915750916
mvr_mconsumospesos_mean9	0.000176471710712574	4.34639675148678e-05	0.000305250305250305
Visa_mpagado_lag3	0.000176034963585852	0.00193738439037474	0.000305250305250305
mvr_mconsumototal_delta3	0.00017587019171344	0.000660401727964649	0.000305250305250305
mv_Finiciomora_delta2	0.000175676766575003	0.00255383091502483	0.000305250305250305
mv_mconsumosdolares_mean9	0.00017547534023561	0.000162671054945937	0.000915750915750916
cproductos_delta1	0.000174319796794952	0.000562042559863227	0.000305250305250305
mvr_mpagospesos_delta3	0.000173438447162355	0.000783676311821841	0.00152625152625153
mprestamos_personales_lag1	0.000172453467497437	0.000129471835493061	0.000305250305250305
Visa_mlimitecompra_mean6	0.00017209228914981	0.000160144470816571	0.000305250305250305
mcomisiones_mantenimiento_lag3	0.000171800667010871	0.00149608022953967	0.000305250305250305
cpayroll_trx_delta3	0.000171658860163602	0.000123111371962832	0.000305250305250305
cliente_antiguedad_lag3	0.000171532729567654	0.00227314965987313	0.00152625152625153
Visa_msaldototal_delta1	0.000171509356727244	6.29421870251754e-05	0.000305250305250305
mvr_msaldopesos_lag1	0.000171416648380226	4.41088145092532e-05	0.000305250305250305
Master_mlimitecompra	0.0001713797870824	0.00018926019267721	0.000610500610500611
ctrx_quarter_normalizado_lag2	0.000170771786170615	0.000158536353622136	0.000610500610500611
Visa_mlimitecompra_delta1	0.000170111845756691	0.000227901408725383	0.000305250305250305
mpasivos_margen_mean6	0.000169420701100293	0.000458971048341296	0.000915750915750916
Visa_msaldodolares_lag1	0.000169325234393044	0.00110845838089973	0.000305250305250305
Visa_msaldototal_lag1	0.000168656451321761	0.000225048400807296	0.000610500610500611
mv_fultimo_cierre_lag1	0.000168360460089908	0.000194116546592743	0.000915750915750916
Visa_cconsumos_lag1	0.000168019483388271	0.000285968040435689	0.000915750915750916
mv_cconsumos_delta1	0.000166450664399069	0.000178822632021189	0.000305250305250305
mv_mfinanciacion_limite_mean9	0.000166378264069939	0.000116587696538243	0.000305250305250305
Master_mconsumospesos_mean9	0.000166190801605058	6.01755854041024e-05	0.000305250305250305
mv_Finiciomora_mean6	0.000166154290194274	0.00117177499521197	0.000915750915750916
ctarjeta_master_trx_delta2	0.00016578396763982	0.000677721390166207	0.000305250305250305
mv_mconsumosdolares_delta3	0.000165679371368325	0.000410476314200255	0.000305250305250305
Master_delinquency_mean6	0.000165508823935544	9.08626217771147e-05	0.000305250305250305
ctarjeta_visa_descuentos_delta2	0.000164921363373854	0.000290149145141221	0.000305250305250305
Master_msaldototal_delta1	0.000164670884306169	0.00167001770554632	0.000610500610500611
mv_mconsumospesos_mean9	0.000164574929545357	0.000848829860003941	0.000305250305250305
mrentabilidad_annual_sobre_edad_lag1	0.000164346676405726	0.00059320643098643	0.000305250305250305
mvr_msaldototal_delta1	0.000163271474136769	0.000269069208902923	0.000305250305250305
mrentabilidad_exp_delta1	0.000161032667973689	0.000267685108034081	0.000915750915750916
Master_mpagospesos_mean3	0.000160652859389749	0.00113683804911914	0.000915750915750916
mvr_msaldopesos2_lag1	0.000160277513455318	0.000248274093421451	0.000915750915750916
mplazo_fijo_dolares_mean9	0.000159454741493749	0.00095614808101247	0.000915750915750916
Master_mconsumospesos_lag2	0.000159218908126042	0.000404901507926213	0.000610500610500611
mpayroll_sobre_edad_mean9	0.000159060041476985	0.00116670742590374	0.00122100122100122
ccheques_depositados_delta1	0.00015880124030728	0.00227785240259397	0.000305250305250305
mv_mpagosdolares_lag3	0.00015855794326742	0.000933674443205663	0.000305250305250305
mplazo_fijo_dolares	0.000158121295934397	0.00172468088922423	0.000305250305250305
mvr_Master_mlimitecompra_mean9	0.000158102784203103	0.000347865351313635	0.000305250305250305
mrentabilidad_annual_lag1	0.000156485719296835	0.000127850917365735	0.000610500610500611
matm_mean3	0.00015632753536788	0.000203491629818808	0.000610500610500611
cproductos_lag3	0.000156245972729696	8.7547180158339e-05	0.000305250305250305
Master_mpagominimo_mean9	0.000155566415057399	4.79666956592862e-05	0.000305250305250305
tcallcenter_lag3	0.000155253886138374	0.000642650034278018	0.000305250305250305
mv_cconsumos_mean3	0.000154414134629639	0.0015658501141456	0.000305250305250305
Master_fultimo_cierre_mean3	0.000153911785619578	0.000158083520621116	0.000305250305250305
mcaja_ahorro_dolares_lag2	0.000153401780366709	0.000130113482254224	0.000610500610500611
ctarjeta_visa_descuentos_mean6	0.00015286824290185	0.00265375339705557	0.000305250305250305
mv_fultimo_cierre_lag3	0.00015261319515385	0.000297149655316001	0.000305250305250305
Visa_mlimitecompra_lag2	0.000152167978036866	7.31189286735412e-05	0.000305250305250305
cseguro_vivienda	0.000151017830699436	0.000384836045619529	0.000305250305250305
mvr_mconsumospesos_mean6	0.000150845895510518	0.000124900302334353	0.000610500610500611
ctarjeta_master_trx_mean6	0.000150767810059059	0.00061483520722243	0.000305250305250305
Master_Finiciomora_mean6	0.00015055421411907	5.99307675625615e-05	0.000305250305250305
Visa_mpagominimo_lag1	0.000148606140067779	0.000169228332819365	0.000915750915750916
mv_status02_mean9	0.000148028435579747	0.000548593579744592	0.000305250305250305
ctrx_quarter_lag2	0.000147277793607735	0.00107170850268621	0.000915750915750916
mvr_Master_mlimitecompra_lag1	0.000146843871890135	0.000200051379104345	0.000305250305250305
mvr_mconsumospesos	0.000146621431733511	0.000218711939026238	0.000610500610500611
mextraccion_autoservicio_lag2	0.000146273482288199	0.000155705747336608	0.000610500610500611
Master_Fvencimiento_delta3	0.000145932356237105	0.000120691995646428	0.000305250305250305
catm_trx_other_mean9	0.000144363027023376	0.000389268368633047	0.000915750915750916
Master_mpagominimo	0.000144353557536841	0.000148521223751519	0.000305250305250305
Visa_cconsumos	0.000143905749097127	0.000287699366609201	0.000610500610500611
Visa_mfinanciacion_limite_delta3	0.000143762504401962	0.00182834764412559	0.000305250305250305
cforex_sell_mean3	0.000143614310757913	4.57329328698022e-05	0.000305250305250305
ccajas_extracciones_lag2	0.000143056800780345	0.00102118802091516	0.000305250305250305
Visa_fultimo_cierre	0.000142926969177039	8.48445832017211e-05	0.000305250305250305
mautoservicio_lag3	0.000142197340015919	0.000442393840247417	0.000305250305250305
mrentabilidad_annual_sobre_edad_mean3	0.00014091704925408	0.000220854495168874	0.000610500610500611
mcuenta_debitos_automaticos_mean3	0.000140398019069197	0.000233692230741961	0.000610500610500611
mforex_sell_delta3	0.000140153565046131	0.00265375339705557	0.000305250305250305
Visa_Fvencimiento_delta1	0.00013928840356661	9.85687833775124e-05	0.000305250305250305
Visa_Finiciomora_mean6	0.000139224859928329	0.00113267934604617	0.000305250305250305
mrentabilidad_exp_mean3	0.000139081235357234	0.000181096397725958	0.000915750915750916
cmobile_app_trx_mean6	0.000138916746880515	6.15068824247691e-05	0.000305250305250305
Visa_mpagado_mean3	0.000138409945277084	0.000542941967873204	0.000915750915750916
mvr_mconsumosdolares_delta1	0.000138288046572426	4.47152587049656e-05	0.000305250305250305
Visa_mconsumototal_lag3	0.000137992619798686	4.4243224304609e-05	0.000305250305250305
mcaja_ahorro_dolares_lag3	0.000137692459353682	0.000219439992084415	0.000915750915750916
mv_mpagado_mean3	0.000137210499404617	0.000631247603305337	0.00122100122100122
mv_mlimitecompra_mean3	0.000136704682310401	0.000101716212752093	0.000305250305250305
Master_msaldopesos_lag3	0.000135955521651118	0.000662288265449464	0.000610500610500611
mextraccion_autoservicio_mean9	0.00013526061757894	0.000155323319466488	0.000610500610500611
ccallcenter_trx_lag3	0.000135255677790805	0.00265375339705557	0.000305250305250305
mtarjeta_visa_descuentos_mean9	0.000134917140138796	0.000449106329432149	0.000305250305250305
Visa_msaldototal_mean6	0.000134446927818591	0.000157547481556304	0.000610500610500611
cextraccion_autoservicio_lag3	0.000134408242167193	0.000185491918057414	0.000305250305250305
mcheques_emitidos_mean9	0.000134138088147901	0.000596056238671294	0.000305250305250305
Visa_mconsumosdolares_lag3	0.000133563039427612	7.17620297870924e-05	0.000305250305250305
ccomisiones_otras_lag3	0.000132409511578605	5.09429125564498e-05	0.000305250305250305
cpagomiscuentas_delta1	0.000132344140468197	0.000207999158313061	0.000610500610500611
Master_fultimo_cierre_delta1	0.000132342949180907	5.76810036069637e-05	0.000305250305250305
mtransferencias_emitidas	0.000132049253925586	0.00137219920148677	0.00183150183150183
mv_fechaalta	0.000131953170582658	0.000384133594427134	0.000610500610500611
Visa_mpagospesos_mean9	0.000131938582186093	0.000124258655573191	0.000610500610500611
Visa_mpagosdolares_mean9	0.00013192350378687	0.00014811639424884	0.000305250305250305
Visa_mfinanciacion_limite_mean3	0.000130790184162052	0.000186031157355448	0.000305250305250305
Visa_status_delta3	0.00013076119409229	0.000710154153762233	0.000305250305250305
Visa_msaldopesos_lag3	0.000130413598602757	9.88088008692192e-05	0.000610500610500611
mvr_mconsumospesos_lag3	0.000130056563252944	0.00018126120973693	0.000305250305250305
mcheques_emitidos_lag1	0.000129956869346947	0.000160458093672401	0.000305250305250305
mvr_mconsumosdolares	0.000129365703944156	0.000174580722884426	0.000305250305250305
cpagomiscuentas_lag1	0.000129240038727813	9.72054840246182e-05	0.000305250305250305
Master_mfinanciacion_limite_lag2	0.000129079408293939	0.000425781429588088	0.000305250305250305
mcuentas_saldo_mean6	0.000128829720079159	0.00096173248798618	0.00122100122100122
matm_other_lag3	0.000128459252821386	0.00026286555680061	0.000305250305250305
mactivos_margen_mean9	0.000128455338958156	0.000123088970330273	0.000610500610500611
Master_mlimitecompra_mean6	0.000128332701935958	7.91785702808306e-05	0.000305250305250305
catm_trx_lag3	0.00012753407790571	7.82153000807809e-05	0.000305250305250305
cmobile_app_trx	0.000127425028340367	0.000373185596572084	0.000305250305250305
mcaja_ahorro_delta2	0.000127267666150158	5.7466587981039e-05	0.000305250305250305
mcomisiones_otras	0.000126397215604553	0.000201921915423046	0.000305250305250305
ccomisiones_otras_delta3	0.000126327335066341	7.01043089777045e-05	0.000305250305250305
mvr_mpagospesos_lag3	0.000126211823858942	0.000220846494585817	0.000305250305250305
cextraccion_autoservicio_delta2	0.000125680921376555	0.00150759466867515	0.000305250305250305
mvr_msaldodolares_delta2	0.000123933960027678	0.00419190549265821	0.00122100122100122
mprestamos_personales_lag2	0.000123923753912296	0.000355646718394767	0.000305250305250305
Visa_mconsumosdolares_mean6	0.000123358378164132	0.000108510307884006	0.000610500610500611
ccajas_depositos_mean3	0.000123304733593077	0.000929070907714727	0.000305250305250305
Master_mfinanciacion_limite_mean9	0.00012279244887279	0.0001140643126421	0.000610500610500611
mv_fultimo_cierre_mean3	0.000122088853393079	0.000222885043148713	0.000610500610500611
Visa_mpagado_delta1	0.000121792731961633	0.00222277478871372	0.000610500610500611
mcheques_depositados_lag3	0.000121441048828604	0.00205588422626358	0.000305250305250305
Visa_mconsumototal_mean9	0.000121282663752973	8.99681565913543e-05	0.000305250305250305
mcomisiones_mantenimiento_lag2	0.000121099105732872	0.000505494438817119	0.000915750915750916
Master_mpagosdolares_mean9	0.000121007095925473	7.14660082139874e-05	0.000305250305250305
matm_other_lag2	0.000119947236937844	0.000478279655490797	0.000305250305250305
mrentabilidad_annual_lag3	0.000119044856306528	0.000296682421265478	0.000610500610500611
mvr_mconsumosdolares_delta3	0.000118789006310739	0.00012778691270128	0.000305250305250305
mpagomiscuentas_mean9	0.000118579567402054	0.000237199686354102	0.000915750915750916
Master_mconsumospesos_delta2	0.000118233305093978	0.000171084468088564	0.000305250305250305
mvr_mpagospesos_lag2	0.000117794521552071	0.000239049421156856	0.000610500610500611
Master_msaldototal	0.000117494756870948	0.00130604878065578	0.000305250305250305
mv_mpagado_mean9	0.00011722321509552	0.000202086727434018	0.000610500610500611
matm_other_mean9	0.000116756258544767	8.81840265696675e-05	0.000305250305250305
active_quarter	0.000116658610409614	0.000107607842115188	0.000305250305250305
cprestamos_hipotecarios_mean6	0.000116474990002172	0.00265375339705557	0.000305250305250305
mpasivos_margen_sobre_edad_lag3	0.000116221426685455	0.000162485441419017	0.000610500610500611
ctarjeta_debito_trx_delta3	0.000115957409978695	7.07779580710948e-05	0.000305250305250305
mv_fechaalta_lag2	0.000115760729070806	6.17885029483717e-05	0.000305250305250305
mvr_msaldototal_lag2	0.000115383431994127	9.57893808235484e-05	0.000610500610500611
Master_Fvencimiento_lag3	0.000115229140506734	7.25636882093929e-05	0.000305250305250305
mtarjeta_visa_debitos_automaticos_delta1	0.000114485178475495	0.000305478262278224	0.000305250305250305
ctransferencias_emitidas	0.00011446792196183	0.000897409400325386	0.000610500610500611
Master_mpagosdolares_mean6	0.000114292989258639	0.00177861761996057	0.000610500610500611
tcallcenter_lag1	0.000113899489251975	0.000115312403598975	0.000305250305250305
ctarjeta_debito_mean3	0.000113129269003503	0.000110739270323656	0.000305250305250305
minversion1_pesos_mean9	0.000112734273065891	0.00265375339705557	0.000305250305250305
cforex_lag2	0.000112452792461685	5.94059293140294e-05	0.000305250305250305
mvr_msaldodolares_mean9	0.000112386468730755	0.00021910876794586	0.000610500610500611
cproductos_sobre_edad_lag2	0.000112142733436727	8.59662649462972e-05	0.000305250305250305
mv_mpagado_lag3	0.000111375531947671	0.00191499715886495	0.000305250305250305
ccheques_emitidos_mean3	0.000110718402909381	0.00238367771480409	0.000305250305250305
mvr_msaldototal	0.000110266936569458	0.000430535376040493	0.000610500610500611
mvr_msaldopesos_lag3	0.000109877403979399	0.000123881028052905	0.000305250305250305
ctrx_quarter_mean6	0.000109617815618063	8.89568828929632e-05	0.000305250305250305
cextraccion_autoservicio_delta1	0.000109534587672516	0.000335682063434601	0.000305250305250305
mv_Fvencimiento_lag1	0.000109252645522448	0.00025646829058832	0.000305250305250305
mvr_msaldodolares2_delta1	0.000109230416475841	0.00224854786697319	0.000305250305250305
mv_Fvencimiento_mean3	0.000108740834042597	0.000200997048021669	0.000610500610500611
cliente_antiguedad_mean3	0.000108504529578459	6.34414234079254e-05	0.000305250305250305
mvr_msaldopesos_mean6	0.000108185501594742	5.78826182999973e-05	0.000305250305250305
Visa_msaldodolares_delta2	0.00010436232387698	0.00247923187848576	0.000305250305250305
Visa_mpagominimo_lag3	0.000103102821356002	4.35327725291571e-05	0.000305250305250305
internet_mean9	0.000102894739017922	0.000421811540275258	0.000305250305250305
ccajas_consultas_lag2	0.000102803477679549	0.0020850527519724	0.000305250305250305
ctarjeta_debito_trx_delta2	0.000102384974088552	0.00016636572420161	0.000305250305250305
ctransferencias_emitidas_mean6	0.000102162490327875	0.000327831891339179	0.000610500610500611
ctarjeta_master_trx_lag1	0.000101875664467938	5.23030116761213e-05	0.000305250305250305
cmobile_app_trx_mean3	0.000101833046321061	0.000154881687281748	0.000305250305250305
ccajas_depositos_mean6	0.000101698200084346	0.00250029741367456	0.000305250305250305
Master_cconsumos_delta3	0.00010129930595534	0.000123466597850558	0.000305250305250305
cextraccion_autoservicio_mean6	0.000101114507514458	0.000101676209836809	0.000610500610500611
mv_mpagado_mean6	0.000100927755418692	0.000266259404133343	0.000915750915750916
ccajas_depositos_mean9	0.00010077403557988	0.000448765504593925	0.000305250305250305
ccaja_ahorro_delta3	0.000100197022171127	0.00265375339705557	0.000305250305250305
Master_mpagospesos_mean6	9.95803407667453e-05	0.000108516708350451	0.000305250305250305
Visa_msaldototal_delta2	9.92208027780568e-05	4.36351799922853e-05	0.000305250305250305
Master_cadelantosefectivo_mean6	9.88388486295739e-05	7.37173722861966e-05	0.000305250305250305
cextraccion_autoservicio_lag2	9.8772117830008e-05	4.8101105454642e-05	0.000305250305250305
cpagomiscuentas_delta2	9.84201329769652e-05	0.00231925541991339	0.000305250305250305
mv_mconsumosdolares_mean6	9.81979424512379e-05	0.000206314235521279	0.000610500610500611
thomebanking_mean3	9.74520155848889e-05	0.000126623627924808	0.000305250305250305
Visa_cconsumos_delta1	9.74203123739165e-05	0.000107422228588268	0.000610500610500611
ctarjeta_visa_trx_lag1	9.64643074421408e-05	8.91456966531059e-05	0.000305250305250305
Master_Fvencimiento_mean3	9.64424120823411e-05	0.000165540064030138	0.000915750915750916
matm_delta1	9.59087871014605e-05	8.31516598268829e-05	0.000305250305250305
mplazo_fijo_dolares_lag1	9.56937940496764e-05	0.00241534562265987	0.000305250305250305
ccomisiones_mantenimiento	9.46546547289472e-05	0.00102808612362681	0.000305250305250305
Visa_fechaalta_delta2	9.44380836892866e-05	0.000333195482220519	0.000610500610500611
mtarjeta_visa_consumo_mean9	9.4305058687591e-05	4.45504466939936e-05	0.000305250305250305
mvr_msaldodolares_lag2	9.41929997184909e-05	0.000371071842528454	0.000610500610500611
cpagomiscuentas_delta3	9.38415730864559e-05	5.50120090991847e-05	0.000305250305250305
mvr_mpagospesos_delta1	9.32604494246971e-05	0.000211868240279373	0.000305250305250305
Master_mfinanciacion_limite_delta2	9.22737953529021e-05	5.17589720282527e-05	0.000305250305250305
mvr_mpagominimo_mean6	9.10805596701282e-05	0.000280522843607169	0.00122100122100122
mvr_msaldototal_lag3	8.9948708180775e-05	5.97755562512578e-05	0.000305250305250305
mrentabilidad_sobre_edad	8.99430838702311e-05	0.000202677170463616	0.000610500610500611
Master_mfinanciacion_limite_mean6	8.98900980935219e-05	5.484399685499e-05	0.000305250305250305
mv_mpagominimo_delta3	8.92433912597436e-05	0.00012260893534686	0.000305250305250305
ctarjeta_visa_trx_delta1	8.92157234565027e-05	0.000107036600484926	0.000305250305250305
mv_msaldopesos_delta3	8.85585445213626e-05	4.60353549093527e-05	0.000305250305250305
ccheques_depositados_mean6	8.83199065998566e-05	0.00139001009948802	0.000305250305250305
ctarjeta_visa_descuentos_mean3	8.7546093778196e-05	0.00265375339705557	0.000305250305250305
active_quarter_mean9	8.7414734083864e-05	0.000112713814222096	0.000305250305250305
mv_cconsumos_lag2	8.67672600860193e-05	0.000275084047245094	0.000305250305250305
Visa_mpagominimo_mean9	8.67424769444103e-05	0.000103269925981742	0.000610500610500611
ccallcenter_trx_mean3	8.65658951113501e-05	0.000257591572449507	0.000305250305250305
mcaja_ahorro_lag3	8.52848518669099e-05	9.39924498689706e-05	0.000610500610500611
Master_msaldopesos_mean9	8.37749397635077e-05	4.42976282693959e-05	0.000305250305250305
Visa_msaldototal_mean3	8.18972277471208e-05	4.32415513058862e-05	0.000305250305250305
mtarjeta_master_consumo_lag3	8.11151881823414e-05	5.10997239843649e-05	0.000305250305250305
mextraccion_autoservicio_delta2	7.91993881072973e-05	0.000103285927147856	0.000610500610500611
mtarjeta_master_consumo_mean3	7.82171479576182e-05	0.000104017180439255	0.000305250305250305
ctarjeta_debito_trx_lag1	7.77868063389949e-05	5.56008520121719e-05	0.000305250305250305
mpayroll_sobre_edad_delta3	7.74938886401801e-05	0.000247358826719743	0.000610500610500611
Master_fechaalta	7.71135703488264e-05	0.000737464944085237	0.00122100122100122
Visa_msaldopesos_delta3	7.64724671800333e-05	6.57647927276467e-05	0.000305250305250305
Visa_delinquency_lag1	7.63478186120059e-05	7.69416072581238e-05	0.000305250305250305
cextraccion_autoservicio_lag1	7.60402170069033e-05	5.76121985926744e-05	0.000305250305250305
mdescubierto_preacordado_mean9	7.58819566733968e-05	0.000147839574075072	0.000305250305250305
ctarjeta_debito_trx_mean3	7.43615123390304e-05	9.52645425750163e-05	0.000305250305250305
catm_trx_delta2	7.19009926422024e-05	0.000495989746145532	0.000305250305250305
Visa_mpagominimo_mean6	7.15946821180896e-05	0.000130150284936285	0.000305250305250305
mcomisiones_otras_lag1	7.10348768854286e-05	6.22909395643444e-05	0.000305250305250305
internet_lag2	7.10155979900684e-05	5.08757076587719e-05	0.000305250305250305
mvr_mconsumosdolares_lag1	7.01162072715519e-05	4.48816708325489e-05	0.000305250305250305
matm_lag2	6.9746643134597e-05	0.000208959228279888	0.000610500610500611
mvr_msaldopesos2_mean3	6.93657465405246e-05	0.000410018680849401	0.00122100122100122
mv_fultimo_cierre	6.78900780268866e-05	8.29292436179013e-05	0.000305250305250305
mrentabilidad_lag1	6.7121310049619e-05	0.00020288998597293	0.000610500610500611
catm_trx_lag2	6.66034690422282e-05	0.000126356408450707	0.000305250305250305
Visa_msaldopesos_lag1	6.64284745527038e-05	5.59336762673386e-05	0.000305250305250305
Visa_mpagado	6.63739123473946e-05	0.000146426671107225	0.000305250305250305
ccajas_trx_mean6	6.63603805496104e-05	0.00155566217168095	0.00122100122100122
matm_mean9	6.61161389839718e-05	0.000126097189559664	0.000305250305250305
Master_mpagospesos_lag2	6.53490061030846e-05	5.47831924237576e-05	0.000305250305250305
ctarjeta_debito_trx_mean9	6.41134573834963e-05	0.00027921234810245	0.000610500610500611
ccomisiones_otras_delta1	6.36533704205284e-05	0.000927142767198016	0.000610500610500611
tcallcenter_delta2	6.24868666618273e-05	0.000116157265169782	0.000305250305250305
Master_mconsumototal_delta3	6.23330346737448e-05	0.000314050086965378	0.000305250305250305
matm_other_delta2	6.19373214689163e-05	7.49798642925741e-05	0.000305250305250305
Master_mpagospesos_lag1	6.12330149590944e-05	6.42606831129511e-05	0.000305250305250305
mvr_msaldopesos_mean3	6.12189190990122e-05	7.57511204992584e-05	0.000305250305250305
mcomisiones_delta1	6.09773435004714e-05	5.12485348292231e-05	0.000305250305250305
mextraccion_autoservicio	6.01718461791571e-05	0.00016144376550501	0.000305250305250305
mcuenta_debitos_automaticos_lag2	5.9888931040517e-05	7.4797450998877e-05	0.000305250305250305
matm_other_mean6	5.96602350663433e-05	0.000133939361072029	0.000305250305250305
mv_mpagosdolares_mean9	5.80984834494113e-05	0.000216023743119123	0.000610500610500611
mtarjeta_visa_debitos_automaticos	5.80473568176328e-05	5.98939648804998e-05	0.000305250305250305
Visa_msaldototal_lag3	5.79960628559887e-05	0.000186853617293697	0.000305250305250305
ctarjeta_debito_trx	5.77940242738465e-05	9.99944872782505e-05	0.000610500610500611
mautoservicio_mean6	5.68361798454641e-05	0.000194258956971155	0.000610500610500611
ctransferencias_emitidas_mean3	5.50064572339641e-05	0.000241091169952974	0.000610500610500611
mv_cconsumos_lag3	5.47100496752696e-05	0.000180664366240886	0.000305250305250305
mtarjeta_visa_descuentos_mean6	5.41626250984772e-05	0.000474704994980978	0.000305250305250305
Master_msaldototal_mean9	5.37452941717015e-05	0.00010342993764288	0.000610500610500611
mrentabilidad_delta2	5.35971690475708e-05	4.95172086557118e-05	0.000305250305250305
mvr_msaldodolares_lag1	5.3352009451862e-05	0.00115488416426226	0.000610500610500611
mv_mconsumospesos_mean6	5.28970351618174e-05	5.52184241420525e-05	0.000305250305250305
mextraccion_autoservicio_mean6	5.16153503725285e-05	9.91432252409973e-05	0.000305250305250305
mtarjeta_visa_debitos_automaticos_mean6	4.9690108488108e-05	0.000461088002618149	0.000305250305250305
ctarjeta_master_trx_lag2	4.870545340886e-05	5.20885960501966e-05	0.000305250305250305
mv_Fvencimiento_lag3	4.74872436496844e-05	8.47773783040432e-05	0.000305250305250305
Master_mlimitecompra_lag3	4.71769912744336e-05	0.000181267610203375	0.000305250305250305
mcomisiones_mean3	4.52311014498353e-05	4.97348245148592e-05	0.000305250305250305
mvr_msaldopesos2_lag3	4.5143047543342e-05	0.000105982123638028	0.000610500610500611
ccajas_extracciones	4.50361357461591e-05	0.000204704518210233	0.000305250305250305
mvr_mconsumosdolares_mean3	4.46616287025161e-05	0.000101047364008537	0.000305250305250305
mvr_Master_mlimitecompra	4.42510555920921e-05	4.93811987437446e-05	0.000305250305250305
cextraccion_autoservicio_mean9	4.38737979846012e-05	4.68770162469376e-05	0.000305250305250305
mv_mconsumospesos_delta3	4.32743808902667e-05	5.57048595919115e-05	0.000305250305250305
tmobile_app_lag1	4.17194110543584e-05	4.35471735786595e-05	0.000305250305250305
mforex_sell_mean3	4.05610619222352e-05	7.50182670912472e-05	0.000305250305250305
mvr_Visa_mlimitecompra_lag1	3.80325328190639e-05	0.000118939867956969	0.000305250305250305
Master_fechaalta_mean6	3.55297247623512e-05	0.000230743215827191	0.000610500610500611
ctarjeta_debito_trx_lag3	3.53956242496497e-05	0.000619934778862892	0.000610500610500611
matm_other_delta3	3.5249988208974e-05	9.15698733193439e-05	0.000305250305250305
mv_msaldototal_delta2	3.38591104008982e-05	4.54001086146355e-05	0.000305250305250305
mv_mfinanciacion_limite	3.13303162207121e-05	6.10028456921849e-05	0.000305250305250305
thomebanking_delta3	3.11712731303736e-05	0.00013773643779083	0.000305250305250305
mv_mconsumototal_mean9	3.01014877881781e-05	0.00013021428960074	0.000305250305250305
Master_msaldototal_lag2	2.96840912835373e-05	0.000206432644150521	0.000305250305250305
ctransferencias_emitidas_lag1	2.96202264342846e-05	0.000181453223730295	0.000305250305250305
mvr_mpagominimo_mean9	2.89817627673839e-05	0.000341751305741558	0.00152625152625153
Master_mpagospesos_mean9	2.89638895084856e-05	4.9408400726138e-05	0.000305250305250305
mvr_msaldodolares_mean6	2.89578894122914e-05	0.000131478381723729	0.000305250305250305
Master_mlimitecompra_delta1	2.63159104653305e-05	0.000103063510938874	0.000305250305250305
mv_mconsumospesos_lag2	2.54816834734394e-05	5.97755562512578e-05	0.000305250305250305
ctarjeta_debito_trx_mean6	2.3786410038303e-05	0.000164554392197529	0.000610500610500611
mtarjeta_master_consumo_delta2	2.37073140701948e-05	9.83271657691943e-05	0.000305250305250305
mvr_msaldodolares2_mean3	2.31830759358162e-05	5.37687184921438e-05	0.000305250305250305
mvr_mconsumosdolares_lag3	2.27884666987905e-05	4.76130698881716e-05	0.000305250305250305
ctarjeta_debito_trx_lag2	2.14833459828384e-05	7.49750639427399e-05	0.000305250305250305
mrentabilidad_annual_sobre_edad	2.04538055685988e-05	4.49152732813879e-05	0.000305250305250305
mrentabilidad_annual_exp_mean6	1.96674390113716e-05	5.03908723255243e-05	0.000305250305250305
Visa_fechaalta_lag1	1.95446225932996e-05	4.97012220660203e-05	0.000305250305250305
ccajas_otras_mean6	1.87880772002395e-05	0.000304622199891137	0.000305250305250305
mvr_mpagado_mean3	1.82488279104394e-05	0.000445611674752899	0.000305250305250305
Visa_fultimo_cierre_lag1	1.79732203213872e-05	0.00083601132583019	0.000610500610500611
internet_lag1	1.61022451593682e-05	0.000331996994878596	0.000305250305250305
ctrx_quarter_mean3	1.5059008372005e-05	0.000271869412972835	0.000915750915750916
mtarjeta_visa_descuentos_delta2	1.45842535670272e-05	6.41918780986618e-05	0.000305250305250305
ccheques_depositados_delta2	1.40243797261976e-05	0.000131300768779866	0.000305250305250305
mv_msaldodolares_lag3	1.34091172634831e-05	7.78408727937184e-05	0.000305250305250305
ctransferencias_recibidas_lag1	1.33561174532849e-05	0.000140672651772709	0.000305250305250305
ctarjeta_visa_debitos_automaticos_lag3	1.32253081835777e-05	0.000115851642897009	0.000305250305250305
Visa_Fvencimiento_mean6	1.26441112358207e-05	8.25868186630664e-05	0.000305250305250305
mv_cconsumos	1.22160742279498e-05	4.37151858228542e-05	0.000305250305250305
mcomisiones_mantenimiento_lag1	1.2005873612666e-05	8.17643587248179e-05	0.000305250305250305
Master_msaldopesos_lag1	1.09979993461964e-05	0.000292173292654614	0.000610500610500611
mv_mpagado	1.06926968943782e-05	0.000604997690295676	0.000305250305250305
mrentabilidad_sobre_edad_mean6	1.03520760488885e-05	0.000469847040948834	0.000305250305250305
mvr_msaldodolares	1.02936125336318e-05	0.000584463393821859	0.000305250305250305
Visa_mconsumosdolares_delta3	9.25649637423624e-06	0.000129334225464482	0.000305250305250305
mvr_mpagominimo_lag3	8.8874171722908e-06	0.000450138404646488	0.000305250305250305
mcaja_ahorro_dolares_lag1	8.6368261290574e-06	0.000165133634410848	0.000610500610500611
mvr_mpagospesos_mean3	8.22690294459361e-06	5.34374943535885e-05	0.000305250305250305
cpagomiscuentas_lag3	6.10801060627341e-06	0.000146516277637462	0.000305250305250305
ccajas_trx_delta2	5.67667105065313e-06	0.000126213998072295	0.000305250305250305
tcallcenter_delta3	5.26508051227517e-06	0.000686264412754356	0.000305250305250305
mttarjeta_master_debitos_automaticos_delta1	4.99950296968078e-06	0.000462555309550783	0.000305250305250305
mpagomiscuentas_mean3	4.94768119292188e-06	0.000509165106323621	0.000305250305250305
ccajas_depositos_delta3	4.17976594502182e-06	0.000170106796839012	0.000305250305250305
ccaja_seguridad_mean6	4.10301484447657e-06	9.93608411001447e-05	0.000305250305250305
mpayroll_lag3	3.65140272909206e-06	0.000162555846549918	0.000610500610500611
mtarjeta_visa_consumo_mean3	1.88860317332364e-06	7.01891151581076e-05	0.000305250305250305
Visa_mconsumosdolares	1.64533614953683e-06	7.57879231813201e-05	0.000305250305250305
mv_mconsumosdolares_mean3	1.43237161909962e-06	5.121013203055e-05	0.000305250305250305
mvr_mpagado_delta1	9.75288504965491e-07	0.000120139955415503	0.000305250305250305
ctarjeta_visa_trx_mean3	7.61669937479826e-07	0.000120539984568347	0.000610500610500611
mv_msaldodolares	7.0155538103783e-07	0.000362272801282485	0.000610500610500611
mvr_msaldodolares2_mean6	6.27444052542049e-07	0.000582127223569247	0.000610500610500611
mvr_mpagosdolares	3.18621743447188e-07	0.000137059588464217	0.000305250305250305
Visa_mpagospesos_lag1	2.78705773118383e-08	0.00011862784521775	0.000610500610500611
Visa_delinquency_mean6	1.52043399712551e-08	0.00246140177908517	0.00274725274725275
Visa_delinquency_mean9	9.48708969391518e-09	0.000701585529308302	0.000610500610500611
mtarjeta_visa_consumo_lag2	9.46378390763654e-09	0.000100128897073606	0.000305250305250305
mv_mpagominimo_mean3	1.24573326021722e-10	0.000711639061977592	0.000610500610500611
cpayroll_trx_mean6	3.63827964972916e-11	6.16076897712859e-05	0.000305250305250305
mvr_mconsumospesos_mean3	6.25455741249688e-12	4.73714522798535e-05	0.000305250305250305
ccaja_ahorro_mean9	2.57148262986444e-12	0.000339675954496601	0.000305250305250305
mvr_msaldodolares_mean3	1.01780413467267e-12	0.000446506139938659	0.000610500610500611
mv_msaldodolares_mean3	2.06490559917347e-13	0.000177736152842063	0.000305250305250305
mcajeros_propios_descuentos_mean9	1.37082967259586e-13	0.000213847584527648	0.000305250305250305
mrentabilidad_annual_mean3	9.14582879736392e-14	0.000191609163862713	0.000305250305250305
ctarjeta_visa_debitos_automaticos_mean3	5.73836498231932e-14	7.24548802798192e-05	0.000305250305250305
ccajas_trx_lag3	5.46095729622857e-14	8.23516015211937e-05	0.000305250305250305
Master_mlimitecompra_mean9	4.08595461200531e-14	4.73570512303511e-05	0.000305250305250305
Master_fechaalta_mean3	3.27815621867029e-14	4.71058329223647e-05	0.000305250305250305
mv_mconsumospesos_mean3	1.18948490004819e-14	4.45008430790409e-05	0.000305250305250305
ctarjeta_visa_debitos_automaticos	3.71760501327726e-19	8.55150320618886e-05	0.000305250305250305
