Feature	Gain	Cover	Frequency
ctrx_quarter_normalizado_rank	0.110616275990413	0.00728619798184386	0.00366655136630924
ctrx_quarter_normalizado	0.0641394301210609	0.00539198393478013	0.00318228986509858
rf_015_031	0.0626220233103867	0.000918655214087835	0.000553441715669319
ctrx_quarter_rank	0.0495951312997537	0.00453566397709295	0.00290556900726392
rf_029_050	0.0348900056354031	0.00267090147565311	0.000899342787962643
rf_037_029	0.023602389507143	0.000455696019450951	0.000760982359045313
cpayroll_trx	0.0216370858853296	0.00893375795828703	0.00456589415427188
rf_040_043	0.0187502814756968	0.00639909349695966	0.00297474922172259
rf_008_046	0.0178144124000628	0.00196053250430696	0.000899342787962643
rf_012_036	0.0173996272630982	0.00389754365660283	0.00131442407471463
rf_026_036	0.0163989310886552	0.00635691565088354	0.00214458664821861
mtarjeta_visa_consumo	0.0147643698806094	0.00385934901136929	0.00311310965063992
mprestamos_personales_ratiomax6	0.0101808824013074	0.00558478869862116	0.00318228986509858
mprestamos_personales_ratioavg6	0.01012883599652	0.00570502993406921	0.00318228986509858
rf_026_027	0.00915632225169444	0.000434940341806179	0.000899342787962643
mdescubierto_preacordado_delta2	0.00906990929565347	0.0119261861348914	0.00318228986509858
cpayroll_trx_ratiomax6	0.00831875812829412	0.00703112618506851	0.00345901072293324
cproductos_ratiomax6	0.00807728277516007	0.00397682457245101	0.00345901072293324
mpasivos_margen_por_ctrx_q	0.00768261799949786	0.00181954608713204	0.00186786579038395
mpayroll_sobre_edad_rank	0.00731844534791824	0.00241229255454588	0.00318228986509858
cproductos_ratioavg6	0.00656303752744546	0.00162504623255036	0.00152196471809063
ratio_totalcomisiones_antiguedad	0.0063591283724601	0.00867084046288237	0.00760982359045313
ratio_totalcomisiones_antiguedad_rank	0.00629286193731047	0.00874168790869891	0.00691802144586648
mtarjeta_visa_consumo_rank	0.00606626466216098	0.00392105976065497	0.00338983050847458
rf_034_041	0.00547899514669144	0.000142555556900782	0.000345901072293324
exp_totalcomisiones_lag2	0.00538658128014333	0.00894091617429397	0.00643375994465583
mv_status01	0.00528776552289472	0.000540607995251815	0.000622621930127983
cproductos_sobre_edad_delta6	0.00505183784493419	0.00671174065136858	0.00518851608439986
exp_totalcomisiones_lag6	0.0048425647476546	0.00357408045879924	0.00484261501210654
ratio_totalcomisiones_antiguedad_lag2	0.00479087196998311	0.00303346721558848	0.00387409200968523
mcuentas_saldo_ratioavg6	0.0038678154276563	0.00609857437568273	0.00560359737115185
ratio_totalcomisiones_antiguedad_lag1	0.00381620179045765	0.00668098761192525	0.00498097544102387
Visa_status_max6	0.00375004725127794	0.00942163446201554	0.0025596679349706
rf_003_048	0.00374005917665872	0.000151309152428337	0.000276720857834659
mcaja_ahorro_rank	0.00368000078016534	0.00130890393748115	0.00193704600484262
rf_003_050	0.00360865371675207	0.000448506315690309	0.000484261501210654
cproductos_sobre_antiguedad_delta6	0.00355804585422645	0.00762234549642808	0.00760982359045313
total_comisiones_lag6	0.0034364884053444	0.00220347101999136	0.00318228986509858
mpayroll_sobre_edad	0.00341513190396033	0.00406758277452148	0.00186786579038395
mpayroll_min6	0.003303775943073	0.00654914313924014	0.00449671393981321
mcuentas_saldo	0.00320898665165334	0.00185472315596969	0.00297474922172259
mv_status04	0.00319639701981694	0.000369949618177137	0.000415081286751989
mcuentas_saldo_delta6	0.00308993709412223	0.00405128786198368	0.00588031822898651
total_comisiones_lag2	0.00307093183779156	0.00228617360507454	0.00359737115185057
rf_039_033	0.00303329864816364	0.000294305537880867	0.000484261501210654
mcomisiones_mantenimiento	0.00283262117342029	0.00262433108793637	0.00269802836388793
rf_032_036	0.00267667011759544	0.00164768067949901	0.000622621930127983
mdescubierto_preacordado	0.00264488080722436	0.000991003576163899	0.000760982359045313
mcuentas_saldo_min6	0.00261217785934061	0.0102108750084118	0.00505015565548253
mcaja_ahorro_dolares_ratioavg6	0.00260508884511681	0.00513100818418673	0.00442753372535455
mcomisiones_mantenimiento_rank	0.0025918639575734	0.00385511390849714	0.00387409200968523
mcomisiones_otras_max6	0.00244822100492755	0.000726406733895435	0.00145278450363196
cpayroll_trx_rank	0.00244646233157726	0.00378488047387768	0.00290556900726392
mprestamos_personales_max6	0.00243425753069707	0.00162744454979022	0.000760982359045313
ccomisiones_mantenimiento_ratioavg6	0.00239199607956766	0.00288594708952159	0.00214458664821861
mtarjeta_visa_debitos_automaticos_tend6	0.00232729374247952	0.00529357945652043	0.00366655136630924
mcaja_ahorro_dolares_delta1	0.00226615405900616	0.00463943711735787	0.00325147007955725
total_deuda_acumulada	0.0022581544082676	0.0038697557139659	0.00166032514700796
mcaja_ahorro_ratioavg6	0.0022358129420666	0.00193617672682292	0.00276720857834659
exp_totalcomisiones_lag1	0.00222206243930416	0.0026684559267827	0.0037357315807679
exp_totalcomisiones	0.00218123315634937	0.00468661102035378	0.00463507436873054
ratio_totalcomisiones_ctrx_lag6	0.00213803151487855	0.0019279269353545	0.00366655136630924
mplazo_fijo_dolares_rank	0.00208938836146177	0.0130688189889796	0.00484261501210654
cproductos_rank	0.00206925583618339	0.00264704425426926	0.00532687651331719
mpayroll_ratioavg6	0.00200161509989972	0.00400162642644575	0.00172950536146662
mrentabilidad_annual_exp_delta6	0.00196738498901472	0.00329327791929511	0.00359737115185057
ccaja_ahorro_rank	0.00188599801847064	0.00236889193403456	0.00332065029401591
ratio_totalcomisiones_ctrx	0.00187753678977777	0.00425958984860221	0.00498097544102387
mcaja_ahorro_delta2	0.00185542583203268	0.00123174319704851	0.00207540643375995
thomebanking	0.00183838278758002	0.00156977997685451	0.00200622621930128
mv_mpagominimo	0.00182010854882401	0.00111490263899966	0.00159114493254929
mrentabilidad_annual_sobre_ctrx_q_delta1	0.00180541859499532	0.0031183004720051	0.00463507436873054
mcomisiones_sobre_antiguedad	0.0017985934964521	0.00432152101216377	0.00276720857834659
ccomisiones_mantenimiento_rank	0.00177287166106606	0.000662486593892065	0.00152196471809063
mpayroll_rank	0.00173370176520889	0.00101374823025048	0.00179868557592529
total_comisiones_lag1	0.00173270509367266	0.00226903901910483	0.00304392943618125
mdescubierto_preacordado_rank	0.00172997354210394	0.00101553253629327	0.00166032514700796
mcomisiones_sobre_antiguedad_rank	0.00171495090907961	0.0028976080543071	0.0023521272915946
Master_fechaalta_rank	0.00171405018413693	0.00184657832368026	0.00124524386025597
mrentabilidad_sobre_ctrx_q	0.00170018897220556	0.00199314332121837	0.00352819093739191
tcallcenter_tend6	0.00170015213823429	0.00313314694787288	0.00172950536146662
mcomisiones_mantenimiento_max6	0.00169296034922277	0.00233265477748914	0.00249048772051193
mrentabilidad_annual_sobre_antiguedad_delta6	0.00166199154563262	0.00277634871482287	0.00366655136630924
mrentabilidad_annual_sobre_antiguedad_lag6	0.00157008802790981	0.001984888281791	0.00311310965063992
ccaja_ahorro	0.00155773653444142	0.00622024305596501	0.00214458664821861
rf_015_048	0.00152837292895825	0.000135161182741115	0.000276720857834659
mcomisiones_mantenimiento_ratioavg6	0.0015133747223696	0.0017859224141434	0.00214458664821861
cpagomiscuentas_ratioavg6	0.00149847161542956	0.00725724499232016	0.00366655136630924
mprestamos_personales	0.00148160386218928	0.00220494044849718	0.000899342787962643
ccallcenter_trx_ratioavg6	0.00142579563519028	0.00230800511430393	0.00152196471809063
mcuentas_saldo_rank	0.00141098665653372	0.00152425918092764	0.00186786579038395
cproductos_sobre_edad_lag6	0.00140018211791971	0.00357780126169435	0.00560359737115185
thomebanking_ratioavg6	0.00139233039369619	0.00526134124469443	0.0025596679349706
ratio_total_mcaja_ahorro_ctrx_q	0.00136208643461477	0.00233019348474188	0.00359737115185057
mcaja_ahorro_dolares_ratiomax6	0.00136026950809151	0.00350511178228658	0.00200622621930128
mcomisiones_max6	0.00134976745472424	0.000519810333935447	0.00103770321687997
cliente_edad_min6	0.00132550867379665	0.00251491639180088	0.0023521272915946
mcuenta_corriente_lag2	0.00132406897812745	0.00513770457980613	0.00338983050847458
ccomisiones_mantenimiento_avg6	0.00132405052285428	0.00570414827696572	0.00172950536146662
mcomisiones_sobre_antiguedad_lag6	0.0013024255614403	0.00473864978129577	0.00387409200968523
ccajas_consultas_ratioavg6	0.00128848410778203	0.00483777322993154	0.00228294707713594
mrentabilidad_annual_exp_lag6	0.00125338491423649	0.00193226699740564	0.00283638879280526
ratio_total_mcaja_ahorro_ctrx_q_delta1	0.0012531688856294	0.00210347116221105	0.00332065029401591
cproductos_sobre_edad	0.00123464166728853	0.0041771811492202	0.00401245243860256
ctarjeta_visa_trx_ratioavg6	0.00122676564629761	0.000942612146691725	0.00186786579038395
ccajas_consultas_tend6	0.00122503587950146	0.00917670696988933	0.00269802836388793
cliente_edad_lag6	0.00122373185517465	0.00246989415197421	0.00338983050847458
mcuenta_corriente_lag6	0.00121900194643667	0.00597390911084036	0.00338983050847458
mactivos_margen_ratioavg6	0.00120591909025955	0.00162241700511672	0.00283638879280526
chomebanking_trx_max6	0.0012042049988238	0.00512402839878407	0.00366655136630924
mcuenta_debitos_automaticos_rank	0.00120254666370663	0.00268815676467865	0.00283638879280526
mpasivos_margen_max6	0.00120220438739151	0.00113582625133081	0.00166032514700796
mv_Fvencimiento_lag2	0.00119692649445784	0.00327467390481958	0.00325147007955725
Visa_mpagospesos_ratiomax6	0.00118411992474561	0.00439891266279018	0.00325147007955725
ctransferencias_recibidas_ratiomax6	0.00117840218077988	0.00207333738192374	0.00325147007955725
total_mcaja_ahorro_lag1	0.00117595641892487	0.00207962443674509	0.00297474922172259
total_comisiones	0.00115927226945982	0.00265146303570463	0.0025596679349706
mcuentas_saldo_ratiomax6	0.00114240202464213	0.00332534294847579	0.00484261501210654
rf_041_040	0.00113107472283055	0.00106541963406602	0.000553441715669319
mactivos_margen_por_ctrx_q_delta6	0.00113018950999679	0.00334723218525362	0.0025596679349706
cliente_edad_rank	0.00112195771081218	0.00269918797439023	0.00283638879280526
ratio_totalcomisiones_antiguedad_lag6	0.00111610436372668	0.00100005630535157	0.00200622621930128
mprestamos_personales_avg6	0.00111328889276717	0.000394079733426357	0.000484261501210654
chomebanking_trx_delta1	0.001105867110318	0.00478546682308313	0.00345901072293324
mpasivos_margen_tend6	0.00110367265659659	0.00349416453991818	0.0023521272915946
rf_030_046	0.00110219100942165	0.00029151887167875	0.000553441715669319
Visa_mpagospesos_max6	0.00109828962881356	0.00344048316782504	0.0051193358699412
total_deuda_acumulada_lag1	0.00109683504768353	0.000474515200243405	0.000345901072293324
mcaja_ahorro	0.00107984799819138	0.00275460642089562	0.00207540643375995
Master_mpagospesos_tend6	0.0010788262174191	0.00577449191872312	0.00249048772051193
ratio_totalcomisiones_antiguedad_delta1	0.00106437266806494	0.00101733258621291	0.0013836042891733
ratio_total_mcaja_ahorro_antiguedad_lag6	0.00105949270230482	0.00237229785939271	0.00283638879280526
mcomisiones_sobre_edad	0.0010545248180127	0.00207996030611785	0.00172950536146662
ratio_total_mcaja_ahorro_ctrx_q_lag6	0.00104801098956697	0.00171446620508873	0.00338983050847458
ratio_totalcomisiones_ctrx_rank	0.00104383269449369	0.00324965688450792	0.00352819093739191
mpasivos_margen_por_edad	0.00103336352959718	0.00143946790818261	0.000968523002421307
tcallcenter_ratioavg6	0.00103162072348898	0.00219789768758713	0.00145278450363196
cliente_edad_lag2	0.00102256828561354	0.00239324246355966	0.00242130750605327
mrentabilidad_annual_sobre_ctrx_q_delta6	0.00101666533575663	0.00102083822279109	0.0025596679349706
mcuenta_corriente_ratiomax6	0.00101476396605822	0.00583094946110048	0.00352819093739191
Master_Fvencimiento_max6	0.00101277272990673	0.000835779446359329	0.00221376686267727
mcomisiones_mantenimiento_delta6	0.00101200005748077	0.00213379386902053	0.00145278450363196
mdescubierto_preacordado_tend6	0.00101118093447262	0.00426511070141695	0.0011760636457973
mtransferencias_emitidas_max6	0.00100798227594116	0.00232067893516667	0.00463507436873054
chomebanking_trx_ratioavg6	0.00100471126748838	0.00254502918025239	0.00297474922172259
mcomisiones_por_ctrx_q_delta6	0.00100101799658054	0.00136066455659882	0.00186786579038395
ratio_deuda_acumulada_antiguedad	0.000996667977760812	0.00824485313904382	0.00249048772051193
total_deuda_acumulada_delta2	0.000983096419559701	0.00551578328639585	0.00186786579038395
cpayroll_trx_lag1	0.000975002616615827	0.000114793854058596	0.00013836042891733
mrentabilidad_annual_ratioavg6	0.000967523385830673	0.00182479404608141	0.00249048772051193
mrentabilidad_sobre_ctrx_q_delta6	0.000966421966399346	0.00117964670855808	0.00262884814942926
total_deuda_acumulada_rank	0.000958196843372026	0.00153179524997894	0.00214458664821861
Visa_mpagominimo_min6	0.00095749011277715	0.00250225306685604	0.00359737115185057
cpayroll_trx_ratioavg6	0.000944980293299695	0.00161266104942984	0.0011760636457973
mrentabilidad_annual_ratiomax6	0.000941534188196029	0.000940675649839406	0.00221376686267727
mdescubierto_preacordado_delta6	0.000938344455057264	0.00338337487853796	0.000968523002421307
ccallcenter_trx_rank	0.000932041018097984	0.00262836152040949	0.00193704600484262
mv_mpagospesos_delta6	0.000930254321707255	0.00201151642550012	0.00159114493254929
mrentabilidad_annual_por_ctrx_q_delta6	0.000924442476380233	0.00192034888263161	0.00228294707713594
mpasivos_margen_sobre_ctrx_q_lag6	0.000923988412618036	0.00240914902713521	0.00283638879280526
ratio_total_mcaja_ahorro_antiguedad_delta6	0.000918258081066178	0.0019057857965471	0.00283638879280526
ctarjeta_visa_debitos_automaticos_tend6	0.000911132100886129	0.00146719287531215	0.00166032514700796
ratio_total_mcaja_ahorro_antiguedad_rank	0.000903948909630297	0.0016556943128147	0.00200622621930128
mcuenta_debitos_automaticos_ratiomax6	0.000888855390778589	0.00311390793036448	0.00200622621930128
chomebanking_trx_ratiomax6	0.000885790642748378	0.00129205798925366	0.00283638879280526
mrentabilidad_annual_por_edad_lag6	0.000876528529753185	0.00098194559901728	0.00166032514700796
mtransferencias_recibidas	0.00087178871528853	0.00233308511012299	0.00152196471809063
ctransferencias_recibidas_avg6	0.000869812900884834	0.00169140142550624	0.00242130750605327
cproductos_sobre_antiguedad_delta2	0.000867573940832424	0.00210654121819643	0.00283638879280526
rf_020_030	0.000864642426447183	0.000224691362417427	6.91802144586648e-05
mactivos_margen_por_edad	0.000863486912478272	0.000819090936900321	0.000899342787962643
tpaquete9_rank	0.000860205424768457	0.00137006365107715	0.00249048772051193
ctarjeta_visa_trx_rank	0.000858146227277626	0.00130273758571564	0.00221376686267727
cproductos_sobre_ctrx_q_lag6	0.000853504937389483	0.00141237794408595	0.0023521272915946
ccomisiones_otras_ratioavg6	0.000851000236200719	0.00466236545000768	0.00269802836388793
mautoservicio_ratioavg6	0.000849328995132255	0.00155667057539897	0.00200622621930128
Master_Fvencimiento_lag6	0.000848901600336984	0.00111135501874988	0.00207540643375995
mrentabilidad_annual_sobre_edad_lag6	0.000847775118426647	0.00141516461028806	0.00200622621930128
Master_fechaalta_lag6	0.000845591482906286	0.00203956676608453	0.00325147007955725
mrentabilidad_annual_sobre_ctrx_q	0.000842658817304044	0.00108032908544119	0.00207540643375995
exp_totalcomisiones_rank	0.000817490218611486	0.00183895828728577	0.00159114493254929
cliente_edad_avg6	0.000812611205211633	0.00170604323097499	0.00200622621930128
Visa_cconsumos_delta6	0.000802152476062336	0.0024908649959359	0.00131442407471463
ccallcenter_trx_tend6	0.000793181072913098	0.00268538059439443	0.00152196471809063
ratio_total_mcaja_ahorro_antiguedad	0.000791284866452866	0.00168560243086718	0.00228294707713594
mcaja_ahorro_delta6	0.000786286493661421	0.00136030244743131	0.00242130750605327
mvr_msaldopesos_delta6	0.000778625879292346	0.00403442616987934	0.00166032514700796
mactivos_margen_sobre_ctrx_q_delta6	0.000774257740977802	0.0010604970485715	0.00214458664821861
ratio_deuda_acumulada_antiguedad_rank	0.000774233606950524	0.0027115993973055	0.00221376686267727
ratio_comisiones_rank	0.000773125707945564	0.000896923416078479	0.00159114493254929
Master_mlimitecompra_min6	0.000771548024520344	0.00107335454799747	0.00172950536146662
cproductos_sobre_edad_rank	0.000770493757947519	0.00362209403522706	0.0039432722241439
Master_fechaalta	0.000767393176028483	0.00126184024162317	0.00221376686267727
mcaja_ahorro_ratiomax6	0.000760776366880839	0.000887424610380113	0.00207540643375995
mcuenta_debitos_automaticos	0.000760445571491948	0.00306653460492848	0.00186786579038395
mrentabilidad_annual_max6	0.000760133205625319	0.00478090634675613	0.00214458664821861
chomebanking_trx_tend6	0.000756151832479765	0.00170786427273042	0.00179868557592529
ctarjeta_debito_trx_avg6	0.000755166447826587	0.00137236225709697	0.00228294707713594
Visa_mpagospesos_tend6	0.000754738137140591	0.00169167431937161	0.0023521272915946
mcomisiones_min6	0.000753459473662791	0.00179382584032116	0.0013836042891733
mrentabilidad_sobre_ctrx_q_rank	0.000752577202468556	0.00107164371337997	0.00186786579038395
ratio_deuda_acumulada_cproductos_sobre_ctrx_q_delta6	0.00074717549448347	0.00224465700182604	0.0011760636457973
rf_035_056	0.000746610075701963	0.000888799575624849	0.000345901072293324
ratio_total_mcaja_ahorro_ctrx_q_rank	0.000746113375149562	0.00129722722881879	0.00221376686267727
thomebanking_avg6	0.000743284788102281	0.00235272822047049	0.00159114493254929
mcaja_ahorro_lag6	0.000742351234133049	0.0014554846788961	0.00172950536146662
total_mcaja_ahorro	0.000739491716873204	0.00106961800122551	0.00159114493254929
mpasivos_margen_ratioavg6	0.000737757899335582	0.000567099692028252	0.00110688343133864
mactivos_margen_por_antiguedad	0.000737644648797644	0.00232645693796993	0.00131442407471463
mrentabilidad_ratiomax6	0.000730896886230354	0.00234114597506923	0.00242130750605327
mcomisiones_ratiomax6	0.000730434565170272	0.000998907002341655	0.0023521272915946
mprestamos_personales_min6	0.000727370453797516	0.000108790189020513	0.00013836042891733
mcomisiones_por_edad_lag1	0.000726398141315055	0.00285195081144755	0.00200622621930128
mrentabilidad_annual_exp	0.000726318788731287	0.000802743544773022	0.00124524386025597
mv_Fvencimiento	0.000724291897517548	0.000900985336305294	0.00207540643375995
ccomisiones_otras_tend6	0.000720900138296846	0.00119605707619277	0.00200622621930128
ctrx_quarter_delta6	0.00071788279939269	0.000930038037049026	0.00207540643375995
ratio_total_mcaja_ahorro_antiguedad_delta1	0.000716423258448392	0.000949403005572215	0.0013836042891733
mcuenta_corriente_rank	0.000711212484678044	0.00168372890952225	0.00214458664821861
mpasivos_margen_sobre_antiguedad_delta1	0.000708727720366303	0.00192421138041835	0.0023521272915946
mv_msaldopesos_delta6	0.000701330817577363	0.00312678642162624	0.00200622621930128
mcuenta_corriente_min6	0.00069998925088598	0.000655155195239791	0.00166032514700796
mtransferencias_recibidas_rank	0.000696809031820363	0.00211036173231157	0.00159114493254929
mcuenta_corriente_ratioavg6	0.000693517730174788	0.000948526596427669	0.00249048772051193
ratio_totalcomisiones_antiguedad_delta6	0.00069320635595854	0.00105397908355638	0.00179868557592529
mrentabilidad_sobre_antiguedad_rank	0.000691630731010887	0.000780208809044412	0.000968523002421307
mrentabilidad_annual_tend6	0.000688951630081421	0.00164007638698137	0.00193704600484262
mtransferencias_recibidas_lag1	0.000688461962165234	0.0021185485482726	0.00186786579038395
cliente_antiguedad_ratioavg6	0.000687834690239881	0.00127845003169793	0.00200622621930128
ctarjeta_visa_trx_ratiomax6	0.000686315428691623	0.000568952221537381	0.0011760636457973
total_mcaja_ahorro_lag2	0.000685586898045266	0.000995243926994992	0.00166032514700796
Visa_mpagominimo_ratioavg6	0.000681199370677974	0.00488485266966637	0.0023521272915946
total_comisiones_rank	0.000680322922971183	0.000807335508853724	0.0013836042891733
mrentabilidad_delta2	0.000674070199078778	0.00147886433601556	0.00179868557592529
thomebanking_rank	0.000668277366566094	0.00120661596959891	0.00207540643375995
Visa_cconsumos_max6	0.000667896612583641	0.00168289973200825	0.00172950536146662
mrentabilidad_sobre_antiguedad_lag1	0.000665182277352533	0.00295403410893076	0.00200622621930128
mcuenta_corriente_lag1	0.000663875211125285	0.00113914296138681	0.00172950536146662
chomebanking_trx_delta2	0.00065873463726777	0.00137155931937772	0.00166032514700796
mcuentas_saldo_tend6	0.000658530034696808	0.00114544051212606	0.00193704600484262
Visa_fechaalta_lag6	0.000658150465369668	0.00265989650573627	0.00318228986509858
rf_014_039	0.000657689053115136	0.000909103928799975	0.000484261501210654
mrentabilidad_sobre_antiguedad	0.000656383794648082	0.000736125953869675	0.0013836042891733
ctarjeta_visa_trx_delta6	0.000656147022451845	0.00116864698660019	0.00110688343133864
mpasivos_margen_por_antiguedad_delta6	0.000646940326439179	0.00102971252137448	0.00152196471809063
mactivos_margen_min6	0.000646640751152978	0.00129454552179566	0.00200622621930128
mcomisiones_sobre_ctrx_q	0.000636904385106947	0.000648075698617086	0.00172950536146662
mcomisiones_avg6	0.000636629778371097	0.00121103475103428	0.00159114493254929
mtarjeta_visa_debitos_automaticos_delta6	0.000635734058645004	0.00237411890114814	0.00207540643375995
mtransferencias_emitidas_rank	0.000624692246055179	0.00264851368277508	0.00311310965063992
Master_msaldototal_avg6	0.000623791705205195	0.0012540207827886	0.00131442407471463
Visa_cconsumos_lag2	0.000619883113358783	0.00203296483372621	0.00172950536146662
ctarjeta_master_trx_rank	0.000618345902777863	0.000974713911585043	0.00172950536146662
rf_039_035	0.000618278295448375	0.00200468358294804	0.00124524386025597
cliente_antiguedad_lag6	0.000614357171986406	0.000766228246403281	0.00172950536146662
ccomisiones_mantenimiento	0.00060932211821504	8.92940215235905e-05	0.000207540643375994
Visa_msaldototal_max6	0.000606425235308096	0.000729219639892299	0.00166032514700796
mtransferencias_emitidas_avg6	0.000604200118863599	0.00176853067818518	0.00276720857834659
Visa_msaldopesos_ratioavg6	0.000602756433867066	0.00105524908962213	0.00152196471809063
mrentabilidad_sobre_antiguedad_delta6	0.00059809810545784	0.0010010271777572	0.00172950536146662
mtarjeta_visa_consumo_delta6	0.00059740247705471	0.000430689495057186	0.000899342787962643
cprestamos_personales_avg6	0.000594209259410744	0.00128165128665705	0.000622621930127983
mrentabilidad_annual_sobre_antiguedad_delta2	0.000593698094797071	0.00181003678551578	0.00166032514700796
cproductos_sobre_antiguedad_lag1	0.000589262039295006	0.00134873069794794	0.00186786579038395
mtarjeta_visa_debitos_automaticos_ratioavg6	0.000588639082045344	0.00125378987259483	0.00152196471809063
mactivos_margen_tend6	0.000587714923051284	0.000826742461048507	0.00186786579038395
Master_Fvencimiento_ratioavg6	0.000586652075100234	0.000786522103660509	0.00186786579038395
Visa_mconsumosdolares_max6	0.000584938270715175	0.000875396288468149	0.00166032514700796
ctarjeta_master_trx_ratioavg6	0.000584573808315031	0.00132513062655261	0.000760982359045313
Visa_fechaalta_lag1	0.000578198599887073	0.00136210249735095	0.00186786579038395
Master_mfinanciacion_limite_lag6	0.000571815121071306	0.000647251769062034	0.00131442407471463
mcaja_ahorro_dolares_lag6	0.000569085848150289	0.000884538232957958	0.00124524386025597
cproductos_sobre_ctrx_q_delta6	0.000567245778925213	0.000722612459575038	0.00172950536146662
mcomisiones_mantenimiento_avg6	0.000565425660728682	0.000507823995695078	0.000968523002421307
mcomisiones_tend6	0.000565295083267119	0.000672636146500154	0.00159114493254929
Visa_cconsumos_delta2	0.000563273508727613	0.00311165655597519	0.00124524386025597
mcomisiones	0.000559392220319534	0.000321573932581812	0.000484261501210654
mv_fechaalta_lag6	0.000556282152573735	0.00196920738045028	0.00228294707713594
mcomisiones_sobre_edad_rank	0.000555482597351106	0.00138247507399242	0.00124524386025597
mcomisiones_por_edad_lag6	0.000552694414132837	0.00106029762613143	0.00124524386025597
mcuentas_saldo_delta2	0.000551256867687607	0.00162376573056671	0.00152196471809063
mrentabilidad_tend6	0.00054971094547309	0.000739888740436376	0.00172950536146662
mtarjeta_visa_consumo_ratiomax6	0.000549649875508552	0.000778629173400651	0.00152196471809063
mautoservicio_ratiomax6	0.000549046916829212	0.00132023428085285	0.00145278450363196
mactivos_margen_sobre_antiguedad	0.000548001547141346	0.0013888618400338	0.000968523002421307
mrentabilidad_sobre_edad_lag6	0.00054344900941463	0.00116043393084442	0.00166032514700796
mactivos_margen	0.000541871933666498	0.00100482670003655	0.000760982359045313
chomebanking_trx_lag6	0.000541225522893451	0.000918917612035304	0.00172950536146662
mcomisiones_sobre_edad_delta6	0.000539300396621946	0.000854955488360339	0.00131442407471463
mpasivos_margen_por_ctrx_q_rank	0.000538123015113558	0.000406743058371195	0.000553441715669319
mv_fechaalta	0.000538114051084448	0.000919626086493469	0.00145278450363196
mcaja_ahorro_dolares_rank	0.000537130701895701	0.00173873801522959	0.00131442407471463
ccomisiones_otras_ratiomax6	0.000536539244069905	0.0006307836738789	0.00179868557592529
mrentabilidad_annual_sobre_antiguedad_rank	0.00053542867425473	0.00112159378666011	0.00145278450363196
mrentabilidad_annual_por_ctrx_q_lag6	0.00053537189506264	0.000935999718415515	0.00145278450363196
mcuenta_corriente_avg6	0.000534612586466111	0.000697312049480108	0.00145278450363196
mcuentas_saldo_delta1	0.000531927174254552	0.00308076706959918	0.00207540643375995
cproductos_sobre_edad_lag1	0.000526414401162909	0.000991339445536659	0.00186786579038395
mv_mconsumospesos_delta6	0.000525413986066318	0.000748689567594475	0.00145278450363196
mtarjeta_master_consumo_ratioavg6	0.000524990184158794	0.00126573947512255	0.000760982359045313
Visa_mconsumosdolares_lag6	0.000523724899381793	0.0007074301143345	0.00172950536146662
total_deuda_acumulada_delta6	0.000523501327472337	0.000708742104071844	0.000553441715669319
Master_Fvencimiento_lag2	0.00052139178198841	0.000617852703027644	0.00145278450363196
total_mcaja_ahorro_lag6	0.000517971806248954	0.000868458486737077	0.00179868557592529
mrentabilidad_sobre_ctrx_q_delta1	0.000510971318717883	0.00120425438807169	0.00179868557592529
mv_mfinanciacion_limite_lag6	0.000509332369083291	0.000470988571829426	0.00145278450363196
mv_fechaalta_lag1	0.000507081846974088	0.0006320379360678	0.00124524386025597
mrentabilidad_annual_por_edad_delta6	0.000502390996525104	0.00109766834180992	0.00145278450363196
ratio_deuda_acumulada_cproductos_sobre_ctrx_q_lag6	0.000495675649222664	0.00119634046597604	0.000553441715669319
ratio_total_mcaja_ahorro_antiguedad_delta2	0.000494986860471833	0.00115642973816605	0.00159114493254929
ctarjeta_debito_rank	0.000494617682086222	0.000815947409489646	0.00172950536146662
mcaja_ahorro_avg6	0.000494150994380981	0.000965477503834146	0.00131442407471463
Visa_mpagominimo_lag2	0.000491950403717247	0.00129352216980054	0.00166032514700796
mcomisiones_mantenimiento_tend6	0.000490612451735711	0.000784952963934646	0.000830162573503978
mvr_Visa_mlimitecompra	0.000490334362198622	0.000777075777551636	0.00124524386025597
Master_mlimitecompra	0.000488152392757291	0.000869854443817611	0.00172950536146662
Master_fechaalta_min6	0.000487778937198078	0.000893207861142323	0.00145278450363196
cproductos_avg6	0.000487303802959805	0.00110588664552463	0.00152196471809063
ratio_total_mcaja_ahorro_ctrx_q_lag1	0.00048537652119198	0.000838072804420205	0.00159114493254929
mrentabilidad_annual_sobre_antiguedad_lag1	0.00048517224213055	0.00131399445766204	0.00124524386025597
mcaja_ahorro_delta1	0.00048478954842427	0.00200795830933245	0.00166032514700796
mpasivos_margen_sobre_edad_rank	0.000481482279645191	0.000843877047018212	0.00103770321687997
Visa_mpagominimo_lag6	0.000477180003078009	0.000751927558266238	0.00131442407471463
Visa_mpagospesos_lag6	0.000475797213689392	0.00127720101746798	0.00172950536146662
Visa_cconsumos_avg6	0.000475573308309841	0.00144896671388098	0.0013836042891733
mrentabilidad_annual_sobre_antiguedad	0.000473945935955642	0.00117553230874177	0.00179868557592529
Visa_mfinanciacion_limite_lag6	0.000471756104014971	0.000466905659766813	0.000968523002421307
mactivos_margen_por_edad_lag1	0.000469854763625168	0.000537406740292697	0.0011760636457973
Master_mlimitecompra_rank	0.000469598372621056	0.000557574646535139	0.00124524386025597
mcaja_ahorro_dolares_delta2	0.000469435098441192	0.000760130118104109	0.0011760636457973
mcomisiones_otras_avg6	0.000467445134761561	0.0011577312319855	0.0011760636457973
Visa_cconsumos_ratioavg6	0.000464988715434444	0.00079899125412422	0.00124524386025597
mvr_mpagado_rank	0.00046369814507618	0.000656708591088805	0.00159114493254929
mrentabilidad_annual_lag6	0.000461760377308483	0.00158856242193431	0.00110688343133864
mpasivos_margen_sobre_edad_lag6	0.000460995080825123	0.00101530687405845	0.0013836042891733
ratio_comisiones	0.000460825644896127	0.000375654149555106	0.000968523002421307
cprestamos_personales_rank	0.000458658125444425	0.00197757262701558	0.00159114493254929
mcomisiones_por_edad_rank	0.00045690023797298	0.000651360920919394	0.000968523002421307
Visa_mpagominimo_max6	0.000456299779271108	0.000490510979121095	0.00131442407471463
mrentabilidad_sobre_ctrx_q_lag6	0.000456193260871169	0.000848301076412534	0.00193704600484262
chomebanking_trx	0.00045619088704353	0.00210140871434394	0.0013836042891733
mrentabilidad_ratioavg6	0.000455688302397085	0.000814798106479733	0.0013836042891733
mvr_Master_mlimitecompra_lag1	0.000455629921941822	0.00156090567827112	0.00152196471809063
mtransferencias_recibidas_delta6	0.000455616347181486	0.00125031047581139	0.00152196471809063
Master_Fvencimiento_avg6	0.000454341777638352	0.000810909368898247	0.00103770321687997
mcomisiones_por_antiguedad_delta6	0.000452459374377225	0.000582659890313145	0.00131442407471463
mv_fultimo_cierre	0.000452128131523857	0.00123297646740161	0.00124524386025597
mrentabilidad_annual_sobre_ctrx_q_lag2	0.000450295300423173	0.00144317821515982	0.0013836042891733
ratio_deuda_acumulada_antiguedad_delta6	0.000448930357323496	0.00052682685505076	0.000415081286751989
mactivos_margen_por_edad_delta1	0.000444972099519408	0.00388881630087002	0.00179868557592529
mrentabilidad_annual_sobre_antiguedad_lag2	0.000444059745498029	0.00117192696094355	0.0013836042891733
ratio_comisiones_lag6	0.000443975378728556	0.00087731704144362	0.0011760636457973
cpagomiscuentas_ratiomax6	0.000439260959069461	0.000721305717796644	0.000968523002421307
mcaja_ahorro_tend6	0.000438286427942497	0.000760334788503135	0.0013836042891733
mrentabilidad_min6	0.00043640530540814	0.000586044823835491	0.00131442407471463
mactivos_margen_sobre_antiguedad_lag6	0.000432265945155888	0.00141863875911255	0.00131442407471463
ccallcenter_trx_ratiomax6	0.000430657057722298	0.000451224758426085	0.000345901072293324
ctarjeta_visa_debitos_automaticos_ratioavg6	0.000430545542395695	0.000980407947045113	0.00159114493254929
ctrx_quarter_ratiomax6	0.00042833640131459	0.000643719892689106	0.00145278450363196
ctransferencias_recibidas_rank	0.000427855752041761	0.000618356507086783	0.0013836042891733
mrentabilidad_annual_por_edad	0.000427805090846381	0.00161813991857298	0.00124524386025597
chomebanking_trx_avg6	0.00042752904410216	0.000615197235799261	0.0011760636457973
mactivos_margen_ratiomax6	0.00042654503680841	0.000870457959096789	0.0013836042891733
mrentabilidad	0.000426274357943775	0.000619411346835608	0.00110688343133864
Master_Fvencimiento_min6	0.000424311354958417	0.000580865088352459	0.00124524386025597
ratio_totalcomisiones_ctrx_lag1	0.000422423131101395	0.000952892898273548	0.0013836042891733
mrentabilidad_annual_por_antiguedad_delta6	0.000420691291526115	0.00146234900920188	0.00110688343133864
Visa_msaldototal_ratiomax6	0.000419821456853129	0.000991512628181988	0.00131442407471463
Visa_msaldopesos_ratiomax6	0.000417350178253541	0.00119579992620425	0.00124524386025597
cproductos_sobre_antiguedad_lag2	0.000416917975936351	0.00101366426290729	0.00145278450363196
Visa_mfinanciacion_limite	0.000416203453478032	0.000455281430693951	0.00110688343133864
ctarjeta_debito_avg6	0.000414436605366313	0.000452972328756226	0.00110688343133864
Visa_mfinanciacion_limite_lag2	0.000412599382008959	0.000870631141742118	0.00124524386025597
mcaja_ahorro_max6	0.000412020090166288	0.00106216065155845	0.00110688343133864
Visa_mlimitecompra_lag6	0.000410370795652757	0.000609865309506697	0.0011760636457973
mvr_msaldopesos2_delta2	0.000410157563179819	0.000974719159543992	0.00103770321687997
mcaja_ahorro_dolares_max6	0.00040619136952017	0.000582035383198169	0.00110688343133864
mcaja_ahorro_dolares_delta6	0.000405205407969654	0.000648437807784593	0.00124524386025597
mtransferencias_emitidas_lag2	0.000404866917682529	0.00147722697282336	0.0013836042891733
mcomisiones_otras_min6	0.00040155068222955	0.00121217880608525	0.000760982359045313
cmobile_app_trx_delta6	0.000397719816856949	0.000893039926455943	0.00124524386025597
mcaja_ahorro_lag2	0.000396451368529389	0.000663840567301004	0.00103770321687997
mv_status01_rank	0.000393591072079996	0.000797212196040382	0.00131442407471463
ctrx_quarter_ratioavg6	0.000392838580238418	0.000347672032437046	0.00103770321687997
rf_039_047	0.000391728534876413	0.000422355736245581	0.000276720857834659
mrentabilidad_sobre_ctrx_q_lag2	0.00039155660556584	0.00172465774136842	0.0013836042891733
Master_Fvencimiento_rank	0.00039038776431325	0.000490274820968373	0.000899342787962643
Visa_mpagominimo	0.000385282899075045	0.00086240759006845	0.00103770321687997
mpasivos_margen_sobre_antiguedad_lag6	0.000384980346730191	0.00170193932707658	0.0013836042891733
cextraccion_autoservicio_tend6	0.000384208975413559	0.00410162103626712	0.00145278450363196
mrentabilidad_annual_delta6	0.000381849503230722	0.000547367366378608	0.00103770321687997
mpayroll_delta6	0.000381518924183388	0.00119922159543924	0.000760982359045313
mcomisiones_otras_ratioavg6	0.000380661986975122	0.000484082229408112	0.0011760636457973
ctransferencias_emitidas_delta6	0.000380493916183373	0.00146047023989801	0.00124524386025597
Master_mpagominimo_max6	0.000379364138219628	0.000585640730996389	0.000553441715669319
chomebanking_trx_delta6	0.000377988786795504	0.00132128387264272	0.0013836042891733
mv_msaldototal	0.000376925289471029	0.000154127306384151	0.000276720857834659
mrentabilidad_annual_sobre_ctrx_q_lag1	0.000374561154222731	0.000436887334576396	0.00110688343133864
Visa_fechaalta_tend6	0.000371657413610319	0.00175647611647847	0.000830162573503978
ccajas_extracciones_avg6	0.000371653481174752	0.00449055252196414	0.00145278450363196
mvr_mpagominimo_lag2	0.000370278948909213	0.00243706816874587	0.00110688343133864
cmobile_app_trx_rank	0.00036974832626146	0.000561599831049309	0.00124524386025597
mcomisiones_sobre_ctrx_q_delta6	0.000369713834945675	0.000645740356884615	0.00124524386025597
mvr_msaldopesos2_lag6	0.00036956331441802	0.00152500439109845	0.00200622621930128
mcuenta_corriente_delta2	0.000367285664068972	0.00161571536153837	0.00110688343133864
cproductos_sobre_antiguedad_delta1	0.000365516551202449	0.000845535402046214	0.00124524386025597
ccomisiones_otras_avg6	0.000364656528433396	0.000754278643875558	0.00131442407471463
mrentabilidad_sobre_ctrx_q_delta2	0.000364360327757824	0.00097105083623838	0.0011760636457973
mpasivos_margen_avg6	0.000362194028425067	0.000999694196184061	0.00110688343133864
mactivos_margen_sobre_ctrx_q	0.000361561435378366	0.000540618491169713	0.00110688343133864
Visa_mfinanciacion_limite_rank	0.000361404725991341	0.000351130437384684	0.000899342787962643
mrentabilidad_exp_delta6	0.000360443909597658	0.000747414313569777	0.00131442407471463
mcomisiones_por_antiguedad_lag1	0.000359831719634233	0.00036933560698006	0.00103770321687997
mrentabilidad_annual_por_antiguedad_lag6	0.000358416238952895	0.000416525253852827	0.00110688343133864
mv_fechaalta_rank	0.000358072712278443	0.00114335182446421	0.00103770321687997
mforex_sell_avg6	0.000356179912858905	0.00239835397557635	0.00131442407471463
mcomisiones_por_edad	0.000355585207908554	0.000537537939266431	0.000760982359045313
mcuenta_corriente_delta6	0.000353773782932446	0.000547188935774329	0.000760982359045313
ratio_total_mcaja_ahorro_antiguedad_lag1	0.000353665107683869	0.000605336320933388	0.00110688343133864
mrentabilidad_annual_sobre_ctrx_q_lag6	0.000352087686359178	0.00040049798722144	0.000968523002421307
Visa_mconsumospesos_lag2	0.00035020574312215	0.000612872389984688	0.00110688343133864
ratio_deuda_acumulada_cproductos_sobre_ctrx_q_rank	0.000349515220854123	0.000489608330181803	0.00131442407471463
mcaja_ahorro_dolares_lag2	0.000349163550998549	0.000438341019205373	0.000968523002421307
mrentabilidad_sobre_edad	0.000348278864263795	0.000415465166145054	0.000899342787962643
ratio_deuda_acumulada_cproductos_sobre_ctrx_q_delta2	0.000348028320411206	0.00231257608654884	0.000760982359045313
mv_msaldototal_rank	0.000347936027185997	0.00041859294967888	0.000622621930127983
numero_de_cliente	0.00034626695472405	0.000740612958771389	0.0013836042891733
mpasivos_margen_por_edad_rank	0.000345941487720128	0.000301584456943648	0.000830162573503978
Visa_mpagospesos_delta6	0.00034516858218063	0.00040544156455175	0.00103770321687997
cproductos_sobre_ctrx_q	0.000344919659399405	0.000603483791424259	0.00103770321687997
cproductos_sobre_edad_lag2	0.000344754748620239	0.000637191431756085	0.0013836042891733
mtarjeta_visa_debitos_automaticos_delta2	0.000343295914527803	0.00204101520275455	0.00103770321687997
mactivos_margen_por_edad_delta6	0.000343045532523729	0.000674698594367258	0.000830162573503978
mrentabilidad_annual_sobre_ctrx_q_delta2	0.000342587367525569	0.000983341556097813	0.00131442407471463
ratio_totalcomisiones_ctrx_lag2	0.000342091354529214	0.000443630961826341	0.00110688343133864
rf_007_023	0.000341755082073475	0.00106696778195608	0.000345901072293324
Master_status_max6	0.000340785378565153	0.000150165097377374	0.00013836042891733
mv_mpagominimo_lag1	0.000340705001831975	0.000378514287182515	0.000968523002421307
ratio_totalcomisiones_ctrx_delta6	0.000340082514832961	0.000310185861661671	0.00103770321687997
mrentabilidad_por_edad_lag1	0.000338957241923782	0.000518461608485458	0.000899342787962643
ratio_total_mcaja_ahorro_ctrx_q_delta6	0.000338777837341777	0.000484586033467252	0.0011760636457973
mcomisiones_por_antiguedad_rank	0.000337461732603344	0.000428621799231133	0.00110688343133864
chomebanking_trx_min6	0.000337159506946526	0.000329314672032138	0.000899342787962643
cproductos_sobre_ctrx_q_lag1	0.000335742846689536	0.000497034192095166	0.0011760636457973
ccaja_ahorro_max6	0.000333724010476748	0.00224719176599859	0.000691802144586648
mrentabilidad_annual_sobre_edad_delta6	0.000333378903509388	0.000644953163042208	0.000968523002421307
mcaja_ahorro_min6	0.000333140945974107	0.00140203946495568	0.00214458664821861
mcomisiones_sobre_ctrx_q_rank	0.000330945419812619	0.000284743756675109	0.000899342787962643
mrentabilidad_por_antiguedad_delta1	0.000329824864148924	0.000486002982383583	0.0011760636457973
Visa_mpagominimo_avg6	0.000327135014606006	0.000366674891792728	0.000830162573503978
mvr_mpagominimo_lag6	0.000325195281806423	0.000313995879858917	0.000760982359045313
ratio_totalcomisiones_antiguedad_delta2	0.000324927479420485	0.00037084701915748	0.000830162573503978
cextraccion_autoservicio_avg6	0.000319692730321334	0.00169705347729471	0.00131442407471463
Master_msaldopesos_ratiomax6	0.000316975039593713	0.00057122458776246	0.000691802144586648
Master_fechaalta_lag1	0.000315838365081011	0.000513281873002427	0.000968523002421307
mcomisiones_mantenimiento_ratiomax6	0.000313514054410543	0.000160403865287602	0.000484261501210654
Visa_mpagominimo_rank	0.000312887003468695	0.000557485431233	0.000899342787962643
mcuentas_saldo_max6	0.000311867830407159	0.00049558050746619	0.000968523002421307
mtarjeta_visa_debitos_automaticos_lag6	0.000309157740561454	0.000405651482909725	0.00103770321687997
mpayroll_sobre_edad_lag6	0.000308663266346383	0.000861972009475652	0.0013836042891733
mv_fultimo_cierre_lag6	0.000308452442351444	0.000613738303211335	0.000968523002421307
ctarjeta_visa_debitos_automaticos_avg6	0.000307153186444054	0.000618571673403708	0.000830162573503978
mactivos_margen_por_ctrx_q	0.000306799208159902	0.000844296883734162	0.000622621930127983
mrentabilidad_sobre_antiguedad_lag2	0.00030539500012648	0.00112825869452581	0.0011760636457973
Master_fechaalta_lag2	0.000302502151088591	0.000816036624791785	0.00124524386025597
mcuenta_corriente_tend6	0.00030126330941113	0.000715270565004864	0.000968523002421307
mcomisiones_por_antiguedad_lag6	0.000301088831094307	0.00030961383413619	0.000899342787962643
mrentabilidad_annual_delta1	0.000299659711249074	0.00033390138815389	0.000830162573503978
mpasivos_margen_por_antiguedad_delta1	0.000299101005874741	0.000377947507615982	0.000830162573503978
Visa_mpagominimo_delta2	0.00029901089936216	0.000358246669720034	0.000830162573503978
Visa_msaldototal_lag2	0.000296149535774578	0.00040937753376378	0.000830162573503978
ccallcenter_trx	0.000295696979054336	0.000601930395575244	0.000345901072293324
total_mcaja_ahorro_rank	0.000295114746761842	0.000587362061531783	0.000830162573503978
Master_mpagominimo_ratioavg6	0.000294755044518041	0.000766600851488687	0.000691802144586648
ratio_deuda_acumulada_cproductos_sobre_ctrx_q_lag2	0.000294324074517598	0.00216448393295646	0.000760982359045313
mpasivos_margen_por_antiguedad_lag1	0.000294209022514667	0.00037997846772939	0.0011760636457973
ctransferencias_emitidas_tend6	0.000293996602775406	0.000759804744649248	0.00110688343133864
mactivos_margen_delta1	0.000293944799137356	0.00133785692700484	0.000622621930127983
mcaja_ahorro_dolares_lag1	0.000293191086499177	0.000437317667210245	0.000830162573503978
ccomisiones_otras_lag6	0.000291391635020233	0.000342502792871914	0.000760982359045313
ccajas_trx_ratioavg6	0.000291013596700327	0.000961536286663166	0.000760982359045313
Visa_fechaalta_ratioavg6	0.000288317174753642	0.000477921125601548	0.0011760636457973
mv_fultimo_cierre_rank	0.000288190668723071	0.000513203153618186	0.00103770321687997
ctarjeta_debito_max6	0.00028568545890595	0.000386800814363575	0.000691802144586648
mtransferencias_emitidas_tend6	0.000284457511174807	0.00048694761499447	0.00103770321687997
mrentabilidad_annual_sobre_edad_lag1	0.000283930138986945	0.000554583309933996	0.00110688343133864
Visa_mpagado_max6	0.000283635472045112	0.00097423634732065	0.000968523002421307
mpayroll_tend6	0.000283439945697061	0.00209934101851789	0.00110688343133864
rf_028_040	0.000282094149756948	0.001296791648226	0.000760982359045313
mv_mpagominimo_delta6	0.00028148708881519	0.00045252100428658	0.000899342787962643
mtransferencias_emitidas_ratiomax6	0.000281207594932121	0.000481804615224084	0.0011760636457973
mv_mpagominimo_lag2	0.000280517152098039	0.000947361549540908	0.000760982359045313
mcuenta_corriente	0.000276905823159624	0.000613407681797524	0.000691802144586648
mrentabilidad_rank	0.000275967449703616	0.000316546387908312	0.000622621930127983
mactivos_margen_sobre_antiguedad_rank	0.00027560493986226	0.000617789727520251	0.000622621930127983
Master_fultimo_cierre_avg6	0.000275196557987209	0.000456803338789269	0.000899342787962643
mvr_msaldototal_rank	0.000272428683260825	0.000415633100831434	0.000899342787962643
mcomisiones_sobre_edad_lag6	0.000269809565326819	0.000642985178436193	0.000830162573503978
mcaja_ahorro_dolares	0.000269674419586412	0.000605409792358679	0.000760982359045313
ctrx_quarter_delta1	0.000267967192293863	0.000522171915462666	0.000968523002421307
mpasivos_margen_sobre_ctrx_q_rank	0.000267345952982499	0.000237176256757987	0.000691802144586648
cplazo_fijo_ratioavg6	0.000266297966064973	0.000563919428904932	0.000207540643375994
mv_fultimo_cierre_lag2	0.000264175335199246	0.000342508040830863	0.000830162573503978
mpagomiscuentas_avg6	0.000261271623556612	0.000287519926959327	0.000484261501210654
mtransferencias_recibidas_tend6	0.000259172869886681	0.000866579717433202	0.000899342787962643
Visa_mconsumosdolares_lag1	0.00025848901414053	0.00100845828762952	0.00103770321687997
ccuenta_debitos_automaticos_ratioavg6	0.000255062491101776	0.0018910547757762	0.00103770321687997
ctarjeta_visa_debitos_automaticos_max6	0.000254276494272169	0.00131803538605306	0.000691802144586648
mv_mpagospesos	0.00025304143028082	0.000460776043713945	0.000899342787962643
Visa_fultimo_cierre_ratioavg6	0.000252957992267493	0.000415354959007117	0.000691802144586648
mcaja_ahorro_lag1	0.000252533441529331	0.000645031882426449	0.000830162573503978
mrentabilidad_annual_avg6	0.000250638544458585	0.000272022704181827	0.000691802144586648
mpayroll_delta1	0.000250332250555731	0.00223596113384693	0.000899342787962643
mrentabilidad_annual_por_ctrx_q_rank	0.000249250196827906	0.000370993962008062	0.000760982359045313
Visa_mconsumosdolares_min6	0.000248143337516082	0.000500335158274322	0.000760982359045313
mcomisiones_sobre_antiguedad_lag2	0.00024322669051133	0.00147277145567534	0.000760982359045313
cmobile_app_trx_lag1	0.000242231303854982	0.000397543386332943	0.000691802144586648
mactivos_margen_sobre_edad	0.000241091422723587	0.00103019008563887	0.000553441715669319
Master_mfinanciacion_limite_lag1	0.000239443875682723	0.000399632073994794	0.000968523002421307
mrentabilidad_annual_sobre_ctrx_q_rank	0.000238220130132474	0.000259291155770647	0.000760982359045313
cextraccion_autoservicio_rank	0.000237551042782762	0.000396446562912524	0.000899342787962643
mtransferencias_emitidas_delta2	0.000237380519036492	0.000845771560198936	0.000899342787962643
mrentabilidad_annual_min6	0.000236819205206849	0.00051635192898781	0.000691802144586648
mrentabilidad_annual_sobre_edad_delta2	0.000235019379662002	0.000449907520729792	0.000968523002421307
thomebanking_max6	0.000233918497611582	0.00051417402602382	0.000484261501210654
mactivos_margen_sobre_antiguedad_delta6	0.000231729522516148	0.000347677280395996	0.000760982359045313
Visa_mfinanciacion_limite_max6	0.000230444603141366	0.000234289879335832	0.000484261501210654
Visa_msaldopesos_lag1	0.000230250674969564	0.000355449507600018	0.000830162573503978
mtarjeta_visa_debitos_automaticos_ratiomax6	0.000230073742234681	0.000530652617124853	0.000830162573503978
mpasivos_margen_por_antiguedad_delta2	0.00023006939725254	0.000604627846475222	0.0011760636457973
mvr_msaldopesos_delta2	0.00022990890324358	0.00109093521047787	0.000691802144586648
ccallcenter_trx_max6	0.000228379661776289	0.00212207517668658	0.000760982359045313
Visa_mpagospesos_ratioavg6	0.000227351145891953	0.000248527591965482	0.000760982359045313
Visa_status_avg6	0.000226651973349927	8.88689368486912e-05	6.91802144586648e-05
Visa_cconsumos_lag6	0.000226554402799511	0.000368621884562946	0.000968523002421307
mcomisiones_lag6	0.000225865012385785	0.000427094643176865	0.000622621930127983
cpayroll_trx_avg6	0.00022551515932493	0.000181894257185286	0.000207540643375994
mpayroll_delta2	0.00022439730365829	0.00282599440648395	0.000830162573503978
mrentabilidad_annual_exp_lag2	0.000223465487272187	0.000484879919168417	0.000691802144586648
mrentabilidad_exp_lag6	0.000221431174511739	0.000265105894286553	0.000622621930127983
rf_005_029	0.000220508893682585	0.000497936841034459	0.000484261501210654
mpasivos_margen_sobre_ctrx_q	0.000220394997391783	0.000207089708101229	0.000553441715669319
mrentabilidad_max6	0.000219983461199231	0.000240377511717105	0.000622621930127983
mpayroll_sobre_edad_delta2	0.00021800825261966	0.00173323290629169	0.000760982359045313
cproductos_sobre_ctrx_q_rank	0.000214781980764646	0.000546627404166746	0.000760982359045313
mcomisiones_otras_lag1	0.000211436396861948	0.000208506657017559	0.000553441715669319
mpasivos_margen_sobre_edad_lag2	0.000210721441593454	0.000361867761395102	0.000830162573503978
cextraccion_autoservicio_ratioavg6	0.00020987550489594	0.000335753917663019	0.000899342787962643
mrentabilidad_sobre_edad_rank	0.000209026944866457	0.000315113695115133	0.000622621930127983
mrentabilidad_annual_exp_delta1	0.000206548393343802	0.000447320276967751	0.000760982359045313
mvr_Master_mlimitecompra_lag2	0.000206512304709011	0.00154878814105701	0.000899342787962643
Master_fultimo_cierre_min6	0.000205404971800616	0.00124970171257327	0.000760982359045313
mactivos_margen_por_antiguedad_lag6	0.000203032044087773	0.000543636067565603	0.000830162573503978
mcomisiones_otras	0.000201543363443541	0.000220949567686524	0.000345901072293324
mv_mpagospesos_delta2	0.000201428645834125	0.0020322091276375	0.000830162573503978
matm_max6	0.000201380060975567	0.00118186134723471	0.000760982359045313
mrentabilidad_exp	0.000198744947964226	0.000220319812612599	0.000553441715669319
mplazo_fijo_dolares_ratioavg6	0.000198650278118695	0.000277758723313492	0.00013836042891733
mactivos_margen_sobre_edad_lag2	0.000197357900077028	0.000293523591997411	0.000691802144586648
mcomisiones_por_ctrx_q_lag1	0.000195431258736968	0.000708526937754919	0.000622621930127983
mcomisiones_sobre_antiguedad_lag1	0.000195325626897257	0.000312731121752118	0.000760982359045313
cplazo_fijo_ratiomax6	0.000194829281662972	0.000359521923744732	0.00013836042891733
mtarjeta_visa_debitos_automaticos_max6	0.000194394597130303	0.000243169425878172	0.000622621930127983
mvr_mpagospesos	0.000194390842542277	0.000271629107260624	0.000484261501210654
mv_mlimitecompra_lag6	0.000194025469605922	0.000224365988962566	0.000484261501210654
ctarjeta_visa_trx	0.000191889817980217	0.000653617543267624	0.00159114493254929
Visa_fechaalta	0.000191176794450159	0.000740581471017693	0.00159114493254929
Master_mlimitecompra_ratioavg6	0.00019082855175844	0.00180382845007867	0.000760982359045313
mactivos_margen_avg6	0.000188647161238546	0.000301768135506876	0.000760982359045313
ratio_total_mcaja_ahorro_ctrx_q_lag2	0.000186437775714641	0.000441767936399314	0.000899342787962643
mpasivos_margen_sobre_antiguedad_lag2	0.000185300950301854	0.000358797705409718	0.000622621930127983
mcomisiones_delta2	0.000183870777766262	0.000359416964565744	0.000622621930127983
Master_mpagospesos_lag1	0.000182759172239178	0.0007773801591707	0.000553441715669319
mcuenta_debitos_automaticos_ratioavg6	0.000182153889476356	0.000461725924283781	0.000622621930127983
Visa_Fvencimiento_tend6	0.000181044203662938	0.000376184193408993	0.000484261501210654
mcomisiones_otras_rank	0.000180821780146816	0.00016385702227629	0.000415081286751989
mtransferencias_recibidas_lag2	0.000178774027813034	0.000362481772592179	0.000830162573503978
ccuenta_debitos_automaticos_ratiomax6	0.000178656098835985	0.000405231646193775	0.000553441715669319
Visa_cconsumos	0.000178204074456586	0.000428574567600589	0.000760982359045313
ctarjeta_visa_debitos_automaticos_ratiomax6	0.000177926166150022	0.000313864680885182	0.000622621930127983
mtarjeta_visa_consumo_ratioavg6	0.000176515376430722	0.000433135043927594	0.000622621930127983
mpayroll_sobre_edad_delta6	0.000174966462999955	0.000670836096580519	0.000622621930127983
rf_046_056	0.000172920949721866	0.000120325202791236	0.000345901072293324
mrentabilidad_annual_sobre_antiguedad_delta1	0.000172193065761443	0.000303956534388765	0.000691802144586648
mcomisiones_mantenimiento_lag1	0.000171636900240376	0.00027191249704389	0.000622621930127983
Master_cconsumos_tend6	0.000170341581056843	0.000818791803240206	0.000691802144586648
mvr_mpagominimo_delta2	0.000169618620377792	0.00132008733800226	0.000691802144586648
Visa_msaldototal	0.00016947654586093	0.000525924206111468	0.000622621930127983
mforex_sell_max6	0.000169385076363519	0.000211812871155665	0.000345901072293324
mv_mlimitecompra_lag1	0.00016714114446402	0.0002157068566961	0.000553441715669319
rf_033_051	0.000163607524138013	5.62791117730817e-05	0.00013836042891733
mactivos_margen_por_ctrx_q_rank	0.000162365263126617	0.000184586460126315	0.000553441715669319
mpasivos_margen_sobre_antiguedad_lag1	0.000161745649733907	0.000206349745889367	0.000553441715669319
ccomisiones_otras_min6	0.000161096786683994	0.000166397034407786	0.000415081286751989
mactivos_margen_por_antiguedad_rank	0.000160994672452641	0.000828406064035459	0.000553441715669319
mv_fultimo_cierre_lag1	0.000158881730029324	0.00037889214022687	0.000553441715669319
Visa_fechaalta_rank	0.000158368117500137	0.000468212401545207	0.000968523002421307
mactivos_margen_sobre_antiguedad_delta1	0.000156949708315403	0.000341379729656748	0.000553441715669319
mvr_mpagospesos_delta2	0.000156572199371597	0.000305473194525134	0.000415081286751989
cproductos_lag2	0.000154480291717576	0.000224995744036491	0.000484261501210654
mrentabilidad_annual_exp_delta2	0.000153657171367161	0.000326932098669122	0.000553441715669319
mpayroll	0.000151827642051335	0.000498818498137953	0.000553441715669319
mactivos_margen_sobre_ctrx_q_delta2	0.000151380701303614	0.000169976142411259	0.000622621930127983
mcomisiones_mantenimiento_lag2	0.000148053251982502	0.000241574046357562	0.000484261501210654
mcuenta_debitos_automaticos_delta6	0.000147045004100128	0.000574583281490059	0.000345901072293324
Visa_mpagado_ratioavg6	0.000146588395571045	0.00215510058235498	0.000760982359045313
mcomisiones_por_edad_lag2	0.000145959141947713	0.000278650876334886	0.000484261501210654
mrentabilidad_annual_por_edad_lag2	0.000141635084453644	0.000907382598264581	0.000622621930127983
mrentabilidad_annual_por_ctrx_q_delta2	0.000140918150896625	0.000249508960289015	0.000622621930127983
mcomisiones_por_antiguedad	0.000140292826343042	0.000296142323513148	0.000899342787962643
mvr_mpagominimo_rank	0.000139868844537845	0.000424155786165216	0.000484261501210654
mcomisiones_por_ctrx_q_rank	0.000137893292557368	0.000451282485974528	0.000622621930127983
mcomisiones_otras_lag6	0.000136832027778182	0.000149126001505398	0.000415081286751989
mrentabilidad_annual_por_edad_delta2	0.000135941175430822	0.00063991512245081	0.000484261501210654
mtransferencias_emitidas_delta1	0.000133600755451055	0.00091166493276727	0.0011760636457973
mactivos_margen_rank	0.00013281729246052	0.000232815202871058	0.000415081286751989
mv_msaldototal_delta2	0.000132062766127355	0.000533476019039616	0.000484261501210654
mv_cconsumos_delta6	0.000129830182079468	0.0004368558468227	0.000345901072293324
ccomisiones_mantenimiento_delta1	0.000126802223125837	0.00154016049654424	0.000415081286751989
cproductos_sobre_edad_delta2	0.000126072598603768	0.000485257772212772	0.000484261501210654
mactivos_margen_por_edad_delta2	0.000125965552225393	0.000154358216577923	0.000553441715669319
rf_004_035	0.000125832758152294	0.000107383736022081	0.00013836042891733
mplazo_fijo_dolares_ratiomax6	0.000122426430013401	0.000234578517078047	0.00013836042891733
Visa_msaldopesos_delta1	0.000120695549829066	0.000194610061719618	0.000345901072293324
Visa_mconsumosdolares_ratioavg6	0.000120118706409094	0.000245588734953833	0.000484261501210654
mcuenta_corriente_delta1	0.000116707033706204	0.000235517901729985	0.000484261501210654
mv_mpagominimo_rank	0.000114646661754895	0.000169110229184612	0.000415081286751989
catm_trx_ratiomax6	0.000110473543068317	0.00033910211547272	0.000276720857834659
ctransferencias_recibidas	0.000109901409947859	0.000406601363479562	0.000345901072293324
Visa_mpagominimo_delta1	0.00010925945390286	0.00017650460334428	0.000345901072293324
mvr_mpagominimo	0.000108805637420819	0.000121485001719048	0.000345901072293324
ccallcenter_trx_avg6	0.000108577866990081	0.000313513067635574	0.000415081286751989
cforex_sell_avg6	0.000104955819593889	0.00032276521926332	0.000345901072293324
mplazo_fijo_dolares_delta6	0.00010287336015336	8.13433637152896e-05	6.91802144586648e-05
Master_fechaalta_tend6	0.000102375071843551	0.000384281794067876	0.000276720857834659
mv_mpagominimo_delta2	9.97314952523338e-05	0.000117375849861688	0.000276720857834659
Visa_msaldototal_delta6	9.7865177121495e-05	0.000154536647182202	0.000484261501210654
mpayroll_lag2	9.68058931782566e-05	0.00033138761581714	0.000415081286751989
mcomisiones_mantenimiento_lag6	9.49845901380912e-05	0.000137181646936624	0.000276720857834659
Visa_msaldopesos_rank	9.42989804144423e-05	0.000237265472060126	0.000415081286751989
ctotal_comisiones_rank	9.03300034043755e-05	0.000110695198119136	0.000345901072293324
rf_010_041	8.96781874700948e-05	0.00200128290554885	0.000553441715669319
Visa_mconsumospesos_avg6	8.84503981409527e-05	0.000126554530064143	0.000345901072293324
mv_mpagominimo_delta1	8.80622397120063e-05	0.00022777191432071	0.000207540643375994
mrentabilidad_annual_lag2	8.66971687180662e-05	0.000177307541063534	0.000345901072293324
mcomisiones_sobre_edad_lag2	8.56217929449081e-05	0.000189446070113435	0.000415081286751989
mv_cconsumos_lag6	8.54917941906564e-05	0.00013176575330087	0.000415081286751989
Visa_fultimo_cierre_min6	8.42750555611359e-05	0.000126087461717648	0.000207540643375994
mcomisiones_rank	8.10293711083879e-05	0.000298965725427911	0.000276720857834659
Visa_msaldopesos	8.04988315184485e-05	0.000228548612245217	0.000484261501210654
mvr_msaldopesos2_lag1	7.82414767408275e-05	0.000144003993570809	0.000415081286751989
mpayroll_max6	7.81991342764341e-05	0.000488815888380447	0.000207540643375994
Master_msaldopesos_lag2	7.79720376471508e-05	0.000187840194674926	0.000345901072293324
Master_mpagospesos	7.74075782989417e-05	0.00027091013688456	0.000207540643375994
Visa_msaldopesos_delta2	7.61331804938597e-05	0.000118855774285412	0.000276720857834659
mvr_msaldototal_lag1	7.56142020873446e-05	0.000416493766099131	0.000345901072293324
rf_038_045	7.14726595768588e-05	0.000115470840763066	0.000207540643375994
mactivos_margen_por_edad_rank	7.1177901019824e-05	0.000121143884387338	0.000276720857834659
mtarjeta_visa_consumo_tend6	7.10891620162861e-05	0.000148538230103068	0.000276720857834659
mv_mconsumospesos_delta2	7.07102022541497e-05	0.000210437905910929	0.000415081286751989
Master_cconsumos_min6	6.96378310392472e-05	0.000248789989912951	0.000207540643375994
rf_047_032	6.68741033958481e-05	0.000189005241561687	0.000207540643375994
mv_status04_delta6	6.58331647286726e-05	0.000508989042581839	0.00013836042891733
rf_013_029	6.58187523489304e-05	3.73654677195395e-05	0.00013836042891733
mactivos_margen_sobre_ctrx_q_rank	6.37935405775871e-05	9.26842030048858e-05	0.000207540643375994
catm_trx_ratioavg6	6.37089105389056e-05	0.000159516960225158	0.000276720857834659
Visa_fultimo_cierre_avg6	6.32062964144413e-05	8.83651327895514e-05	0.000207540643375994
ctarjeta_master_trx	6.26494419717292e-05	0.000146360327139078	0.000207540643375994
Visa_mpagosdolares_ratioavg6	6.24843050741081e-05	0.000367472581553033	0.000345901072293324
rf_014_038	6.01766892329274e-05	8.81971981031714e-05	0.00013836042891733
mv_cconsumos_delta2	5.53905176278225e-05	0.000687230720338362	0.000830162573503978
mtarjeta_visa_consumo_avg6	5.41413945974591e-05	0.000254090428451818	0.000622621930127983
mcomisiones_lag2	5.36975415500773e-05	0.00013235877266215	0.000276720857834659
Master_Fvencimiento_tend6	5.30785407080504e-05	0.000150584934093324	0.000276720857834659
Master_mpagominimo	5.27074390404923e-05	0.000180419580720512	0.00013836042891733
mprestamos_personales_delta6	5.24302668796994e-05	0.000140666291679008	0.00013836042891733
mcomisiones_lag1	5.16992126736837e-05	5.99579309965925e-05	0.000207540643375994
ctarjeta_visa_trx_delta2	4.83355932720469e-05	8.28180401800636e-05	0.000207540643375994
mvr_mpagominimo_delta1	4.2619064443432e-05	0.000124051253645291	0.000207540643375994
rf_048_041	4.00928334101279e-05	4.17737532370132e-05	6.91802144586648e-05
mpayroll_avg6	3.64665763205818e-05	0.00103403159158981	0.00186786579038395
mpayroll_sobre_edad_lag2	3.59310766640129e-05	0.000172799544326022	0.000345901072293324
mv_mconsumosdolares_delta2	3.29835672671368e-05	0.00016611364462452	0.000207540643375994
Master_mpagominimo_delta6	3.0486043250653e-05	8.00051341831994e-05	0.00013836042891733
cprestamos_personales_tend6	2.84283146825895e-05	0.000355549218820056	0.00013836042891733
cprestamos_personales_ratioavg6	2.67828692529851e-05	4.74363009433873e-05	6.91802144586648e-05
rf_028_041	2.45859265387037e-05	0.000324098200836461	0.000691802144586648
matm_other_avg6	2.4115855264469e-05	0.000140891953913831	6.91802144586648e-05
rf_047_025	2.22749072047601e-05	4.10547828609491e-05	0.00013836042891733
ctarjeta_debito_ratioavg6	2.06177833970154e-05	0.000453602083830151	0.00013836042891733
ratio_deuda_acumulada_cproductos_sobre_ctrx_q_lag1	2.03090475621328e-05	2.65231845301338e-05	6.91802144586648e-05
rf_033_045	2.01647421530041e-05	0.000109131306352222	6.91802144586648e-05
rf_037_031	1.8783585126117e-05	1.9811045033885e-05	6.91802144586648e-05
Visa_fultimo_cierre_lag6	1.87232073656189e-05	3.87194411284779e-05	0.00013836042891733
mv_Fvencimiento_delta2	1.86300541133673e-05	4.99500732801372e-05	6.91802144586648e-05
rf_032_035	1.7517414060271e-05	3.46837606964096e-05	6.91802144586648e-05
ccajas_trx_tend6	1.53122562600809e-05	6.55260154418778e-05	6.91802144586648e-05
ctarjeta_master_trx_delta6	1.52083499684392e-05	5.50458414199789e-05	6.91802144586648e-05
rf_027_033	1.10225660708179e-05	0.000256693416090707	6.91802144586648e-05
mcomisiones_mantenimiento_min6	1.00432730578069e-05	1.59013156166018e-05	6.91802144586648e-05
rf_013_034	9.76857993068863e-06	1.60377625492855e-05	6.91802144586648e-05
Master_mpagominimo_lag1	8.67034869964248e-06	0.000101563749547226	0.00013836042891733
mrentabilidad_annual_por_ctrx_q_lag2	2.24463534838626e-06	7.83730189499442e-05	0.00013836042891733
Visa_Fvencimiento_delta2	2.13300255441711e-06	2.45709438009668e-05	6.91802144586648e-05
rf_010_038	4.17750675774858e-07	3.20650291806722e-05	6.91802144586648e-05
rf_037_047	1.54752345593444e-07	0.000406485908382676	0.000760982359045313
mv_msaldodolares_lag1	9.22408313116967e-08	4.31067348101541e-05	6.91802144586648e-05
rf_006_039	6.8741339018132e-09	0.000106607038097574	0.000207540643375994
rf_022_038	5.75887413995599e-10	2.7593768155806e-05	6.91802144586648e-05
