Feature	Gain	Cover	Frequency
mpasivos_margen_max6	0.108411543035737	0.00297226054888455	0.00325162581290645
rf_013_025	0.045419481771358	0.000858915951311437	0.000100050025012506
mcaja_ahorro	0.0410949690982988	0.00293231693562498	0.00298482574620644
mprestamos_personales_ratiomax6	0.0326901412884196	0.0101674754820798	0.00103385025846256
rf_029_050	0.0236849148283417	0.00115431308065132	0.00016675004168751
mv_status04	0.0235248919417583	0.000118246374575738	0.000183425045856261
cpayroll_trx_rank	0.0183623066936316	0.00379539022182611	0.00348507587126897
rf_012_036	0.0183490268095053	0.00095304827451249	0.00031682507920627
mdescubierto_preacordado_delta2	0.0130128525780812	0.00438803302324268	0.000283475070868768
total_comisiones	0.0102407451317168	0.00383095769309653	0.0024178756044689
rf_039_033	0.00885780188282967	0.000404959125588884	0.000466900116725029
rf_015_031	0.00882378048643756	0.000921660773348945	0.000516925129231282
ccomisiones_mantenimiento_ratioavg6	0.00842588516892316	0.00257239434716235	0.00141737535434384
Visa_msaldopesos	0.00785550228739172	0.00149411296103627	0.00133400033350008
cpayroll_trx_ratioavg6	0.00679883665441844	0.00285729628080067	0.000733700183425046
ratio_totalcomisiones_antiguedad_lag2	0.00654728541497915	0.00419074447025605	0.00175087543771886
mpayroll_sobre_edad_lag6	0.00602818260028373	0.0016748249899709	0.000717025179256295
rf_013_034	0.00566769640208677	0.000409508804243119	0.000150075037518759
total_comisiones_lag2	0.00560943421588844	0.00207952003802596	0.00181757545439386
rf_040_043	0.00541235146479461	0.00166722710206905	0.00031682507920627
mv_mpagospesos	0.00517340239176021	0.000565940790210371	0.000833750208437552
mrentabilidad_sobre_antiguedad_delta6	0.00499322147194257	0.000912825493574303	0.00143405035851259
cpayroll_trx	0.00476470533673857	0.0021258015120974	0.00031682507920627
cliente_edad_lag2	0.00474849307461649	0.00388371283928295	0.00368517592129398
mcuentas_saldo_tend6	0.0046722023619841	0.0022289124714486	0.00271802567950642
mactivos_margen_por_edad_lag1	0.00461816774930518	0.00107451639500093	0.00201767550441888
ratio_totalcomisiones_antiguedad	0.0040973977615006	0.00536627429448235	0.00268467567116892
total_comisiones_rank	0.00397219713156563	0.00409837769399545	0.00240120060030015
exp_totalcomisiones_rank	0.0037241808117897	0.00416466115498625	0.00136735034183759
mcuenta_corriente_lag1	0.00363938099988164	0.00165209168684452	0.00201767550441888
mtarjeta_visa_debitos_automaticos_delta6	0.00337692127161009	0.00217042307024192	0.00138402534600634
cproductos_sobre_edad	0.00330153460337736	0.0035296452269989	0.00330165082541271
ratio_totalcomisiones_antiguedad_lag1	0.0032063383178782	0.00474908737256458	0.00213440053360013
mrentabilidad_annual_sobre_ctrx_q_lag6	0.00297329878492383	0.00223191541026184	0.00388527597131899
ratio_totalcomisiones_antiguedad_delta1	0.00296236518227704	0.00202173987362441	0.00155077538769385
mv_Fvencimiento	0.00288276696340501	0.00224158064799994	0.00310155077538769
cproductos_ratioavg6	0.00279012545412106	0.00745815316109145	0.00136735034183759
cproductos_sobre_edad_delta6	0.00275705834513256	0.00495994951078996	0.00306820076705019
total_mcaja_ahorro_rank	0.00270287044910528	0.00217462567556598	0.00203435050858763
mcaja_ahorro_dolares_lag6	0.00262223650599821	0.00106159923106055	0.0015341003835251
mcaja_ahorro_ratioavg6	0.00259815019138264	0.00319907297015314	0.00423545105886276
rf_026_036	0.00259507108816403	0.000948151522528081	0.000216775054193764
mcomisiones_mantenimiento_rank	0.00258510161973102	0.00538483517257425	0.00296815074203769
ratio_total_mcaja_ahorro_antiguedad	0.00256151411005963	0.00108282351970791	0.00181757545439386
ccomisiones_otras_ratiomax6	0.00249475637054878	0.000788263893403881	0.00111722527930632
Master_Fvencimiento_ratioavg6	0.00245548327994676	0.00240764014634332	0.00328497582124396
mrentabilidad_annual_sobre_ctrx_q_lag1	0.00244907190850045	0.00179809638276176	0.00283475070868768
mpayroll_ratioavg6	0.00243964561708177	0.00154594760839049	0.000566950141737535
exp_totalcomisiones_lag2	0.00239522946540503	0.00407616500086433	0.00173420043355011
numero_de_cliente	0.00239001452701045	0.00448940107087062	0.00365182591295648
mtarjeta_visa_consumo	0.0023723649710453	0.00162139078726892	0.00126730031682508
cliente_edad_avg6	0.00233344933837557	0.00259761752417911	0.00276805069201267
ratio_totalcomisiones_ctrx_lag6	0.00228868285120332	0.00230048502818835	0.00351842587960647
exp_totalcomisiones_lag1	0.00226275343021281	0.00157240063220765	0.00131732532933133
mcaja_ahorro_dolares_rank	0.0022461333119964	0.00267935329343504	0.00276805069201267
cproductos_sobre_edad_rank	0.0022201728241949	0.00344913175947097	0.00260130065032516
mdescubierto_preacordado_rank	0.00217255350303744	0.00361417267304101	0.00448557612139403
mcuenta_corriente_avg6	0.00216450408152908	0.00157546393160006	0.00291812572953143
Visa_fechaalta	0.00215370203860957	0.0011848857139962	0.00210105052526263
chomebanking_trx_ratioavg6	0.00215203727748316	0.00260154850689695	0.00203435050858763
mv_msaldototal	0.00210039636994133	0.000792806026985721	0.00101717525429381
mtransferencias_emitidas_rank	0.00207805965345948	0.00179695707683011	0.00346840086710022
mpayroll_sobre_edad_rank	0.00203312332003235	0.00198979403710363	0.00251792562948141
mcuenta_corriente_rank	0.00201172608312888	0.00365245637037366	0.00341837585459396
Master_Fvencimiento_avg6	0.00199046189302552	0.00126760234266349	0.00206770051692513
mtarjeta_visa_consumo_ratiomax6	0.00198767259809919	0.000745339976548255	0.00118392529598132
mplazo_fijo_dolares_rank	0.00196678049979978	0.00404022027597415	0.0032683008170752
mcuenta_debitos_automaticos_rank	0.00196645654757383	0.00180068434259328	0.00303485075871269
mv_Fvencimiento_lag2	0.00194816209706218	0.0022032894055949	0.00293480073370018
mcuenta_corriente_ratioavg6	0.00194540487778444	0.00203321592873733	0.00363515090878773
mcuenta_corriente_lag6	0.00193957579838754	0.00412719987054467	0.00221777555444389
Master_mfinanciacion_limite_lag6	0.00191973220738825	0.0012026769947038	0.00255127563781891
mv_fultimo_cierre_rank	0.0018664500770571	0.00159677876111616	0.00265132566283142
mcaja_ahorro_dolares_ratiomax6	0.0018497511658314	0.00396191751465798	0.00143405035851259
mvr_mpagominimo_lag6	0.00184296072826415	0.00113033484057975	0.00148407537101884
rf_014_039	0.00182615738030926	0.0014917739885938	5.00250125062531e-05
ratio_total_mcaja_ahorro_antiguedad_lag1	0.00182214917114708	0.00125254237816291	0.00191762547940637
Visa_msaldopesos_ratioavg6	0.00181726235656253	0.000966516228737713	0.00236785059196265
cmobile_app_trx_lag1	0.00179878197596602	0.000861556726649716	0.0016341504085376
mcomisiones_mantenimiento_ratioavg6	0.00177806338926103	0.00148537576720277	0.00111722527930632
ratio_total_mcaja_ahorro_ctrx_q_rank	0.00176347171540763	0.00150544565977369	0.00206770051692513
mcuenta_corriente_tend6	0.00172720951828317	0.00168658021276244	0.00161747540436885
mrentabilidad_annual_por_edad_lag6	0.00172710216848886	0.00198550843598323	0.00171752542938136
mcuenta_corriente_ratiomax6	0.00170225962508136	0.00397829032175531	0.00338502584625646
mactivos_margen_sobre_antiguedad_lag6	0.00169395425638205	0.000620144590296646	0.00121727530431883
mrentabilidad_annual_sobre_antiguedad_delta1	0.00169309379474755	0.00168002354485111	0.00183425045856262
mcaja_ahorro_dolares_ratioavg6	0.0016895805187037	0.00498560275693324	0.00213440053360013
ratio_totalcomisiones_antiguedad_rank	0.00168772378097918	0.00669038922938501	0.0023511755877939
mprestamos_personales_ratioavg6	0.00167938614938282	0.00738935719099309	0.000900450225112556
ccallcenter_trx_rank	0.00167044163077364	0.00155808008480178	0.00280140070035018
Master_fechaalta	0.00164730245079021	0.00155500924033699	0.00240120060030015
ratio_total_mcaja_ahorro_antiguedad_lag6	0.00163793386967623	0.00254323264235535	0.00213440053360013
mcomisiones_por_edad_lag1	0.00163648358935798	0.00178317222956429	0.00180090045022511
mcuenta_corriente_min6	0.00163232385670766	0.00192055290773396	0.00256795064198766
ccaja_ahorro_rank	0.00163178893168418	0.00201101078067861	0.00350175087543772
cproductos_sobre_ctrx_q	0.00163161480420051	0.00142146900401642	0.00236785059196265
rf_039_047	0.00163152407528218	0.00133596824363534	5.00250125062531e-05
ratio_totalcomisiones_ctrx_delta6	0.00162555867312657	0.00106409665002332	0.00173420043355011
total_comisiones_lag1	0.00160976069547191	0.00445038550151564	0.00263465065866267
chomebanking_trx_max6	0.00160083967925931	0.00304559110749236	0.00295147573786893
mrentabilidad_annual_sobre_antiguedad_lag6	0.00159964301506869	0.00230474799409157	0.00281807570451893
mcomisiones_sobre_antiguedad_lag1	0.0015937707313421	0.000410814101767469	0.00103385025846256
Visa_mpagominimo_rank	0.00158198046579118	0.000871833115251818	0.00218442554610639
chomebanking_trx_delta6	0.00157330935704577	0.000768669340393851	0.00158412539603135
ctransferencias_recibidas_ratiomax6	0.00156871853724417	0.00141386357104217	0.00296815074203769
mcomisiones_por_antiguedad_lag1	0.00155498652805011	0.000764821353472359	0.00171752542938136
mcuenta_debitos_automaticos	0.00154751553381909	0.00142976858365101	0.000700350175087544
mtransferencias_emitidas_avg6	0.00154578424662265	0.00117033881441848	0.00103385025846256
Visa_status_avg6	0.00153963344599991	0.00178603935707442	0.000466900116725029
total_mcaja_ahorro	0.00153177107686525	0.00200876234910487	0.0023511755877939
cproductos_sobre_antiguedad_delta2	0.00152708523797429	0.00116636256126627	0.0016675004168751
ratio_total_mcaja_ahorro_ctrx_q	0.00152489384685192	0.00179735696566705	0.00233450058362515
mrentabilidad_exp_lag6	0.0015229050771668	0.00211978054432612	0.00251792562948141
mtarjeta_visa_consumo_rank	0.00151090605291066	0.00124157938797285	0.00230115057528764
mrentabilidad_tend6	0.00148945786149459	0.00122560646971246	0.00180090045022511
mactivos_margen_por_edad	0.00148781108245936	0.0018267299325011	0.00115057528764382
mactivos_margen_sobre_antiguedad_rank	0.00148212197701936	0.00112555126468127	0.00210105052526263
mcaja_ahorro_lag2	0.00147973394942763	0.00111036303394997	0.00225112556278139
tpaquete9_rank	0.00147952922336787	0.00208548819029047	0.00248457562114391
ctransferencias_recibidas_avg6	0.00147270993102162	0.00188409511792092	0.00196765049191262
mprestamos_personales	0.00146506780751333	0.00108747882937568	0.000350175087543772
ctarjeta_visa_debitos_automaticos_tend6	0.00145980226806114	0.00160614219595846	0.00105052526263132
mrentabilidad_sobre_antiguedad_lag2	0.00145021141360929	0.0013088587985198	0.00271802567950642
cproductos_sobre_edad_lag6	0.00144789611226857	0.00131703011192368	0.00220110055027514
mprestamos_personales_max6	0.00144149756767489	0.000529135927067157	0.000466900116725029
mcomisiones_sobre_antiguedad_rank	0.00144019556912854	0.000648830955542751	0.00150075037518759
mcomisiones_por_edad_lag6	0.00143811260768704	0.00132242483868616	0.00188427547106887
mprestamos_personales_min6	0.00142273892036775	0.00173308803900573	0.000433550108387527
mcomisiones_mantenimiento_delta6	0.00142018529003556	0.00294050333917365	0.00126730031682508
mrentabilidad_ratiomax6	0.00141594555069037	0.00260809762973588	0.00193430048357512
total_deuda_acumulada_rank	0.00141589631973216	0.00285013600709774	0.00230115057528764
mtransferencias_emitidas_ratiomax6	0.00141013221030014	0.00081548651460534	0.00161747540436885
mrentabilidad_annual_delta6	0.00140399435381335	0.000855128324969105	0.00128397532099383
mcomisiones_lag2	0.00139800793816159	0.000619201456247261	0.00176755044188761
mcuentas_saldo_min6	0.00139428173544011	0.0035902547935486	0.00256795064198766
mrentabilidad_sobre_ctrx_q_delta6	0.00139051483686456	0.00109095710774981	0.00176755044188761
mrentabilidad_annual_sobre_antiguedad_delta6	0.00138721284521998	0.00147236806239364	0.00188427547106887
mcomisiones_sobre_antiguedad_lag6	0.0013738489571247	0.00137416140009925	0.00228447557111889
mcaja_ahorro_dolares_delta1	0.00137080800775613	0.00502046853647092	0.00128397532099383
Visa_mfinanciacion_limite_max6	0.00135628533344763	0.000970635838265428	0.00190095047523762
mpasivos_margen_por_antiguedad_lag1	0.00135024089352542	0.00111105718061031	0.00268467567116892
Visa_mpagospesos_lag6	0.00134821793993044	0.00232154332524303	0.0023511755877939
mrentabilidad_annual_sobre_ctrx_q_lag2	0.00134754238976267	0.00329469921768841	0.00308487577121894
ratio_total_mcaja_ahorro_antiguedad_rank	0.00134627835889365	0.00204750629585362	0.00258462564615641
mcomisiones_por_ctrx_q_rank	0.00134338653312125	0.00229971543080405	0.00240120060030015
mcaja_ahorro_delta6	0.00131740526940465	0.00114870709186178	0.00205102551275638
cproductos_sobre_ctrx_q_lag6	0.0013118519346042	0.00142981385408538	0.0032683008170752
mcuenta_corriente_delta6	0.00130916743893308	0.0025364043518378	0.00258462564615641
total_mcaja_ahorro_lag6	0.00130427692858669	0.00177162072372742	0.00200100050025012
ccallcenter_trx_ratioavg6	0.00130332111125204	0.00237183877782865	0.000683675170918793
Visa_mfinanciacion_limite_lag2	0.00130179130162416	0.00136777826885301	0.00275137568784392
mcomisiones_por_edad_lag2	0.00130031438756923	0.000614727228316977	0.0023178255794564
cproductos_sobre_ctrx_q_rank	0.0012951138872511	0.000831836686485485	0.00141737535434384
mrentabilidad_annual_sobre_ctrx_q_delta6	0.00129368863342243	0.000552518106419519	0.0015341003835251
mcomisiones_sobre_edad_lag2	0.00128736567979742	0.00149795340288537	0.00255127563781891
ctarjeta_debito_rank	0.00128734769284064	0.0023623998922624	0.00428547607136902
mpasivos_margen_tend6	0.00128405513050744	0.000881762430523747	0.00176755044188761
mrentabilidad_min6	0.00128388781001384	0.00141373530481146	0.00195097548774387
ctarjeta_master_trx_rank	0.00128189148262501	0.00139670607641575	0.00345172586293147
Master_mlimitecompra	0.0012794083332681	0.000928406068070149	0.00201767550441888
mpasivos_margen_sobre_antiguedad_lag6	0.00127381460552047	0.00219366943829117	0.00276805069201267
mcuentas_saldo	0.00126991922964801	0.0036480953185293	0.00221777555444389
Visa_mpagominimo_ratioavg6	0.0012651036453846	0.00247934096931379	0.00251792562948141
Master_fechaalta_lag1	0.00126397513039559	0.0018451474542175	0.00213440053360013
Master_fechaalta_lag2	0.00125726248575202	0.00143635543185191	0.00203435050858763
cproductos_sobre_antiguedad_lag2	0.00125423711506209	0.00139543095918099	0.0015674503918626
mactivos_margen_ratioavg6	0.00125348669002883	0.00228320681240361	0.00281807570451893
mcomisiones_tend6	0.00125329522558201	0.000925206957374634	0.00208437552109388
cextraccion_autoservicio_rank	0.00125184891943943	0.00134081218011298	0.00251792562948141
cliente_edad_lag6	0.00124420625837415	0.00191828184094304	0.00216775054193764
chomebanking_trx_delta1	0.00123938058440417	0.0016031618923624	0.00161747540436885
ratio_total_mcaja_ahorro_antiguedad_delta2	0.00123870977556664	0.00160094364107825	0.00223445055861264
cliente_antiguedad_lag6	0.00123302850422625	0.000754092260526551	0.00143405035851259
mrentabilidad_annual_sobre_antiguedad_lag1	0.00122920144497696	0.00140151983260382	0.00203435050858763
mcuenta_corriente_delta1	0.00122066344686689	0.00280177209304526	0.0023178255794564
mv_fultimo_cierre_lag1	0.00121920022961251	0.000995964646295721	0.00141737535434384
mcaja_ahorro_lag6	0.00121650019302712	0.00131212581486688	0.00275137568784392
mcaja_ahorro_ratiomax6	0.00121609859321204	0.00156896007919549	0.00365182591295648
mrentabilidad_annual_sobre_ctrx_q	0.0012054623318612	0.000822707148887434	0.00176755044188761
Master_mlimitecompra_rank	0.00119924663532238	0.00139504616048884	0.00206770051692513
ctrx_quarter_delta6	0.00119260712167923	0.000995806199775424	0.0015341003835251
rf_008_046	0.00119250411087296	0.000139531023802266	0.000300150075037519
total_deuda_acumulada_delta2	0.0011826099455876	0.00564507980962545	0.000917125229281307
mactivos_margen_min6	0.00117756343122345	0.00118789619788184	0.00145072536268134
mpasivos_margen_sobre_edad_lag2	0.00117474347453195	0.000702740497805618	0.00180090045022511
ratio_total_mcaja_ahorro_ctrx_q_lag6	0.00117161757552965	0.0019942909002511	0.00431882607970652
Master_mlimitecompra_min6	0.00116404152684047	0.00143544247809211	0.00191762547940637
ccomisiones_mantenimiento_rank	0.00115994859913648	0.00243648495810972	0.00251792562948141
Visa_cconsumos_ratioavg6	0.00115760904775929	0.000941979653308903	0.00173420043355011
Visa_cconsumos_delta2	0.00115524086255788	0.0019301577848929	0.00116725029181257
mrentabilidad_sobre_ctrx_q_rank	0.00115379014023452	0.00168108740005882	0.00263465065866267
ratio_total_mcaja_ahorro_ctrx_q_delta1	0.00115333272309955	0.00141093608295288	0.00150075037518759
mcaja_ahorro_delta2	0.0011435457759674	0.00124808324037741	0.00136735034183759
mrentabilidad_annual_sobre_edad_delta6	0.00113336401913416	0.00170756305909317	0.00190095047523762
mpasivos_margen_por_edad	0.00112825546711765	0.00170145909552554	0.00195097548774387
ratio_total_mcaja_ahorro_antiguedad_delta6	0.00112484936928954	0.00175705118893251	0.00275137568784392
Visa_mpagospesos_tend6	0.00112165243549137	0.00183611600256059	0.00236785059196265
cliente_antiguedad_ratioavg6	0.00112139921637285	0.00110129385693108	0.00175087543771886
Master_Fvencimiento_lag6	0.00112014355435304	0.0018411636559929	0.00221777555444389
mvr_Visa_mlimitecompra	0.00110646198019011	0.00103238471074679	0.00190095047523762
mcomisiones_mantenimiento_min6	0.00110380617411208	0.00213112833320832	0.000783725195931299
ratio_total_mcaja_ahorro_ctrx_q_lag1	0.00110217468578316	0.00151481663968838	0.00251792562948141
Visa_fechaalta_lag6	0.00110015240315539	0.00129803161963286	0.00216775054193764
mcomisiones_por_antiguedad_rank	0.00109961124082119	0.000720041348807543	0.00155077538769385
ctarjeta_visa_debitos_automaticos_ratioavg6	0.00108906536635958	0.00135041705727192	0.00121727530431883
ctarjeta_debito_trx_avg6	0.00108523438044132	0.00321214858061381	0.00165082541270635
exp_totalcomisiones_lag6	0.00108504903287713	0.00422467466081674	0.00211772552943138
mcomisiones_min6	0.00108477052107093	0.00105986386440968	0.00143405035851259
mcomisiones_avg6	0.00108231013320049	0.00265197222571329	0.00161747540436885
ratio_totalcomisiones_ctrx_rank	0.0010821259187109	0.000970152953632142	0.0016008004002001
mrentabilidad_annual_exp_lag6	0.00108140357262006	0.00391152397613122	0.00288477572119393
mactivos_margen	0.001080924942292	0.00241308768861257	0.00136735034183759
ccomisiones_otras_ratioavg6	0.00107787670744443	0.00192346530567846	0.00195097548774387
mcomisiones_por_edad	0.00107518607568588	0.000717838187668178	0.00108387527096882
cpayroll_trx_ratiomax6	0.00107270782605521	0.00130081575134665	0.000400200100050025
mcuentas_saldo_ratioavg6	0.00106943084090521	0.00448046016008244	0.00293480073370018
mcaja_ahorro_tend6	0.00106144400142662	0.00111808918808253	0.00240120060030015
mcuentas_saldo_delta6	0.00105627466409927	0.00138353238001394	0.00196765049191262
mrentabilidad_annual_por_antiguedad_lag6	0.00105583424702876	0.00076129025959146	0.00141737535434384
mcomisiones_max6	0.0010552433820668	0.00144046749630723	0.0016675004168751
ratio_totalcomisiones_ctrx_lag1	0.00105408567067065	0.00194980515340969	0.00296815074203769
cliente_edad_rank	0.00105019818212988	0.001875063666264	0.00183425045856262
Visa_mconsumosdolares_ratioavg6	0.00104795468548288	0.000516731828049641	0.00103385025846256
mcuentas_saldo_ratiomax6	0.00104284484014591	0.00147587652105736	0.00206770051692513
mv_mfinanciacion_limite_lag6	0.00103085478880078	0.00108891239313075	0.00191762547940637
thomebanking_ratioavg6	0.00102923678943396	0.00713682361792967	0.00123395030848758
Visa_fechaalta_ratioavg6	0.00102033287198752	0.00204450335704038	0.0023845255961314
mrentabilidad_annual_max6	0.00101722050964308	0.000802991874719083	0.000850425212606303
mv_mlimitecompra_lag1	0.00101611633363416	0.000965286381937314	0.00186760046690012
mtransferencias_recibidas_rank	0.001014073636196	0.00170615213055528	0.00236785059196265
mactivos_margen_tend6	0.00100851293700777	0.0020994088488594	0.00250125062531266
mactivos_margen_por_edad_delta6	0.00100836524186986	0.00106444372335349	0.00151742537935635
mv_fechaalta_lag1	0.00100567502490102	0.00116670963459644	0.00140070035017509
Master_fechaalta_lag6	0.00100364256232029	0.00142070695170451	0.00216775054193764
mcaja_ahorro_avg6	0.00100349001398377	0.00132864197833971	0.00236785059196265
ccomisiones_otras_tend6	0.00100119613688842	0.000607883847654637	0.00140070035017509
cpagomiscuentas_ratioavg6	0.00100043551398377	0.00152310867425058	0.000983825245956312
mrentabilidad_sobre_ctrx_q_lag2	0.000995112068456897	0.00131756581206373	0.00213440053360013
mcomisiones_mantenimiento_max6	0.000991168971222266	0.00101121323760618	0.00100050025012506
cproductos_sobre_antiguedad_delta6	0.000989181537946901	0.0022740244592988	0.00220110055027514
mrentabilidad_annual_min6	0.000987962457281101	0.00132718577936746	0.00181757545439386
ctrx_quarter_ratiomax6	0.000982189966370639	0.00137358042952482	0.0024178756044689
ratio_totalcomisiones_antiguedad_lag6	0.000978925172396288	0.00241434017063015	0.0024512256128064
mrentabilidad_annual_exp_delta6	0.000977572893874728	0.00304894866470817	0.00158412539603135
mactivos_margen_sobre_ctrx_q	0.000976625261224666	0.00113781955239567	0.00141737535434384
mtransferencias_recibidas_delta6	0.000971586334316749	0.000942349361856262	0.00126730031682508
Visa_msaldopesos_ratiomax6	0.000966410557138521	0.00160565176625278	0.00181757545439386
Visa_mconsumospesos_lag2	0.000966317425730723	0.000669300736950611	0.0016008004002001
cproductos_sobre_antiguedad_delta1	0.000966164913873469	0.00280906063297891	0.00260130065032516
mrentabilidad_rank	0.0009642777216846	0.0019738890244948	0.00158412539603135
mrentabilidad_por_edad_lag1	0.000957136299768663	0.00125782392883946	0.0023845255961314
Visa_mpagominimo_max6	0.000948692195540913	0.000503792028892074	0.00146740036685009
mactivos_margen_por_edad_rank	0.000948588693868004	0.00131044326372277	0.00225112556278139
Visa_mconsumosdolares_max6	0.000948222238169764	0.000402831415173471	0.000833750208437552
mpasivos_margen_sobre_antiguedad_lag2	0.000946465997036455	0.0011038667266178	0.00213440053360013
cproductos_sobre_edad_lag2	0.000945587056648351	0.00125036939731312	0.00206770051692513
ratio_totalcomisiones_ctrx	0.000942429016463217	0.0033695991513544	0.00250125062531266
Visa_mpagospesos_delta6	0.000940782463181574	0.000673639153577783	0.00141737535434384
Visa_fechaalta_lag1	0.000936374938042504	0.0014462017513275	0.00203435050858763
mactivos_margen_sobre_antiguedad	0.000934572379290626	0.00111347160377674	0.000783725195931299
mrentabilidad_annual_sobre_ctrx_q_rank	0.000931002633366684	0.00102160280229421	0.00228447557111889
mv_mpagominimo_rank	0.000930893167918836	0.0015315063398263	0.00183425045856262
mrentabilidad_annual_exp	0.000929285914212431	0.00125820118245922	0.00148407537101884
mrentabilidad_annual_sobre_ctrx_q_delta1	0.000927243459999561	0.00183571611372365	0.0016675004168751
ratio_deuda_acumulada_antiguedad_rank	0.000926892563264472	0.00258907650222788	0.00330165082541271
Master_Fvencimiento_min6	0.000925624549557696	0.0018104703014897	0.00203435050858763
cproductos_ratiomax6	0.000925286120067525	0.00460285632447548	0.000683675170918793
cmobile_app_trx_rank	0.000919412202985783	0.00144842000261165	0.00276805069201267
mvr_msaldopesos_delta2	0.000919028911194433	0.0006369399214481	0.000900450225112556
mv_fechaalta	0.000913628079074155	0.00128040633051795	0.00198432549608137
mcomisiones_otras_avg6	0.000907402924477559	0.00126762497788068	0.00133400033350008
mcuentas_saldo_max6	0.000905665420040392	0.00130162307409292	0.00281807570451893
cprestamos_personales_avg6	0.00090279787094274	0.00215277514590982	0.000516925129231282
mtarjeta_visa_consumo_avg6	0.000902282850454763	0.000665467840173909	0.00121727530431883
mtarjeta_visa_debitos_automaticos_ratiomax6	0.000902056247586386	0.00207841845745628	0.0016008004002001
mcomisiones_mantenimiento_avg6	0.000901201704542073	0.00112119775790931	0.000900450225112556
thomebanking_avg6	0.000897269059413094	0.00113617472661354	0.00101717525429381
mcaja_ahorro_max6	0.000895596420786055	0.000849341254442076	0.00193430048357512
Visa_mpagado_max6	0.000895214156529064	0.000518550190496856	0.000667000166750042
mactivos_margen_por_edad_delta1	0.000893705157741746	0.000351177849556734	0.00080040020010005
total_mcaja_ahorro_lag2	0.00088328845474533	0.00131404980832762	0.00203435050858763
mpasivos_margen_sobre_ctrx_q_lag6	0.000877548398514495	0.00126087968315947	0.0032683008170752
mv_cconsumos_delta6	0.000870084430181454	0.000432445824324171	0.000733700183425046
Visa_cconsumos_avg6	0.000868004457835283	0.000884591832671903	0.0016008004002001
mrentabilidad_sobre_antiguedad_lag1	0.000865153627259715	0.00119786323851574	0.00208437552109388
cproductos_rank	0.000860506280951925	0.00337110062076102	0.0031682507920627
mcomisiones_por_antiguedad_lag6	0.000859543139947952	0.00080640224744166	0.00185092546273137
mactivos_margen_avg6	0.000853183158489154	0.00218715049574181	0.00175087543771886
mcomisiones_otras_lag1	0.000846982587626019	0.0012863141222033	0.00186760046690012
mcomisiones_lag6	0.00084693561501261	0.000730453548712757	0.00120060030015008
mcuentas_saldo_rank	0.000846141230835739	0.000884531472092743	0.00213440053360013
mtransferencias_emitidas_delta2	0.000845138866989959	0.000500042127911718	0.00103385025846256
mv_status01_rank	0.000842476038931879	0.000978316721963622	0.00240120060030015
Visa_mpagominimo	0.000840450352727119	0.000549854695864055	0.0015341003835251
mrentabilidad_sobre_antiguedad_rank	0.000839859722139781	0.00181520106188142	0.00218442554610639
ratio_deuda_acumulada_antiguedad	0.00082868972842389	0.00316545212756065	0.000500250125062531
ccomisiones_otras_avg6	0.000826744678251848	0.00165034123004886	0.00251792562948141
cextraccion_autoservicio_avg6	0.000825322712679443	0.000480379669250132	0.00113390028347507
mcomisiones_sobre_ctrx_q_rank	0.000823988714755117	0.00120992026420308	0.00215107553776888
mpasivos_margen_por_edad_rank	0.000823136566873019	0.00115414708905863	0.00186760046690012
mrentabilidad_annual_lag2	0.000822929174960887	0.000798155483313835	0.0016341504085376
ratio_comisiones_lag6	0.000819876456789867	0.00184202379424594	0.00216775054193764
mactivos_margen_sobre_ctrx_q_delta6	0.000815929243993267	0.00128954341318839	0.00195097548774387
mrentabilidad_sobre_antiguedad	0.000814745720623594	0.000959318229672803	0.00120060030015008
Visa_mpagospesos_max6	0.000811704858000227	0.00118867334033853	0.00155077538769385
Master_fechaalta_rank	0.000811682046497546	0.00231814049759285	0.00171752542938136
mrentabilidad_annual_por_ctrx_q_delta6	0.000806448197858923	0.000662789339473654	0.00138402534600634
mcomisiones_mantenimiento_ratiomax6	0.000804948737718379	0.00131862212219904	0.000500250125062531
cextraccion_autoservicio_tend6	0.000804525573686046	0.00117156866121888	0.000933800233450058
Master_mfinanciacion_limite_lag1	0.000800347931865323	0.00127698841272298	0.00190095047523762
Master_Fvencimiento_lag2	0.00079684658144234	0.00153970783351976	0.00275137568784392
cproductos_sobre_edad_lag1	0.000796757146349819	0.0016142229684936	0.00208437552109388
mpayroll_rank	0.000793179007905789	0.00474334557247192	0.00243455060863765
cproductos_avg6	0.000791877827550656	0.00123604884990726	0.0016008004002001
thomebanking_rank	0.000790014564324577	0.00181142098061148	0.00278472569618142
mdescubierto_preacordado	0.000788965154687571	0.00428033465987527	0.000366850091712523
cproductos_sobre_edad_delta2	0.000788791581741733	0.0016826492300446	0.00121727530431883
mcomisiones_otras_max6	0.000786455125442393	0.00131137885269976	0.00146740036685009
mcomisiones_otras_min6	0.000785530437651185	0.00198946959899064	0.00131732532933133
mvr_Master_mlimitecompra_lag1	0.000783772645647403	0.00151883061820256	0.00183425045856262
ctarjeta_visa_trx_ratioavg6	0.000780955561052925	0.00082365028293682	0.00080040020010005
ctarjeta_visa_trx_ratiomax6	0.000780231263307959	0.000570181120896408	0.000833750208437552
mrentabilidad_ratioavg6	0.000778952051609962	0.00168424124031996	0.00183425045856262
mrentabilidad_annual_sobre_edad_lag1	0.000776111117724952	0.000789478650059489	0.00191762547940637
Master_mpagominimo_delta6	0.000774587078802903	0.000368071266649325	0.000466900116725029
mpasivos_margen_sobre_antiguedad_delta1	0.000768474227597438	0.000543961994323495	0.00111722527930632
mrentabilidad_annual_ratioavg6	0.000768125779540215	0.00170065177277927	0.00208437552109388
Visa_mpagominimo_min6	0.000766378072664128	0.00112783742161698	0.000883775220943805
mpasivos_margen_sobre_edad_lag6	0.000766018647606244	0.00272572530837522	0.00268467567116892
total_comisiones_lag6	0.000765119545430848	0.00422517263559482	0.00310155077538769
mtarjeta_visa_debitos_automaticos_ratioavg6	0.000762617804326424	0.000925440854618882	0.00195097548774387
mcomisiones_otras	0.00076171140427037	0.000578344889227887	0.000733700183425046
ccaja_ahorro_max6	0.000760085862615415	0.00106233864815526	0.000333500083375021
ratio_comisiones_rank	0.000758753903074256	0.0010941939438073	0.00191762547940637
Visa_cconsumos	0.000756912933073301	0.00111512397463126	0.00161747540436885
mdescubierto_preacordado_delta6	0.000750860277838711	0.00124362410259192	0.000300150075037519
ratio_total_mcaja_ahorro_ctrx_q_delta6	0.000744406910815053	0.00106568111522629	0.00188427547106887
mrentabilidad_annual_por_antiguedad_delta6	0.00074390688510271	0.00172713497688601	0.00111722527930632
chomebanking_trx_ratiomax6	0.000742363878648159	0.00148604727864593	0.00183425045856262
Visa_mpagominimo_avg6	0.000742223758735712	0.000619209001319656	0.00155077538769385
mcaja_ahorro_dolares_delta2	0.000741214722450684	0.00134963236974283	0.000817075204268801
ratio_total_mcaja_ahorro_antiguedad_delta1	0.000740227704332573	0.001536885976444	0.00206770051692513
mpayroll_delta6	0.000736350356416414	0.000553325429165793	0.000450225112556278
total_mcaja_ahorro_lag1	0.000733638569930645	0.00157200828844311	0.00191762547940637
mactivos_margen_sobre_ctrx_q_rank	0.000731080676844618	0.00201672240048168	0.00213440053360013
Visa_mfinanciacion_limite_rank	0.000730347195112548	0.00144548496944996	0.00211772552943138
mcaja_ahorro_lag1	0.000727894471916601	0.0015166350021356	0.00240120060030015
mpayroll_delta2	0.000726408208934454	0.000832327116191165	0.000283475070868768
mtransferencias_recibidas_lag2	0.000723190003018225	0.00104497743657418	0.00116725029181257
mv_mconsumospesos_delta6	0.000722319566287724	0.000741227912092935	0.00118392529598132
mrentabilidad_sobre_edad	0.000721514436857142	0.000637581252601683	0.00108387527096882
ratio_deuda_acumulada_cproductos_sobre_ctrx_q_rank	0.000720873902871094	0.00342138852827425	0.00361847590461898
mtarjeta_visa_debitos_automaticos_lag6	0.000720061601465149	0.000648680054094849	0.00111722527930632
mrentabilidad_annual_sobre_antiguedad_rank	0.000718342910597151	0.00124391081534293	0.00230115057528764
mrentabilidad_annual_sobre_edad_lag6	0.000717165923293754	0.00202417693200803	0.00191762547940637
mcuenta_debitos_automaticos_ratioavg6	0.000715872858586758	0.00171430835381437	0.000883775220943805
Master_Fvencimiento_rank	0.000713704254272856	0.000947178208189115	0.00145072536268134
mtarjeta_visa_debitos_automaticos_tend6	0.00071332644915668	0.00198425595396564	0.00131732532933133
mvr_msaldopesos2_delta2	0.000705437665323392	0.000647171039615833	0.00116725029181257
mtransferencias_emitidas_max6	0.000705428763688148	0.00104638082003966	0.00111722527930632
ctransferencias_recibidas_rank	0.000703940298860279	0.00151825719270054	0.00255127563781891
mrentabilidad_exp	0.000701424128224676	0.000922437915805639	0.00165082541270635
mactivos_margen_por_ctrx_q_rank	0.000701054782145427	0.00104710514698959	0.00168417542104386
mrentabilidad_annual_lag6	0.000700546450230121	0.00164481823705566	0.00150075037518759
ctotal_comisiones_rank	0.000700041551425357	0.00084284494710991	0.00226780056695014
mrentabilidad_sobre_ctrx_q_delta1	0.000698056226580857	0.00144898588304128	0.00158412539603135
mv_status01	0.000696074495561759	0.00100332863695332	0.000333500083375021
mpasivos_margen_ratioavg6	0.000695906119586978	0.00174494134773841	0.00201767550441888
Visa_fechaalta_rank	0.000694738312667633	0.00104511324787729	0.00121727530431883
mrentabilidad_annual_ratiomax6	0.000690863370438999	0.000537035617864809	0.00121727530431883
ratio_total_mcaja_ahorro_ctrx_q_lag2	0.000690328876257492	0.00115109133473862	0.00233450058362515
mcaja_ahorro_dolares_delta6	0.00068066563154986	0.000376136949039668	0.000867100216775054
mautoservicio_ratiomax6	0.000677369717208823	0.000344093026577751	0.000750375187593797
mpasivos_margen_por_ctrx_q_rank	0.000675237772481637	0.000882516937763256	0.00220110055027514
mcomisiones_sobre_antiguedad	0.000672686244930201	0.00109543888075249	0.00105052526263132
Visa_msaldopesos_rank	0.000670662730442492	0.00106302524974322	0.00121727530431883
mprestamos_personales_delta1	0.000669099543618718	0.00141805108622144	0.000366850091712523
mcomisiones_mantenimiento	0.000668445672680223	0.00177199043227478	0.000550275137568784
mtransferencias_recibidas_tend6	0.000666755351544994	0.00130633119926745	0.00170085042521261
chomebanking_trx_avg6	0.000666577256081786	0.00129118069389813	0.00195097548774387
cproductos_sobre_antiguedad_lag1	0.000664656268405505	0.000923343324493049	0.00161747540436885
mv_fechaalta_lag6	0.000662219680742211	0.00172084993158091	0.00196765049191262
mcaja_ahorro_rank	0.000661486193441436	0.00130710834172415	0.00236785059196265
mcuentas_saldo_delta2	0.0006608851778693	0.00120439727120988	0.00125062531265633
mcuenta_debitos_automaticos_ratiomax6	0.00065637187814555	0.000228442156905922	0.000667000166750042
mv_mpagospesos_delta2	0.000654345119884711	0.000972288209119951	0.00080040020010005
mpayroll_tend6	0.000652144216068146	0.00051021288550029	0.00063365015841254
mpasivos_margen_sobre_ctrx_q_rank	0.000647316577764417	0.00157104251917654	0.00266800066700017
ctarjeta_visa_debitos_automaticos_ratiomax6	0.00064552387705036	0.00110026018201295	0.00100050025012506
rf_003_050	0.000645518296751178	0.000115590509092669	0.000266800066700017
ctrx_quarter_ratioavg6	0.000644060400143072	0.00162953192038322	0.00178422544605636
Master_msaldopesos_lag2	0.000643725379347196	0.00143688358691957	0.000850425212606303
mcomisiones_sobre_edad_delta6	0.000640239768145365	0.000864469124594218	0.00128397532099383
Visa_mpagominimo_delta2	0.000632961328146523	0.000351079763615598	0.000817075204268801
ctrx_quarter_normalizado	0.000631043207041989	0.00211988617533965	0.00170085042521261
rf_033_051	0.000628524107896612	0.00152632287509088	0.000133400033350008
ctrx_quarter_rank	0.000627491533626547	0.00140880837253747	0.00210105052526263
rf_009_022	0.000627178167235508	0.00165185778960027	0.000283475070868768
ratio_totalcomisiones_ctrx_lag2	0.000627121285287303	0.000991407422569091	0.0015674503918626
mcomisiones_ratiomax6	0.000622186614170454	0.00109203605310231	0.00140070035017509
Master_mpagospesos	0.000621468871589058	0.000736119898081464	0.000616975154243789
ctrx_quarter_delta1	0.000620545391277435	0.000664735968151585	0.00113390028347507
mrentabilidad_annual_exp_delta1	0.00061936783769359	0.000606186206365743	0.00108387527096882
mactivos_margen_por_antiguedad_lag6	0.000618351401492993	0.00224966896560747	0.00130065032516258
ctarjeta_debito_avg6	0.0006159695518077	0.000709055723400302	0.000883775220943805
Visa_mpagominimo_lag2	0.000615506925522349	0.000245848638921378	0.000583625145906287
mtarjeta_visa_consumo_ratioavg6	0.000612257523641122	0.00057178822131656	0.000983825245956312
ccallcenter_trx_avg6	0.000612097400221963	0.000323593064880311	0.000850425212606303
mrentabilidad_annual_tend6	0.000608902871277374	0.00224263695813525	0.00218442554610639
mcomisiones_por_edad_rank	0.000608020358614967	0.00139920349537853	0.00191762547940637
mcuenta_corriente	0.000607482821124017	0.001912208057665	0.00108387527096882
Visa_mpagominimo_lag6	0.000606945943756367	0.000986903014349226	0.00111722527930632
mv_mpagominimo_delta6	0.000600116794966463	0.000542317168541367	0.00111722527930632
mv_msaldopesos_delta6	0.000597962000624903	0.000986669117104979	0.00121727530431883
cprestamos_personales_rank	0.000597115289365385	0.00306493667311335	0.00318492579623145
mrentabilidad_delta2	0.000597040686597133	0.00151666518242518	0.00136735034183759
mactivos_margen_por_antiguedad_rank	0.000593228924143271	0.00184901053128378	0.00185092546273137
mcuenta_corriente_lag2	0.000591842132055051	0.00158495563267307	0.00155077538769385
mrentabilidad_annual_exp_lag2	0.000591150460805959	0.00113775164674412	0.00175087543771886
mrentabilidad_annual_por_ctrx_q_rank	0.000589518847207436	0.00133199953555552	0.00228447557111889
Visa_mconsumosdolares_lag6	0.000582952664411609	0.000389423821527409	0.000983825245956312
cproductos_sobre_ctrx_q_lag1	0.000578033302564783	0.00184182007729127	0.00290145072536268
mcuenta_corriente_delta2	0.000571794052080492	0.00108848986907662	0.00198432549608137
mv_mpagospesos_delta6	0.000568460585025042	0.000892219900863332	0.00115057528764382
mactivos_margen_sobre_antiguedad_delta1	0.000568022779400509	0.000319435729990621	0.000883775220943805
mpasivos_margen_sobre_antiguedad_lag1	0.000564049400769541	0.000569253076991812	0.00211772552943138
mcomisiones_sobre_edad_rank	0.000563123887644602	0.000632186525839198	0.00130065032516258
mvr_Master_mlimitecompra_lag2	0.000557689198457851	0.000995708113834288	0.0015674503918626
ratio_deuda_acumulada_cproductos_sobre_ctrx_q_lag1	0.000557507176647019	0.00241447598193326	0.000550275137568784
mcomisiones_por_ctrx_q_delta6	0.000556517811667726	0.000529271738370269	0.00103385025846256
mrentabilidad_sobre_ctrx_q_lag6	0.000554721053965486	0.00161331755980619	0.0023511755877939
mvr_mpagominimo_delta1	0.000553683786362611	0.000287323901877148	0.000767050191762548
mv_cconsumos_delta2	0.000553340929698507	0.00122825479012314	0.000500250125062531
mcomisiones_sobre_edad_lag6	0.000550571368009174	0.0010027552114513	0.0016341504085376
ccomisiones_otras_min6	0.000548082340289564	0.000621065089128846	0.000783725195931299
rf_035_056	0.000547331066339634	0.000376204854691224	0.000183425045856261
mcomisiones	0.000539959645419297	0.000604594196090381	0.000917125229281307
Visa_msaldototal_ratiomax6	0.000537747554450854	0.00169958037249917	0.00135067533766883
Master_status_max6	0.000535938601322735	0.00115942863973519	0.000366850091712523
mcaja_ahorro_dolares_lag1	0.000535928731816315	0.000690087411399064	0.00120060030015008
mactivos_margen_rank	0.000533824179505218	0.00102834809701542	0.00150075037518759
Visa_cconsumos_max6	0.000533413493450212	0.00127330641739417	0.00165082541270635
mv_mlimitecompra_lag6	0.000530476366019731	0.000681425668289509	0.0015341003835251
Visa_mpagominimo_delta1	0.000530132147613276	0.000353614907940346	0.000950475237618809
mactivos_margen_por_edad_delta2	0.000528669504419897	0.000998024451059578	0.00125062531265633
mactivos_margen_delta1	0.000527920797206059	0.00115125732633132	0.00121727530431883
chomebanking_trx	0.000527754709476451	0.00122475387653182	0.00191762547940637
Master_Fvencimiento_tend6	0.000527243254365331	0.000265684634248051	0.000616975154243789
Visa_msaldototal_lag2	0.000522450073151903	0.00062778020356047	0.00106720026680007
ccomisiones_mantenimiento_avg6	0.000521035860340505	0.000358081590798235	0.000566950141737535
exp_totalcomisiones	0.0005184453103804	0.00290393237327468	0.00121727530431883
ctarjeta_visa_trx_delta6	0.000517132777150077	0.000317511736529875	0.000717025179256295
mrentabilidad_annual_por_ctrx_q_lag6	0.000514923343338384	0.000776154052209773	0.00165082541270635
mrentabilidad_annual_por_edad	0.000514638596682007	0.000592401359099927	0.00126730031682508
ccuenta_debitos_automaticos_ratioavg6	0.000514191454385991	0.000508507699139001	0.00080040020010005
mcaja_ahorro_min6	0.000512271586598135	0.000878804762144875	0.00121727530431883
mtarjeta_visa_debitos_automaticos_delta2	0.00051010212265149	0.000440926485696244	0.000883775220943805
mrentabilidad_por_antiguedad_delta1	0.000504067362549354	0.00107820593540212	0.00133400033350008
mcomisiones_otras_rank	0.000501934033733105	0.00149429404277375	0.00193430048357512
Master_Fvencimiento_max6	0.000501928270797988	0.000769952002701015	0.00168417542104386
mtransferencias_emitidas_delta1	0.000497605170123856	0.000727397794392748	0.00080040020010005
mrentabilidad_max6	0.000497337427743243	0.00061817532640153	0.00141737535434384
mtransferencias_recibidas_lag1	0.00049628080455361	0.00180974597453977	0.00118392529598132
mpasivos_margen_sobre_edad_rank	0.000495814702257114	0.00194880920385354	0.00200100050025012
Visa_mfinanciacion_limite	0.000495185900830357	0.000859791179709266	0.00141737535434384
ccomisiones_otras_lag6	0.000494641642009055	0.000722410501539598	0.00130065032516258
Master_fechaalta_min6	0.000494567999869779	0.00105241687795573	0.00155077538769385
mprestamos_personales_delta6	0.000493663626734044	0.00190113189138901	0.000833750208437552
mrentabilidad_annual_sobre_antiguedad	0.000492694073931523	0.00164826633514021	0.00170085042521261
mrentabilidad_annual_delta1	0.000489165446407152	0.000564273329211058	0.00123395030848758
mv_cconsumos_lag6	0.000489050586451328	0.000564016796749625	0.00123395030848758
ccallcenter_trx_ratiomax6	0.000489015752541364	0.000255793044338097	0.000200100050025013
mrentabilidad_annual_exp_delta2	0.000488885730716586	0.000608698715473306	0.000917125229281307
mcomisiones_sobre_ctrx_q	0.000487074981414797	0.00143876985501834	0.0015341003835251
mv_mconsumospesos_delta2	0.000480897468261021	0.000618982649147803	0.000600300150075038
mrentabilidad_annual_sobre_ctrx_q_delta2	0.000480374260958593	0.000998628056851185	0.00123395030848758
mvr_msaldopesos2_lag6	0.000475290189322336	0.00153770084426267	0.00183425045856262
cliente_edad_min6	0.000474520350893292	0.00160565176625278	0.0023845255961314
Master_fultimo_cierre_avg6	0.000474301812213983	0.00087058817830663	0.00121727530431883
Visa_mconsumosdolares_min6	0.000469332869580484	0.000816429648654725	0.00100050025012506
mcomisiones_sobre_edad	0.000465314907935366	0.00108055245291699	0.00103385025846256
mvr_mpagominimo	0.000464378693889325	0.000467990660377406	0.000750375187593797
mcomisiones_delta2	0.000462787264678063	0.000988759102158417	0.00110055027513757
mcomisiones_por_ctrx_q_lag1	0.000461287405966363	0.000388450507188443	0.00131732532933133
cproductos_sobre_ctrx_q_delta6	0.000460468191755315	0.00078134506201759	0.0016341504085376
Visa_msaldototal_max6	0.00046045955480448	0.000535564328747768	0.00133400033350008
mvr_mpagado_rank	0.00045731413276719	0.000915526629491743	0.00221777555444389
Visa_mconsumospesos_avg6	0.000456816859999441	0.00128592932351115	0.00216775054193764
tcallcenter_ratioavg6	0.000455566597684827	0.00189040279844321	0.00048357512089378
mrentabilidad_sobre_ctrx_q	0.000450619247703409	0.00112509856033756	0.00158412539603135
mrentabilidad_annual_sobre_edad_delta2	0.00044632414060562	0.000868468012963611	0.000750375187593797
Visa_mconsumosdolares_lag1	0.000442671720549165	0.000368795593599253	0.000650325162581291
ratio_totalcomisiones_antiguedad_delta6	0.000439773898519117	0.000950052880771642	0.00170085042521261
total_deuda_acumulada_delta6	0.000436172469552984	0.0013150080325218	0.000700350175087544
mcomisiones_lag1	0.000435344181663517	0.000649494921913518	0.00151742537935635
mcomisiones_otras_ratioavg6	0.000434343603517866	0.00059638515732453	0.00173420043355011
mrentabilidad_sobre_edad_rank	0.000433725653947784	0.000834492551968554	0.00145072536268134
ratio_deuda_acumulada_cproductos_sobre_ctrx_q_delta6	0.000430736401151069	0.00178204801377742	0.000667000166750042
Master_mpagospesos_tend6	0.000429874791803967	0.000854894427724858	0.000833750208437552
mrentabilidad_annual_por_edad_delta2	0.000421765314365774	0.000569600150321986	0.00111722527930632
Master_mpagominimo	0.000421257683548547	0.000464436931279322	0.00080040020010005
mpasivos_margen_avg6	0.000421244758480765	0.000776108781775403	0.0015341003835251
mcomisiones_mantenimiento_lag2	0.000417520324209136	0.00132646145241753	0.000650325162581291
mactivos_margen_sobre_antiguedad_delta6	0.000416620105475765	0.000879913887786952	0.00108387527096882
mpasivos_margen_por_ctrx_q	0.000415615041270012	0.00144371187743712	0.0015341003835251
ccajas_consultas_tend6	0.000414899331936554	0.00340654737087312	0.000616975154243789
mdescubierto_preacordado_tend6	0.000411910784421475	0.00288493388098386	0.000333500083375021
mcomisiones_por_antiguedad_delta6	0.000408187848730097	0.000527476011140239	0.00136735034183759
Master_mpagominimo_max6	0.000407066554268277	0.000382399359127587	0.000817075204268801
mcaja_ahorro_dolares_lag2	0.000406410350806487	0.000501030532395474	0.000750375187593797
mpasivos_margen_por_antiguedad_delta6	0.000406196055462315	0.000417815928950106	0.00100050025012506
mvr_msaldopesos_delta6	0.000405444941236015	0.00155064818849263	0.00096715024178756
Visa_mpagospesos_ratiomax6	0.000404435629710194	0.00133552308436403	0.00145072536268134
mcaja_ahorro_dolares_max6	0.000403887085395363	0.000337513723449239	0.000683675170918793
total_deuda_acumulada_lag1	0.000403206276750818	0.000626965335741801	0.000350175087543772
mrentabilidad_annual_avg6	0.000401131474666668	0.00100944769066573	0.00141737535434384
mv_fultimo_cierre	0.000395182104293572	0.000673442981695511	0.000867100216775054
mcuenta_debitos_automaticos_delta6	0.000389674424455627	0.000522632074662596	0.000516925129231282
ctarjeta_debito_max6	0.000389362679150789	0.000124244707129829	0.000450225112556278
mvr_mpagominimo_rank	0.000386170537492995	0.000646876781792424	0.00140070035017509
cpagomiscuentas_ratiomax6	0.000385335768797972	0.00135055286857503	0.00126730031682508
Master_mpagospesos_lag1	0.000382304866041954	0.000707871147034274	0.000383525095881274
Visa_msaldopesos_delta1	0.000380650196556093	0.000874692697689555	0.00151742537935635
rf_019_055	0.000379015851839058	0.000109539361031812	0.000133400033350008
ratio_comisiones	0.000378616193421061	0.000526080172747149	0.00080040020010005
ctarjeta_visa_debitos_automaticos_avg6	0.000375053802613758	0.000788686417458006	0.00080040020010005
Visa_mfinanciacion_limite_lag6	0.000373192382182445	0.00117313049120466	0.00203435050858763
mpasivos_margen_por_antiguedad_delta2	0.000372275822390163	0.000351954992013428	0.000650325162581291
mpayroll_sobre_edad	0.000371702602403091	0.000980301076003529	0.000266800066700017
rf_046_056	0.000365726086884166	0.000327969206869459	0.000200100050025013
tcallcenter_tend6	0.000364280031268782	0.00392094022648029	0.000667000166750042
mactivos_margen_por_antiguedad	0.000364076802439303	0.000991226340831609	0.000767050191762548
mv_fechaalta_rank	0.000363663023731154	0.000613414385720232	0.000900450225112556
mrentabilidad_sobre_ctrx_q_delta2	0.000363626456287142	0.00134386038936059	0.00126730031682508
mv_msaldototal_delta2	0.00036288715698725	0.00136429999047887	0.000717025179256295
mv_mpagominimo_lag2	0.000361786231410905	0.000567736517440401	0.000583625145906287
mautoservicio_ratioavg6	0.00035995738846903	0.000832123399236498	0.000883775220943805
mpasivos_margen_por_antiguedad_delta1	0.00035828829650252	0.000601606347421928	0.000817075204268801
mactivos_margen_sobre_edad	0.000352368562035792	0.00110331593633296	0.000817075204268801
mcaja_ahorro_delta1	0.00034837701838096	0.000873078052197007	0.00121727530431883
ctransferencias_emitidas_tend6	0.000344505293175677	0.000374620389488257	0.00080040020010005
Master_msaldototal_avg6	0.000343590586741985	0.00129933691715721	0.000817075204268801
chomebanking_trx_lag6	0.000342730667159639	0.0010678088256417	0.00158412539603135
Visa_Fvencimiento_tend6	0.000342047432857226	0.000781458238103517	0.000583625145906287
rf_037_031	0.000341745325784073	7.15951919569408e-05	0.000266800066700017
Master_cconsumos_tend6	0.000339501136113296	0.000382776612747341	0.00048357512089378
Visa_status_max6	0.000338941348712346	0.00781288473974627	0.000583625145906287
mpayroll_sobre_edad_delta6	0.000335571958837389	0.000431140526799822	0.000466900116725029
chomebanking_trx_tend6	0.000333455846997218	0.000737945805601074	0.00143405035851259
ctrx_quarter_normalizado_rank	0.000333181921793344	0.00121508863879372	0.00200100050025012
Visa_msaldototal	0.000332135298149716	0.000911980445466054	0.00125062531265633
catm_trx_ratioavg6	0.00032805094674796	0.000351811635637921	0.000516925129231282
mforex_sell_avg6	0.000327883114091896	0.00187882111231675	0.000667000166750042
mvr_msaldototal_lag1	0.00032533139999141	0.000554706177414093	0.000750375187593797
ctarjeta_master_trx_ratioavg6	0.000316938356265711	0.000258841253585711	0.000300150075037519
chomebanking_trx_delta2	0.000314754160363674	0.000762618192332995	0.00125062531265633
Visa_cconsumos_lag2	0.000313364323648092	0.000676174297902531	0.00105052526263132
mactivos_margen_por_ctrx_q_delta6	0.000311246797173128	0.00112106194660619	0.000767050191762548
ccallcenter_trx_tend6	0.000311000278710342	0.00184129192222361	0.00063365015841254
matm_other_avg6	0.000310860489220947	0.000958925885908259	0.000200100050025013
mrentabilidad_annual_por_ctrx_q_delta2	0.000309814722870255	0.000499974222260162	0.000833750208437552
mcomisiones_mantenimiento_tend6	0.000305443743799935	0.00106766546926619	0.00110055027513757
mrentabilidad_annual_por_ctrx_q_lag2	0.000302517703973135	0.00262185984178451	0.00186760046690012
mactivos_margen_sobre_ctrx_q_delta2	0.00029635854703477	0.000522081284377755	0.00103385025846256
mcaja_ahorro_dolares	0.000291643906601769	0.00152117713571743	0.00120060030015008
ctransferencias_recibidas	0.000291602187939116	0.000306367664602337	0.000616975154243789
mvr_mpagominimo_delta2	0.000289101348091011	0.000326603548765949	0.000516925129231282
mactivos_margen_ratiomax6	0.000288121120503908	0.000910395980263087	0.00115057528764382
mplazo_fijo_dolares_delta6	0.000284399908323682	0.000894075988672523	0.000200100050025013
Visa_mlimitecompra_lag6	0.000280996027043483	0.000454303899052726	0.000750375187593797
tpaquete9	0.000280895012793246	0.000300550413785729	0.000133400033350008
mv_fultimo_cierre_lag6	0.000279880134511474	0.000413839675797897	0.00106720026680007
mpasivos_margen_sobre_ctrx_q	0.000276982792650828	0.00152621724407735	0.00188427547106887
rf_010_045	0.000271190036134121	0.00340097910744555	0.000200100050025013
mtransferencias_emitidas_tend6	0.000269891208639416	0.000210862138225379	0.000400200100050025
mcomisiones_otras_lag6	0.000267742062102278	0.000628640341813509	0.00100050025012506
mrentabilidad_annual_por_edad_lag2	0.00026662603048224	0.000844052158693124	0.00198432549608137
mtarjeta_visa_consumo_delta6	0.000266320507847247	0.000226337081707694	0.000616975154243789
mvr_msaldopesos2_lag1	0.000262450266474318	0.000405230748195107	0.000850425212606303
cmobile_app_trx_delta6	0.000262151034271254	0.000592159916783284	0.000717025179256295
rf_047_025	0.00026066151488381	0.000323117725319421	0.000133400033350008
Visa_fultimo_cierre_ratioavg6	0.000259620606378549	0.000485563133985554	0.000833750208437552
mcomisiones_sobre_antiguedad_lag2	0.000259562141660254	0.00168598415204323	0.00158412539603135
mrentabilidad_exp_delta6	0.000259412281305308	0.000582215511366565	0.00108387527096882
mpayroll_avg6	0.000258977935258418	0.000483744771538339	0.000416875104218776
mv_msaldototal_rank	0.000258384702854853	0.000843508913480678	0.00165082541270635
mpayroll_max6	0.000257384410431956	0.000452659073270598	0.000400200100050025
mcomisiones_rank	0.000256732583875347	0.00151514107780137	0.00175087543771886
cproductos_lag2	0.000256494013324938	0.00050708168045633	0.000566950141737535
Visa_msaldopesos_lag1	0.000256298783319074	0.000329070787439142	0.000783725195931299
mtransferencias_emitidas_lag2	0.000255889896072692	0.000966599224534058	0.000900450225112556
mcomisiones_sobre_ctrx_q_delta6	0.000251912159469027	0.0015523835551435	0.00213440053360013
ccallcenter_trx	0.000251850605591174	0.00160280727395984	0.000416875104218776
Master_msaldopesos_ratiomax6	0.000249014329227978	0.000470141006010005	0.000416875104218776
mv_mpagominimo_lag1	0.000248524679760235	0.000527838174615203	0.000733700183425046
mvr_mpagominimo_lag2	0.000247362006734217	0.00163489646685612	0.000900450225112556
ratio_deuda_acumulada_antiguedad_delta6	0.000246646588551422	0.00107140782517415	0.000683675170918793
thomebanking	0.000242239321808214	0.000589888849992364	0.000366850091712523
Visa_cconsumos_lag6	0.000241627011813078	0.00108923683124373	0.00183425045856262
mprestamos_personales_tend6	0.000241321143000764	0.00285392363344007	0.000683675170918793
rf_010_041	0.000234262085586413	3.35152115789578e-05	5.00250125062531e-05
ratio_deuda_acumulada_cproductos_sobre_ctrx_q_lag6	0.000230952169753141	0.00153445646313278	0.000717025179256295
matm_max6	0.000230472983620653	0.000568543840186675	0.00080040020010005
Visa_fechaalta_tend6	0.000225077255097503	0.000276768345596428	0.000383525095881274
mcuentas_saldo_delta1	0.000224759427870334	0.0005293773693838	0.00106720026680007
Master_fechaalta_tend6	0.000224283546599983	0.000402431526336532	0.000600300150075038
ccajas_trx_tend6	0.00022373609751011	0.00108127677986692	0.000767050191762548
mtarjeta_visa_debitos_automaticos_max6	0.000218932465595264	0.000317987076090765	0.000667000166750042
mrentabilidad_annual_sobre_antiguedad_lag2	0.0002183764214931	0.00130384132537707	0.00151742537935635
mvr_mpagospesos	0.00021729097393705	0.000291715134011087	0.000667000166750042
mvr_mpagospesos_delta2	0.000211510797199691	0.000380467820594446	0.000667000166750042
mcomisiones_mantenimiento_lag6	0.000210061104787964	0.00067703443615557	0.000700350175087544
ccajas_consultas_ratioavg6	0.000209973796241837	0.00100738788590188	0.00031682507920627
ctransferencias_emitidas_delta6	0.000209940028010996	0.000400341541283094	0.000516925129231282
mpayroll_sobre_edad_delta2	0.000208065242127649	0.000281544376422515	0.000250125062531266
ccaja_ahorro	0.000205975395073619	0.00116798475183121	0.000466900116725029
mrentabilidad_sobre_edad_lag6	0.000200849514540037	0.00108160876305231	0.00133400033350008
Master_fultimo_cierre_min6	0.000199359646564654	0.000530833568356051	0.00080040020010005
Master_mpagominimo_ratioavg6	0.000199148887023456	0.000700522246521463	0.000566950141737535
rf_032_036	0.000198812034359101	0.000836333549632954	0.000183425045856261
Visa_cconsumos_delta6	0.000197458210280938	0.00128517481627164	0.00108387527096882
ratio_totalcomisiones_antiguedad_delta2	0.000197078330100262	0.0006163795991715	0.000833750208437552
ctarjeta_visa_trx_rank	0.000195916959079565	0.00103845849402483	0.00206770051692513
mrentabilidad_annual_por_edad_delta6	0.000195798257429551	0.00142712026324033	0.00180090045022511
mvr_msaldototal_rank	0.000194981847645265	0.0021644549179774	0.00143405035851259
chomebanking_trx_min6	0.000191757182073341	0.000235308172785448	0.000516925129231282
mv_Fvencimiento_delta2	0.000186178196017418	8.03172956456565e-05	0.000183425045856261
Master_cconsumos_min6	0.000183231719984175	0.000827867978405671	0.000333500083375021
mv_fultimo_cierre_lag2	0.000179692933532659	0.000641225522568507	0.00101717525429381
rf_035_050	0.00017856743350571	0.00026379836614928	5.00250125062531e-05
mrentabilidad_annual_sobre_antiguedad_delta2	0.000178481574541247	0.000982594778011634	0.000950475237618809
mactivos_margen_por_ctrx_q	0.00017678442989994	0.000143967526370575	0.000333500083375021
Visa_msaldopesos_delta2	0.000176454682439858	0.000330836334379591	0.000550275137568784
Visa_fultimo_cierre_avg6	0.000176300400026292	0.00142592059672951	0.00120060030015008
mactivos_margen_sobre_edad_lag2	0.00017592343665895	0.00091979714046736	0.00136735034183759
mrentabilidad	0.000168102737976956	0.000440330424977033	0.00113390028347507
ccaja_ahorro_tend6	0.000165729428232772	0.000124652141039163	0.000100050025012506
mtransferencias_recibidas	0.000161413147777032	0.000905212515527665	0.00106720026680007
mpayroll_min6	0.000160949819201408	0.000938659821455067	0.000183425045856261
Visa_mpagospesos_ratioavg6	0.000155908577902508	0.000521243781341901	0.00103385025846256
mv_Finiciomora	0.000155704017695803	0.000406068251230962	8.33750208437552e-05
ccuenta_debitos_automaticos_ratiomax6	0.000154510178145846	0.000293865479643685	0.000583625145906287
mtarjeta_master_consumo_ratioavg6	0.000151337069444506	0.000765621131146238	0.000350175087543772
mpagomiscuentas_avg6	0.00014997433119399	0.000815999579528206	0.000583625145906287
ctarjeta_master_trx	0.000147997268792845	0.000391113917743907	0.000283475070868768
rf_041_040	0.00014687586272646	7.95929686957285e-05	0.000283475070868768
cprestamos_personales_delta6	0.000143912592898469	0.000654527485201038	0.000250125062531266
rf_006_039	0.000143683408137147	0.000142322700588447	0.000200100050025013
Master_mpagominimo_lag1	0.000142557571550738	0.000252337401181149	0.000416875104218776
mtarjeta_visa_consumo_tend6	0.000139683852036355	0.000415786304475828	0.000733700183425046
rf_005_029	0.000135065456380086	0.000883271445002764	0.000433550108387527
Visa_fultimo_cierre_min6	0.000134702159223136	0.000419091046184875	0.000616975154243789
ccallcenter_trx_max6	0.00012958844895841	0.000464738734175126	0.000450225112556278
ccaja_ahorro_ratioavg6	0.000129116394709688	0.000753224577201117	0.000116725029181257
rf_014_038	0.000128771970859001	0.000202939812210542	0.000283475070868768
thomebanking_max6	0.000122360338864108	0.000806643689758303	0.00048357512089378
Visa_mpagosdolares_ratioavg6	0.000121529211359381	0.000328127653389756	0.000333500083375021
Visa_msaldototal_delta6	0.000121426215214962	0.000469597760797559	0.000867100216775054
Visa_Fvencimiento_ratiomax6	0.000119699844409859	0.000225567484323396	0.000216775054193764
ratio_deuda_acumulada_cproductos_sobre_ctrx_q_lag2	0.000117482578120545	0.00273445495713633	0.000650325162581291
cprestamos_personales_tend6	0.000114087367887088	0.000680829607570297	0.00031682507920627
rf_004_035	0.000114049582036467	0.00021501947311507	0.000266800066700017
mprestamos_personales_avg6	0.000113926313695805	0.00209540996049	0.000650325162581291
rf_010_048	0.000113502437796623	0.000204214929445311	0.00031682507920627
Visa_mpagado_ratioavg6	0.000110234088732403	0.000824178438004475	0.000867100216775054
rf_029_034	0.000108650998789671	0.000375638974261593	0.00016675004168751
mv_mpagominimo_delta1	0.000107046650294817	0.000451436771542595	0.000466900116725029
mv_msaldodolares_lag1	0.000106409632184494	0.000305107637512359	0.000216775054193764
mpayroll_delta1	0.0001049926076928	0.00134324923849659	0.000350175087543772
ccaja_ahorro_delta6	0.000104518822224148	0.00021825630917256	0.000100050025012506
mcomisiones_por_antiguedad	0.000101649128251967	0.000320808933166526	0.000783725195931299
mcomisiones_mantenimiento_lag1	9.90614482315186e-05	0.000569004089602775	0.000450225112556278
mv_mpagominimo	9.79673980247255e-05	0.000303191189124008	0.000533600133400033
rf_017_041	9.70917627044661e-05	0.0011828938148839	0.000266800066700017
rf_037_029	9.68906315300896e-05	0.00381466033672315	0.000300150075037519
ccajas_trx_ratioavg6	9.66612438142525e-05	0.000826019435668876	0.000250125062531266
ctarjeta_visa_trx_delta2	8.53898311284914e-05	0.000954896817249285	0.000433550108387527
ratio_deuda_acumulada_cproductos_sobre_ctrx_q_delta2	8.38987617937171e-05	0.000341286259646781	0.000183425045856261
cextraccion_autoservicio_ratioavg6	8.32662168671929e-05	0.000298422703370315	0.000566950141737535
mforex_sell_max6	8.01804583481531e-05	0.000133842039216374	8.33750208437552e-05
rf_015_036	8.00679421359825e-05	3.93324623955667e-05	5.00250125062531e-05
mv_Finiciomora_lag1	7.81025794691342e-05	0.000132830999515433	8.33750208437552e-05
rf_003_048	7.49535202763843e-05	7.62052311903364e-05	0.00016675004168751
mv_mconsumosdolares_delta2	7.27668469295627e-05	0.000193372660413577	0.000333500083375021
cprestamos_personales_ratioavg6	7.05241733693543e-05	0.00090666116942752	0.000333500083375021
tpaquete9_ratioavg6	6.72867591361056e-05	0.000616704037284488	0.000150075037518759
mv_mpagominimo_delta2	6.68789274754287e-05	0.000244897959799598	0.000550275137568784
ctarjeta_visa_tend6	6.64264321174389e-05	0.000143658178402377	0.000133400033350008
rf_026_027	6.56346578946932e-05	0.00396762913446106	0.00048357512089378
cpayroll_trx_avg6	6.52287994551548e-05	0.000478991375929437	0.000350175087543772
ctarjeta_debito_ratioavg6	6.32704832299874e-05	0.000809872980743398	0.000266800066700017
rf_015_048	6.20180781248694e-05	0.00016215869591512	0.000200100050025013
total_deuda_acumulada	6.07586517144466e-05	0.00281892958767168	0.000416875104218776
mdescubierto_preacordado_delta1	5.83709777445296e-05	0.00408933115219375	0.000200100050025013
ccomisiones_mantenimiento_delta1	5.79786065352904e-05	0.000898572851819992	0.000100050025012506
cforex_sell_avg6	5.61946598548498e-05	0.00015123343108704	0.000250125062531266
mv_status05_delta2	5.55917700867918e-05	0.00320854203600896	0.000416875104218776
foto_mes	5.49890921181821e-05	9.18989817721086e-06	6.67000166750042e-05
rf_046_051	5.47923668221494e-05	4.21618645437227e-05	3.33500083375021e-05
rf_026_038	5.47356133283087e-05	7.54129985888527e-05	6.67000166750042e-05
ctarjeta_visa_debitos_automaticos_max6	5.35167839300698e-05	0.000289693054609204	0.000366850091712523
rf_045_029	5.20554525649032e-05	0.000115537693585903	0.000150075037518759
ctarjeta_visa_ratioavg6	5.03024531654071e-05	0.000133434605307039	0.000133400033350008
Visa_Fvencimiento_delta2	4.89937405928565e-05	0.000158438975224344	0.000183425045856261
Master_mlimitecompra_ratioavg6	4.8718111986483e-05	0.00166887192785118	0.000333500083375021
rf_022_047	4.61261469879308e-05	0.000423112569771454	0.000150075037518759
rf_022_038	4.52384681896129e-05	9.24422269845545e-05	0.00016675004168751
rf_013_029	4.35001648004049e-05	0.00025325790001335	0.000300150075037519
rf_028_041	4.17087341729652e-05	9.79199495433847e-05	0.00016675004168751
rf_009_032	4.01193864457047e-05	0.000104499252671897	0.00016675004168751
mv_status07_delta6	3.97958855035706e-05	0.00317098266562624	0.000333500083375021
Visa_fultimo_cierre_lag6	3.96797595093846e-05	0.000399006063469164	0.000550275137568784
mv_status04_delta6	3.75189724168063e-05	0.000749006881732265	0.00016675004168751
rf_026_029	3.71650794923582e-05	0.000120811699190066	0.000133400033350008
Visa_Finiciomora	3.56772735720235e-05	0.000219388070031823	8.33750208437552e-05
rf_005_028	3.49334251520364e-05	4.64248304469445e-05	0.000100050025012506
ctarjeta_visa_trx	3.47564021457756e-05	0.00018902669871401	0.000616975154243789
rf_023_031	3.42286384174856e-05	5.43320663169913e-05	1.6675004168751e-05
ccomisiones_mantenimiento	3.15146782478527e-05	0.000665664012056181	0.00016675004168751
mplazo_fijo_dolares_ratioavg6	3.04678825141489e-05	0.000219403160176613	0.000233450058362515
mpayroll	2.96795938716482e-05	0.000129579073313152	0.000200100050025013
ccajas_extracciones_avg6	2.75211789372161e-05	0.00122804352809607	0.000383525095881274
rf_007_023	2.74356952792097e-05	6.05869313325149e-06	3.33500083375021e-05
catm_trx_ratiomax6	2.7348292751563e-05	0.000238997713186643	0.000183425045856261
rf_018_023	2.5813407687512e-05	0.00406416833575614	0.000233450058362515
Visa_Finiciomora_max6	2.23168666636e-05	0.000628149912107829	0.000183425045856261
mpayroll_lag2	2.17348987871063e-05	0.000165659609506438	0.000283475070868768
mplazo_fijo_dolares_ratiomax6	2.12325899941292e-05	0.0010552236448867	0.00016675004168751
mv_status04_delta1	2.0171450334805e-05	0.00044782268186535	0.000116725029181257
cplazo_fijo_ratioavg6	1.70827087284757e-05	0.000175000409131551	0.000200100050025013
rf_020_030	1.6728402542128e-05	5.37360055977798e-05	8.33750208437552e-05
rf_047_032	1.62357686694914e-05	5.0476534323104e-06	5.00250125062531e-05
rf_005_038	1.61959050196428e-05	3.74914647311665e-05	6.67000166750042e-05
rf_041_037	1.54048823521411e-05	0.000364638258709562	3.33500083375021e-05
rf_031_043	1.48304035705717e-05	0.00011979311441673	0.000150075037518759
mes	1.4795538402401e-05	9.68636394080731e-05	5.00250125062531e-05
rf_030_046	1.46527718626464e-05	5.11254105490811e-05	0.000116725029181257
rf_027_033	1.37756156040719e-05	0.00046652691633276	0.000183425045856261
rf_017_048	1.36219825882837e-05	4.49912666918788e-05	0.000133400033350008
rf_048_039	1.35877716986491e-05	0.00036214083974679	0.000150075037518759
rf_039_035	1.28155533388036e-05	0.000262319531959844	0.00016675004168751
mv_fechaalta_delta2	1.24577956814633e-05	3.44885259179235e-05	6.67000166750042e-05
ctarjeta_master_trx_delta6	1.16815260473916e-05	0.000315104858435843	0.000200100050025013
rf_034_041	1.15898968985328e-05	0.000518044670646386	6.67000166750042e-05
ctarjeta_visa_descuentos_avg6	1.15866374753189e-05	0.000356067056468748	6.67000166750042e-05
rf_031_044	1.14346791447203e-05	2.94936879923787e-05	6.67000166750042e-05
rf_037_047	1.11960874360461e-05	2.79318580065966e-05	6.67000166750042e-05
mv_status07_delta2	1.10053566825842e-05	0.00100057468552912	0.00016675004168751
mpayroll_sobre_edad_lag2	9.1701967838463e-06	4.46970088684706e-05	0.000116725029181257
rf_038_045	8.40681025272783e-06	2.07263138692925e-05	0.000100050025012506
rf_039_046	7.05778855385041e-06	0.000572286196094636	5.00250125062531e-05
rf_028_040	7.00818825008843e-06	7.59109733669281e-05	0.000200100050025013
rf_010_038	6.60193792948746e-06	2.88900822007721e-05	5.00250125062531e-05
rf_032_035	6.10429282411111e-06	4.23278561364146e-05	0.000100050025012506
rf_008_029	5.89973316409505e-06	6.67059850449271e-05	8.33750208437552e-05
Master_status_ratioavg6	5.51684092505744e-06	2.82713862643753e-05	1.6675004168751e-05
rf_039_045	5.21137285003474e-06	6.51139747695646e-06	1.6675004168751e-05
rf_033_045	4.95581252314706e-06	0.000251198095249492	6.67000166750042e-05
rf_037_041	4.84737497120376e-06	8.49273348790521e-05	3.33500083375021e-05
cpayroll_trx_lag1	4.66734226751561e-06	0.000218369485258487	0.000116725029181257
rf_008_045	3.24706128390616e-06	3.05575432000854e-05	3.33500083375021e-05
rf_016_034	2.79491634504082e-06	3.97398963049011e-05	3.33500083375021e-05
rf_013_031	1.52498414474241e-06	7.18969948527441e-05	0.000183425045856261
cliente_vip_delta6	1.42279382325728e-06	9.65769266570599e-07	1.6675004168751e-05
cplazo_fijo_ratiomax6	1.13636079326175e-06	0.000416910520262696	1.6675004168751e-05
rf_036_019	1.10406014577053e-06	2.7154715549903e-05	1.6675004168751e-05
rf_012_039	7.94476559957676e-07	3.97474413772962e-05	3.33500083375021e-05
rf_001_025	7.82135546215091e-07	0.00117675967102669	8.33750208437552e-05
rf_002_041	5.24645777962746e-07	2.44083091980929e-05	5.00250125062531e-05
Visa_fechaalta_delta2	5.04122623336833e-07	6.48121718737613e-06	3.33500083375021e-05
rf_048_041	3.99144928990387e-07	3.84421438529469e-05	0.000116725029181257
rf_034_011	3.48692620142119e-07	0.00012439560857773	1.6675004168751e-05
rf_047_035	3.02712934705806e-07	0.000167840135428617	8.33750208437552e-05
rf_008_042	1.85055372775973e-07	0.000320009155492647	3.33500083375021e-05
rf_031_029	1.63673857938743e-07	0.000205663583345167	1.6675004168751e-05
rf_042_031	1.06207095227132e-07	0.000129820515629795	3.33500083375021e-05
rf_023_046	1.02913298670444e-07	2.31709173252993e-05	3.33500083375021e-05
rf_021_038	6.58312822268964e-08	1.63275366629592e-05	1.6675004168751e-05
rf_030_045	4.20191711350767e-08	3.58692741662237e-05	5.00250125062531e-05
rf_006_046	1.49539179142976e-08	4.3919866411777e-05	3.33500083375021e-05
