Feature	Gain	Cover	Frequency
rf_029_050	0.17516728197403	0.0119796173280955	0.00453547915142648
rf_026_027	0.0989516330750811	0.00196131733310249	0.000585223116313094
mcaja_ahorro_rank	0.0415354003230153	0.00398285957213286	0.00351133869787857
rf_040_043	0.0414677515436995	0.00787957818600469	0.00204828090709583
rf_012_036	0.0318595654687462	0.0097560495438533	0.00512070226773958
cpayroll_trx	0.0217736592859918	0.011874551586521	0.0049743964886613
mprestamos_personales_ratioavg6	0.0154985082134224	0.0112753514745754	0.00468178493050476
rf_015_031	0.0150271227517131	0.000586463380343484	0.000585223116313094
mpasivos_margen_por_ctrx_q	0.0146230384278906	0.00172820399962386	0.00234089246525238
mprestamos_personales_ratiomax6	0.0142832807144773	0.00256630388810534	0.00234089246525238
mv_status04_delta6	0.0137589635618195	0.000753565364836915	0.000146305779078274
rf_032_036	0.0132653487399484	0.00413630686238625	0.00146305779078274
ratio_totalcomisiones_antiguedad	0.0123526195270875	0.0143745736545067	0.0124359912216533
mdescubierto_preacordado_tend6	0.0122802071372512	0.0020253124427221	0.00146305779078274
cproductos_ratioavg6	0.010813130094537	0.0022486806192671	0.00190197512801756
rf_022_038	0.0105620539844093	0.000439745084070338	0.000438917337234821
rf_026_036	0.0105293179887283	0.00653295158436376	0.00204828090709583
total_comisiones_lag6	0.00974396056246382	0.00462095015476809	0.00687637161667886
mcuenta_corriente_delta6	0.00935818916471509	0.00482445919317166	0.00351133869787857
mv_status04	0.00922345743813197	0.000476578334919537	0.000585223116313094
exp_totalcomisiones_lag6	0.00903552566760445	0.00838159719974842	0.00877834674469642
rf_009_022	0.00708294956869991	0.000545318983533742	0.000438917337234821
rf_014_039	0.00700738881976339	0.00793439366924444	0.00146305779078274
rf_039_033	0.00680099283210201	0.000321049236540719	0.000292611558156547
cproductos_ratiomax6	0.00577060781161069	0.0031637172513448	0.00248719824433065
mdescubierto_preacordado	0.00570860171912234	0.000377446566112001	0.000585223116313094
mtarjeta_visa_consumo	0.0055198557391891	0.0018055915284441	0.00146305779078274
foto_mes	0.00494827370435773	0.00945114661442716	0.00409656181419166
mcomisiones_mantenimiento	0.00473206032538809	0.00188906875583598	0.00321872713972202
total_deuda_acumulada	0.00472424757252395	0.00741568740611732	0.00321872713972202
mcomisiones_mantenimiento_avg6	0.00451411857165412	0.00423775812607369	0.00409656181419166
mcuentas_saldo	0.00448307658978133	0.00203030386456615	0.00263350402340892
cpayroll_trx_rank	0.00444552537708961	0.00520111893416538	0.00248719824433065
exp_totalcomisiones	0.0043559563702519	0.0066284360909043	0.00585223116313094
mpayroll_sobre_edad	0.0041511984263375	0.00569045039287695	0.00248719824433065
ratio_totalcomisiones_antiguedad_lag1	0.00412636883979021	0.00986780329893315	0.00512070226773958
mcaja_ahorro_dolares_delta1	0.0041135603235834	0.0084362159767086	0.00424286759326993
ratio_totalcomisiones_antiguedad_lag2	0.00387689413416258	0.0021344926239776	0.00292611558156547
mcuentas_saldo_tend6	0.00386963264938677	0.00248793282788726	0.00438917337234821
cproductos_sobre_edad_delta6	0.00327597002408605	0.00318153556183571	0.00438917337234821
ctrx_quarter_normalizado	0.00319182106635061	0.0056423802958074	0.00234089246525238
rf_018_023	0.00301289085667441	0.00505394985266823	0.00146305779078274
Master_status_max6	0.00298335725000443	0.00434945450848867	0.00146305779078274
cpayroll_trx_ratiomax6	0.00297714997483327	0.0050695060409441	0.00190197512801756
mdescubierto_preacordado_delta2	0.00275190519899271	0.0047334497544913	0.00146305779078274
mv_msaldototal	0.00269539163632343	0.000829215321520963	0.00160936356986101
mcuentas_saldo_ratioavg6	0.00267769543431013	0.00655002405021131	0.00673006583760059
mcomisiones_mantenimiento_ratiomax6	0.00265271763143566	0.00162632653899735	0.00131675201170446
total_mcaja_ahorro	0.00264986884004245	0.00488038934532896	0.00570592538405267
ratio_totalcomisiones_ctrx_lag6	0.00260172314373169	0.00239125988757433	0.00424286759326993
exp_totalcomisiones_lag2	0.0025881020625199	0.00202536981538698	0.00336503291880029
mcomisiones_mantenimiento_rank	0.0024824945278681	0.00386027877558176	0.00541331382589612
rf_039_047	0.00245536750763108	0.00618149483543975	0.00190197512801756
total_comisiones_lag1	0.00236016742510331	0.00530265215880265	0.00468178493050476
mpayroll_sobre_edad_rank	0.00230366334139745	0.000731165437251053	0.00146305779078274
ccomisiones_mantenimiento_rank	0.00229416633444206	0.000644344203106512	0.00175566934893928
ratio_totalcomisiones_antiguedad_rank	0.00225764512082621	0.0029870750122923	0.00424286759326993
ccaja_ahorro_rank	0.00224134842448468	0.00220440531417423	0.00453547915142648
mpasivos_margen_max6	0.00218104813704824	0.00136260898685586	0.00175566934893928
mpayroll	0.0021695179480012	0.000579422934753929	0.000731528895391368
mpayroll_ratioavg6	0.00215970990048722	0.0028462169239313	0.00204828090709583
rf_039_035	0.00213571149144407	0.000616461087977679	0.000585223116313094
mplazo_fijo_dolares_rank	0.00208369916773467	0.0105149259782386	0.0027798098024872
Visa_status_max6	0.00205525485876274	0.00490633818204204	0.00160936356986101
mv_mconsumospesos_delta6	0.0020497653586249	0.00163395710342561	0.00263350402340892
cliente_vip_lag2	0.00190346864096911	0.00428823787506796	0.00160936356986101
mcuenta_corriente_rank	0.00188911949322865	0.00174580921164524	0.00336503291880029
mrentabilidad_annual_tend6	0.00188378802048164	0.00529312010033856	0.00468178493050476
ratio_deuda_acumulada_antiguedad_rank	0.00187870105674952	0.000184912098889361	0.000731528895391368
mv_status01	0.00185093079064083	0.000736001133290445	0.000585223116313094
total_comisiones	0.00183788184557141	0.00266554220614764	0.00321872713972202
cpayroll_trx_ratioavg6	0.00183202478040203	0.00472195063323153	0.00204828090709583
thomebanking	0.00180777103927263	0.00316452866474802	0.0021945866861741
mcuentas_saldo_min6	0.00177948785239685	0.0109288041865456	0.00409656181419166
total_deuda_acumulada_delta6	0.00177865320411975	0.00376848251178314	0.00190197512801756
total_comisiones_lag2	0.00176979282806308	0.00269481046132844	0.00336503291880029
mtransferencias_recibidas	0.00176080235120821	0.000522353525394121	0.00131675201170446
mcaja_ahorro_dolares_ratioavg6	0.00174774574377978	0.00539656301510664	0.00512070226773958
mrentabilidad_annual_sobre_antiguedad_lag6	0.00174449689091121	0.00350562554961476	0.00409656181419166
total_deuda_acumulada_delta2	0.00172347246406627	0.00657475986486705	0.00204828090709583
mcomisiones_mantenimiento_max6	0.00171895532294131	0.00316524172501146	0.00307242136064375
ccaja_ahorro	0.00170668386481242	0.0104944275446885	0.00292611558156547
ccomisiones_mantenimiento_ratioavg6	0.00165735711331742	0.00144395522955242	0.00131675201170446
mv_cconsumos_delta6	0.00164231830485851	0.00170586144470288	0.00204828090709583
mpayroll_rank	0.00163251724485724	0.000559727718512134	0.00160936356986101
exp_totalcomisiones_rank	0.00162761561907597	0.00374221402736576	0.00365764447695684
cpagomiscuentas_ratioavg6	0.00158192274189402	0.00516446599740579	0.0021945866861741
mv_mpagospesos_delta6	0.00157455522982148	0.0025857860058776	0.00263350402340892
exp_totalcomisiones_lag1	0.00157325157751439	0.00261832450295622	0.00321872713972202
mcomisiones_sobre_antiguedad	0.00154904754247211	0.00544881312061702	0.00263350402340892
mtarjeta_visa_debitos_automaticos_delta6	0.00152664331002828	0.00273289771470988	0.00248719824433065
ctarjeta_visa_trx_ratioavg6	0.00152569560715647	0.00112168477485938	0.00190197512801756
Visa_msaldopesos	0.00152400170332662	0.00461240162770184	0.00336503291880029
Visa_Fvencimiento_tend6	0.00151447342152435	0.00314603827446858	0.00380395025603511
cproductos_sobre_antiguedad_delta6	0.0014953725438695	0.00728884464017557	0.00409656181419166
mcomisiones_sobre_ctrx_q	0.00149417860289954	0.0015437508820535	0.00321872713972202
total_comisiones_rank	0.00147612412782145	0.00197766034649664	0.00263350402340892
tcallcenter_tend6	0.00146999090339236	0.00470555024717251	0.00204828090709583
mcomisiones_mantenimiento_delta6	0.00146181791130853	0.00093691200958471	0.00146305779078274
cproductos_rank	0.0014439972536984	0.00317513441165476	0.00365764447695684
mprestamos_personales_avg6	0.00141826539438192	0.000472037698299498	0.000438917337234821
mrentabilidad_annual_sobre_ctrx_q_delta1	0.00134994708108672	0.0026559855593986	0.00336503291880029
ratio_totalcomisiones_antiguedad_lag6	0.00125614288335826	0.00144650421509183	0.00190197512801756
mcuenta_corriente_min6	0.00124850103058224	0.0017286875692278	0.00336503291880029
mcuentas_saldo_rank	0.00124546010876514	0.00105182945732762	0.0021945866861741
mcuentas_saldo_delta6	0.00124420398928435	0.00142888261088048	0.00307242136064375
cliente_edad_lag6	0.00124231106325406	0.00427700102884761	0.00468178493050476
rf_033_051	0.00121123260793448	0.00154128385746391	0.00102414045354792
ctarjeta_visa_debitos_automaticos_tend6	0.00119774131737544	0.00310406607206566	0.00336503291880029
ratio_deuda_acumulada_antiguedad	0.00119598545832513	0.00342371377636445	0.00204828090709583
mcaja_ahorro_ratiomax6	0.00119467665429358	0.00126383784622754	0.00234089246525238
ctarjeta_visa_trx	0.00119230308609235	0.00216515421530533	0.00248719824433065
mcomisiones_otras_min6	0.00118673807712269	0.00259776050064633	0.00248719824433065
ratio_deuda_acumulada_cproductos_sobre_ctrx_q_lag6	0.001170386657397	7.29944219098732e-05	0.000146305779078274
total_mcaja_ahorro_rank	0.00116889279619103	0.00390779973428752	0.00351133869787857
Master_Fvencimiento_lag6	0.00116534311572643	0.00286508433457991	0.00409656181419166
mcaja_ahorro_dolares_rank	0.00115980715246653	0.00235291035915346	0.00160936356986101
mtarjeta_visa_debitos_automaticos_ratiomax6	0.00113708878347892	0.00095062407648963	0.00160936356986101
ctarjeta_visa_debitos_automaticos_ratioavg6	0.00111609707123301	0.00170198469177638	0.00160936356986101
Visa_mpagominimo_ratioavg6	0.00110584344518567	0.00775023561109343	0.00380395025603511
mcaja_ahorro	0.00109880154266857	0.000906463516726505	0.00190197512801756
mcomisiones_avg6	0.00109545036160813	0.00278853280744784	0.00204828090709583
mcuenta_corriente_ratiomax6	0.00109241365256459	0.00581616209771117	0.00424286759326993
mcuenta_corriente_tend6	0.00108806960227198	0.00179673974586352	0.00263350402340892
total_mcaja_ahorro_lag6	0.00105437293166414	0.00226101574221504	0.00336503291880029
mpayroll_min6	0.00102908644618517	0.00965004125135585	0.00848573518653987
Visa_msaldototal	0.00101059858467276	0.00200210110173302	0.00102414045354792
cliente_edad_lag2	0.00101028989720815	0.00262943021165686	0.00336503291880029
cliente_edad_min6	0.00100966950332871	0.00740351620506902	0.00336503291880029
mcuenta_debitos_automaticos_delta6	0.000989137037365771	0.00221688796683185	0.00160936356986101
mrentabilidad_annual_ratiomax6	0.000978247978559231	0.0016946819711474	0.00234089246525238
mrentabilidad_annual_exp_lag6	0.000972246741440904	0.000796930903386785	0.0021945866861741
mcuenta_debitos_automaticos_rank	0.000959512106195071	0.00216930143936624	0.00190197512801756
mrentabilidad_annual_sobre_ctrx_q	0.000947075308374601	0.00064936840933049	0.00175566934893928
mdescubierto_preacordado_delta1	0.000920416004361627	0.00626968481744629	0.00117044623262619
ctarjeta_debito_trx_avg6	0.000915201274860583	0.00194976083917784	0.00380395025603511
mcaja_ahorro_dolares_lag6	0.000911299207808808	0.00206371114771287	0.0021945866861741
Visa_mpagospesos_tend6	0.000909906130527492	0.00234975486258538	0.0027798098024872
mactivos_margen_ratioavg6	0.00090799867141325	0.00144366017013306	0.00292611558156547
mtarjeta_visa_debitos_automaticos_tend6	0.000904642657588472	0.00293406266994859	0.00248719824433065
mpasivos_margen_avg6	0.000902630450318418	0.00146125718605946	0.00146305779078274
Visa_mpagominimo_min6	0.000900531032303638	0.00300981917586741	0.00424286759326993
mrentabilidad_annual_sobre_antiguedad_lag2	0.000895967627112476	0.0035034208000646	0.00365764447695684
ctransferencias_recibidas_ratiomax6	0.000884313767279362	0.00174635015391406	0.00365764447695684
ratio_total_mcaja_ahorro_ctrx_q_lag6	0.000883666161779706	0.00110082571313014	0.00307242136064375
mrentabilidad_annual_exp_delta6	0.000875974186572796	0.00263716732531989	0.00190197512801756
mcomisiones_min6	0.000869700954103318	0.00112242242340776	0.00117044623262619
mrentabilidad_annual_por_edad_lag6	0.000852401467307122	0.000564555218456544	0.00160936356986101
cproductos_sobre_edad_rank	0.000842060918295657	0.0106065419279476	0.00790051207022678
total_deuda_acumulada_lag1	0.000835671557722331	0.000338433153997584	0.000292611558156547
mtransferencias_emitidas_max6	0.000832417467268296	0.00544675590077653	0.00629114850036577
mcaja_ahorro_ratioavg6	0.000828971201880319	0.00181635300115549	0.00263350402340892
tcallcenter_ratioavg6	0.000826341285614691	0.00208586519244927	0.00131675201170446
mv_msaldototal_rank	0.000822822734766871	0.00051541143294435	0.000877834674469642
mcuenta_debitos_automaticos_ratiomax6	0.000809819380162911	0.00542829829487702	0.00234089246525238
ratio_total_mcaja_ahorro_antiguedad	0.000804469491384936	0.00225954864121326	0.0027798098024872
mautoservicio_ratioavg6	0.000803083488080255	0.00152830943910737	0.00146305779078274
mpasivos_margen_por_edad	0.000782317136261266	0.00187622547499915	0.00117044623262619
ratio_totalcomisiones_ctrx	0.000773648905849745	0.00359455318016968	0.00380395025603511
mcuentas_saldo_ratiomax6	0.000756827949787433	0.00234394383124313	0.00453547915142648
cliente_edad_rank	0.000752277372067164	0.00208325063815	0.00248719824433065
mcomisiones_por_edad_lag6	0.000748116283298233	0.00165389000642189	0.0021945866861741
mtransferencias_emitidas_avg6	0.000741722845107901	0.00381956877180607	0.00453547915142648
mcomisiones_sobre_antiguedad_lag1	0.000739667185662298	0.00179942806501762	0.00146305779078274
chomebanking_trx_delta1	0.000734739304553932	0.00334299863298151	0.00204828090709583
mrentabilidad_exp	0.000734396440087087	0.000685832835905499	0.00204828090709583
mvr_msaldopesos_delta6	0.00073185123865919	0.00644266340204183	0.00160936356986101
mtarjeta_visa_debitos_automaticos_delta2	0.000729361131433081	0.00479420740659302	0.00117044623262619
Visa_fechaalta_tend6	0.000727752518181122	0.000915610358726439	0.00160936356986101
mcaja_ahorro_delta6	0.000727595592932525	0.00121466127633542	0.00248719824433065
rf_003_050	0.000719264521826015	0.000209361050220728	0.000585223116313094
mcaja_ahorro_delta2	0.000718110691211384	0.00202727130942281	0.00248719824433065
mrentabilidad_min6	0.000715932989708833	0.00160611496877169	0.0027798098024872
mcomisiones_otras_avg6	0.000698372752302449	0.00224036977895533	0.00175566934893928
ctrx_quarter_delta6	0.000696752531828232	0.000957754679123988	0.00190197512801756
thomebanking_max6	0.000683581478169169	0.003452637795556	0.00146305779078274
rf_046_056	0.000680804299746852	0.000622706512353978	0.00131675201170446
Master_fechaalta	0.000680439859377087	0.000940436330426979	0.00190197512801756
total_mcaja_ahorro_lag1	0.000676958156647996	0.00188298725335932	0.00395025603511339
mrentabilidad_annual_sobre_antiguedad_lag1	0.000663708595670345	0.00103901896087072	0.00190197512801756
mdescubierto_preacordado_rank	0.000658015826460497	0.000787669316057102	0.00234089246525238
mtransferencias_emitidas_tend6	0.000654817853220495	0.00367966143046298	0.0027798098024872
mrentabilidad_annual_sobre_ctrx_q_lag6	0.000648314345149808	0.00091029928917809	0.00204828090709583
mrentabilidad_sobre_ctrx_q	0.00064436312495903	0.0021538190159452	0.00248719824433065
mtarjeta_visa_consumo_ratioavg6	0.000643390615855558	0.000644450752341278	0.000877834674469642
mv_mpagominimo	0.000640894845910834	0.0009947190674929	0.00117044623262619
mrentabilidad_annual_max6	0.000640192746808205	0.000759155101614653	0.00190197512801756
Visa_fechaalta_lag6	0.000632519734086053	0.00792812365658319	0.00585223116313094
mrentabilidad_annual_sobre_ctrx_q_lag2	0.000628698905492553	0.00199283131830836	0.00204828090709583
mv_mpagospesos	0.000624614290196604	0.00106427932560531	0.00131675201170446
total_mcaja_ahorro_lag2	0.000619778791601528	0.00133545532418043	0.00234089246525238
mvr_msaldopesos_delta2	0.000619634206292352	0.00582660392271827	0.00146305779078274
cproductos_sobre_antiguedad_delta1	0.00061518776339394	0.000810282342112496	0.00146305779078274
mtransferencias_recibidas_rank	0.000611636670421288	0.000708667156525408	0.00160936356986101
ratio_deuda_acumulada_antiguedad_delta6	0.0006097113735026	0.000860245737122892	0.00102414045354792
Visa_msaldopesos_lag1	0.000609709308808284	0.0011316102458826	0.00160936356986101
mcomisiones_sobre_antiguedad_lag6	0.000598049378928033	0.00270114604274954	0.00292611558156547
cproductos_sobre_edad_lag6	0.000597842705406397	0.00183701535660517	0.00351133869787857
Master_mfinanciacion_limite_lag6	0.000597348047903364	0.000949124191107921	0.0027798098024872
ccallcenter_trx_tend6	0.000594360261177114	0.0047770775680806	0.0027798098024872
mcomisiones_mantenimiento_tend6	0.000593207906728608	0.000613092492940068	0.000877834674469642
mactivos_margen_por_ctrx_q_delta6	0.000592488500746856	0.00255262460558035	0.00175566934893928
ratio_comisiones	0.000583918555656255	0.000490962481612983	0.00117044623262619
mcuenta_corriente_ratioavg6	0.000580869343318877	0.000826502414081914	0.00292611558156547
ccallcenter_trx	0.00057900225385695	0.00391222562557781	0.00160936356986101
mpasivos_margen_por_antiguedad_lag1	0.000574630638887132	0.00035058796285592	0.000877834674469642
mactivos_margen_por_edad_rank	0.000573576251405678	0.00121004687486054	0.00204828090709583
mrentabilidad_annual_por_ctrx_q_lag6	0.000571874426289657	0.00168037978540378	0.00190197512801756
Visa_cconsumos_delta6	0.000569486526638166	0.000816601531343633	0.00102414045354792
Visa_msaldopesos_ratioavg6	0.000561924965001397	0.00209851176700653	0.00248719824433065
ratio_total_mcaja_ahorro_ctrx_q_lag2	0.000557220982708545	0.000749516493915797	0.00190197512801756
mrentabilidad_sobre_antiguedad_rank	0.000555713499279986	0.0020401309824496	0.00234089246525238
mrentabilidad_annual_ratioavg6	0.000555425292623923	0.001482894876812	0.00160936356986101
Master_Fvencimiento_ratioavg6	0.000553058424094362	0.000902922803694272	0.00234089246525238
Visa_cconsumos_delta2	0.000551970405347848	0.00362279692347772	0.00190197512801756
rf_008_046	0.000550803332752563	0.000181395974142074	0.000585223116313094
mactivos_margen_tend6	0.000547254370839404	0.000924708024156482	0.00160936356986101
Master_mlimitecompra_ratioavg6	0.00054429515552757	0.00752394142863984	0.00160936356986101
mvr_mpagominimo_lag2	0.000544219390755301	0.00372378920584618	0.00160936356986101
ctrx_quarter_ratiomax6	0.000543874176850124	0.000632295943482942	0.00131675201170446
thomebanking_avg6	0.000541758934407331	0.00346788253222256	0.00175566934893928
ctarjeta_master_trx_ratioavg6	0.000539352381052276	0.0027799351038117	0.00131675201170446
ratio_total_mcaja_ahorro_antiguedad_rank	0.000525407713574764	0.00129595014636709	0.00146305779078274
mcomisiones_ratiomax6	0.000521748986068786	0.0006936273222334	0.00190197512801756
mrentabilidad_annual_por_edad_delta6	0.000521012820771881	0.00254450227545316	0.00146305779078274
mcuenta_corriente_lag2	0.000520206919682492	0.00111961935892391	0.00131675201170446
ctransferencias_recibidas_avg6	0.00051786416797853	0.000990284980107627	0.00190197512801756
mrentabilidad_annual_sobre_antiguedad_delta6	0.000516918578660198	0.000877187065450728	0.00204828090709583
Visa_mpagospesos_max6	0.000509599037994554	0.00313885849526433	0.00438917337234821
mrentabilidad_annual_exp	0.000506304451597494	0.0010888512183614	0.00248719824433065
cproductos_sobre_antiguedad_delta2	0.000505397449266358	0.00167208533728197	0.00146305779078274
chomebanking_trx_lag6	0.000502845741276152	0.000688168722975375	0.00248719824433065
mactivos_margen_avg6	0.000499844609164821	0.000556834496983481	0.00102414045354792
ratio_totalcomisiones_ctrx_lag1	0.00049776471988704	0.00133356202623958	0.00307242136064375
mcaja_ahorro_max6	0.000497504642375554	0.00114874008439503	0.00204828090709583
cpagomiscuentas_ratiomax6	0.00049523951309231	0.00140496640572295	0.00146305779078274
mcomisiones_por_edad_rank	0.000493453400920605	0.00214045118502952	0.00146305779078274
mrentabilidad_annual_sobre_antiguedad_delta2	0.000493023528509369	0.0060515539455948	0.00160936356986101
mv_cconsumos_delta2	0.000492043113218577	0.00279826976828648	0.00117044623262619
mtarjeta_visa_debitos_automaticos_ratioavg6	0.000488644333283629	0.000807626807338321	0.00146305779078274
Master_Fvencimiento_max6	0.000488313611410147	0.000931125566527404	0.00204828090709583
mpayroll_avg6	0.000484842467861479	0.00201301010415409	0.0021945866861741
ctarjeta_visa_debitos_automaticos_ratiomax6	0.000482205013151309	0.00119744128077819	0.00160936356986101
Master_mlimitecompra_min6	0.000479167813939445	0.000672186337760435	0.00131675201170446
Visa_mpagospesos_ratiomax6	0.000475677321992067	0.00215548282322655	0.00190197512801756
chomebanking_trx_max6	0.000473528885431704	0.00189478963013343	0.00175566934893928
ctarjeta_debito_rank	0.0004734591628962	0.000652933710647669	0.00190197512801756
mcuenta_corriente_lag1	0.000470116404804775	0.000755638976867366	0.00146305779078274
mrentabilidad_annual_sobre_edad_lag6	0.000468429989624662	0.00167081494255976	0.00175566934893928
Master_fechaalta_tend6	0.000458905503241873	0.000648081622418313	0.00146305779078274
tpaquete9_rank	0.000457612668981083	0.000966155676480559	0.00190197512801756
ccallcenter_trx_avg6	0.000456133805178023	0.00152319507583859	0.00263350402340892
mcaja_ahorro_lag6	0.00044933958097919	0.00104955094292262	0.00190197512801756
ratio_total_mcaja_ahorro_antiguedad_delta6	0.000449201227739436	0.00200773181898567	0.00248719824433065
Master_fechaalta_lag6	0.000448160706391055	0.00125318292275091	0.0021945866861741
Visa_mpagominimo_rank	0.000442224148264977	0.000299903311487107	0.00102414045354792
mcaja_ahorro_delta1	0.000441573501974934	0.00142582546745219	0.00131675201170446
cproductos_sobre_edad_lag1	0.000440038015142414	0.00124906848306994	0.00175566934893928
cproductos_sobre_antiguedad_lag1	0.000439057798580257	0.000550916916406462	0.00102414045354792
mrentabilidad_annual_min6	0.000436321135552246	0.000380233238405888	0.00102414045354792
Visa_cconsumos_ratioavg6	0.000435686490166626	0.000485659608159616	0.00131675201170446
mpayroll_tend6	0.000435167064931044	0.00148069012726183	0.00102414045354792
ccaja_ahorro_max6	0.000433035435048376	0.00132669369864465	0.000731528895391368
mcaja_ahorro_min6	0.000430730222563775	0.00260769416776454	0.00321872713972202
Visa_mfinanciacion_limite_lag6	0.000430605389871999	0.000528844832619881	0.00146305779078274
mrentabilidad_sobre_ctrx_q_lag2	0.000424479550741052	0.00056953024811063	0.00131675201170446
mv_mpagominimo_lag2	0.000422026995623822	0.000820281577990561	0.00117044623262619
mcuenta_corriente_lag6	0.000420253916323744	0.00196252215906484	0.00190197512801756
mvr_mpagominimo_lag6	0.000418470143244137	0.000625640714357541	0.00117044623262619
ratio_totalcomisiones_antiguedad_delta1	0.000418154844177648	0.000496568610580685	0.00131675201170446
thomebanking_rank	0.000416244350280785	0.000369955335298435	0.00117044623262619
Master_fechaalta_rank	0.000415802424668896	0.00113844578909761	0.000877834674469642
mv_msaldopesos_delta6	0.000414021181947063	0.00328536369306795	0.00146305779078274
ratio_total_mcaja_ahorro_ctrx_q_lag1	0.000410746922922983	0.000563743805053324	0.00160936356986101
cproductos_sobre_ctrx_q_delta6	0.000409953198878677	0.000927125872176178	0.00160936356986101
ratio_total_mcaja_ahorro_antiguedad_lag6	0.000409834991461917	0.00204467981516462	0.0021945866861741
mtarjeta_visa_debitos_automaticos_lag6	0.00040889062934796	0.000906840537095677	0.00248719824433065
ratio_total_mcaja_ahorro_ctrx_q	0.000408388747975414	0.00269777744771193	0.00292611558156547
thomebanking_ratioavg6	0.000406157479476232	0.00172204053619739	0.00160936356986101
mcomisiones_tend6	0.00040495992482842	0.000413853620022136	0.00146305779078274
mrentabilidad_sobre_antiguedad	0.000404365528838679	0.00263218409957082	0.00292611558156547
mcomisiones_sobre_edad	0.000403934815386713	0.000980252959849634	0.000731528895391368
Master_fechaalta_lag1	0.00040336060849684	0.000775465330628873	0.00117044623262619
Visa_mpagospesos_ratioavg6	0.000398454098961064	0.00216871951662251	0.00175566934893928
mcomisiones_otras_max6	0.000395121272500305	0.000669432449846476	0.00131675201170446
Visa_mfinanciacion_limite	0.000393033695674608	0.00081747851350671	0.00146305779078274
mv_mpagominimo_delta6	0.000392049819292337	0.000642467297355629	0.00146305779078274
mcuentas_saldo_max6	0.000385576079395013	0.000684046087199418	0.00160936356986101
mcuenta_corriente_avg6	0.00038189229331809	0.000604412828354109	0.00131675201170446
Master_mpagospesos_tend6	0.000381687737440913	0.0024483456891241	0.00117044623262619
mpasivos_margen_sobre_ctrx_q_lag6	0.000381399102217214	0.000831141403841738	0.00175566934893928
mv_Fvencimiento_lag2	0.000381138477429088	0.000586914165567495	0.00175566934893928
Visa_mpagospesos_delta6	0.000378103735857313	0.000814732821687733	0.00146305779078274
mcaja_ahorro_dolares_lag1	0.000377812361492841	0.000673973086466515	0.00102414045354792
matm_max6	0.000375590411014077	0.00149364815342841	0.00175566934893928
mv_Fvencimiento	0.000374582754556154	0.000880203228404111	0.00146305779078274
cproductos_sobre_edad	0.000372690985694764	0.0030999434362897	0.00351133869787857
mpasivos_margen_ratioavg6	0.00037235168038599	0.000520533992308112	0.00190197512801756
ratio_totalcomisiones_ctrx_rank	0.000370180009722257	0.000513542723288449	0.00175566934893928
mtarjeta_visa_consumo_delta6	0.000368519505139076	0.000485094077605856	0.00131675201170446
mv_fechaalta_lag6	0.00036692467037841	0.00153521055108223	0.00160936356986101
Visa_msaldopesos_rank	0.000366462965509016	0.000346416150510072	0.000731528895391368
mrentabilidad_annual_lag6	0.000362566294545801	0.000341572258375698	0.00117044623262619
mv_fultimo_cierre	0.000361948728675301	0.00101907786177946	0.00146305779078274
cproductos_sobre_ctrx_q_lag1	0.000354445057167259	0.000938469267631294	0.00190197512801756
mcuenta_corriente	0.000352668917196679	0.000528574361485474	0.000585223116313094
ratio_totalcomisiones_ctrx_delta6	0.000350074769646829	0.000454022681529017	0.00117044623262619
mcomisiones_max6	0.000349570221546871	0.000581127722510189	0.00131675201170446
mcomisiones_otras_rank	0.000345444601098939	0.000482627053016268	0.00117044623262619
mrentabilidad_sobre_ctrx_q_rank	0.000344949928344855	0.000762925305306382	0.00117044623262619
Visa_msaldopesos_ratiomax6	0.000341078655998075	0.00179338754301587	0.00190197512801756
Visa_mpagominimo_max6	0.000341040379766885	0.000562276704051542	0.00175566934893928
ctrx_quarter_normalizado_rank	0.00034072016466091	0.000536163945438825	0.00175566934893928
mtransferencias_emitidas_delta1	0.000338959018866255	0.00202030462868809	0.0021945866861741
mrentabilidad_annual_por_ctrx_q_delta6	0.000338270748544372	0.00118208999487687	0.00146305779078274
ratio_total_mcaja_ahorro_ctrx_q_rank	0.000337096322561769	0.00437563283586124	0.00409656181419166
ccajas_consultas_ratioavg6	0.000334281043043364	0.00345848161127818	0.000877834674469642
ccallcenter_trx_ratioavg6	0.000332163226537005	0.00105374734355341	0.000585223116313094
mrentabilidad_sobre_antiguedad_lag2	0.000331354895397908	0.000490060911164961	0.000877834674469642
Master_fultimo_cierre_min6	0.000329856211741303	0.000952820629944812	0.00160936356986101
mcaja_ahorro_lag2	0.000329544583207238	0.000814331213033614	0.00160936356986101
cproductos_sobre_antiguedad_lag2	0.000328743027118606	0.000776809490205925	0.00131675201170446
mcomisiones_por_ctrx_q_rank	0.000328497290643375	0.000363455831977692	0.000877834674469642
mcaja_ahorro_dolares_ratiomax6	0.000326979011710468	0.00341631270259569	0.00453547915142648
Visa_mpagado_ratioavg6	0.000322583308926137	0.00448995196867046	0.00117044623262619
numero_de_cliente	0.000318274039056361	0.000744025110277843	0.00146305779078274
mcaja_ahorro_dolares_delta2	0.000315306835534215	0.00281397348627203	0.0027798098024872
Visa_mconsumosdolares_lag1	0.000315120131060273	0.00125823171725984	0.00175566934893928
mcomisiones_sobre_edad_lag6	0.000312761533073148	0.000921913155767613	0.00117044623262619
mpasivos_margen_tend6	0.00031206161728772	0.000466669256086275	0.00160936356986101
chomebanking_trx_ratioavg6	0.000310849262733778	0.00284539731443309	0.00175566934893928
Visa_mpagominimo_lag6	0.000305973463481303	0.000668662016918166	0.00146305779078274
mcomisiones_otras	0.000305473873539923	0.000484102350113032	0.000585223116313094
chomebanking_trx_ratiomax6	0.000302944507308052	0.000387978548163897	0.00146305779078274
mactivos_margen_por_ctrx_q	0.000302599684190432	0.00088449798217469	0.000731528895391368
mvr_msaldopesos2_lag6	0.000300996393672491	0.000443621836996833	0.00160936356986101
ratio_totalcomisiones_ctrx_lag2	0.000299992272409164	0.00062446047668013	0.00117044623262619
mtransferencias_emitidas_ratiomax6	0.000294751342437076	0.000223417353114893	0.000731528895391368
ratio_total_mcaja_ahorro_antiguedad_delta2	0.000294201390700073	0.000569079462886619	0.00102414045354792
mrentabilidad_sobre_ctrx_q_delta1	0.000292952198869805	0.000781694362815209	0.00131675201170446
mpayroll_delta2	0.000291861117371476	0.00215369607452047	0.00117044623262619
mactivos_margen_por_antiguedad_lag6	0.000288014928647175	0.000629050289870062	0.00131675201170446
mactivos_margen_por_edad	0.000287212841548179	0.000524836942173673	0.000877834674469642
mcomisiones_sobre_antiguedad_rank	0.00028704001466305	0.000536278690768573	0.000438917337234821
total_deuda_acumulada_rank	0.000285261168194374	0.000673407555912756	0.00160936356986101
mrentabilidad_max6	0.000284252089276654	0.000692496261125881	0.00146305779078274
ccallcenter_trx_rank	0.000283913755117971	0.000808741476255876	0.00131675201170446
mautoservicio_ratiomax6	0.000282869603611178	0.000732460420258213	0.000877834674469642
mtransferencias_recibidas_delta6	0.000281280288329337	0.000514788529725716	0.00131675201170446
mrentabilidad_sobre_ctrx_q_delta6	0.000280945660065825	0.000216270358290571	0.000731528895391368
mrentabilidad_exp_lag6	0.000280671587306292	0.000340055980804024	0.000877834674469642
Visa_mconsumosdolares_max6	0.000280387817236042	0.000482856543675765	0.00131675201170446
mactivos_margen_sobre_edad	0.000278516368611065	0.00104435461870401	0.000585223116313094
mcuentas_saldo_delta1	0.00027821087205064	0.000343998302490376	0.00102414045354792
mrentabilidad_tend6	0.000276624486334706	0.000486733296602261	0.00131675201170446
Visa_mlimitecompra_lag6	0.000276374432276459	0.00051220675980638	0.000877834674469642
Master_Fvencimiento_tend6	0.000275552392570508	0.000501601012899645	0.00102414045354792
mcaja_ahorro_tend6	0.000275119810409952	0.00105044431727566	0.00190197512801756
mcaja_ahorro_lag1	0.000274911935849443	0.000564735532546148	0.00117044623262619
mcomisiones	0.000272806996705383	0.000446301960055954	0.000438917337234821
mactivos_margen_sobre_antiguedad_delta6	0.000272775858666055	0.000434786446606215	0.00102414045354792
cliente_antiguedad_lag6	0.000272700817588912	0.000513477154528593	0.00102414045354792
mactivos_margen_sobre_edad_lag2	0.00027248265710453	0.000867327163187357	0.00146305779078274
Master_Fvencimiento_avg6	0.000271426073553393	0.000410878437543662	0.00102414045354792
Visa_mpagominimo_lag2	0.000268633878963494	0.000216376907525337	0.000877834674469642
Master_fultimo_cierre_avg6	0.000268375666537256	0.000686308209414456	0.00117044623262619
mrentabilidad_annual_sobre_ctrx_q_delta6	0.000268012203209743	0.000322713043822069	0.000877834674469642
mrentabilidad_annual_por_antiguedad_lag6	0.00026609761150048	0.000283855357512311	0.00102414045354792
mcomisiones_por_edad_lag1	0.000265803322073464	0.00192659047866367	0.00102414045354792
mactivos_margen_por_antiguedad	0.000263722857177654	0.000359628255621089	0.000877834674469642
chomebanking_trx_delta6	0.000263579734527664	0.000271872666648597	0.000877834674469642
cliente_antiguedad_ratioavg6	0.00026305004635023	0.000778202826352868	0.000731528895391368
Visa_mpagominimo	0.000262679573653386	0.000224736924406998	0.000731528895391368
ctarjeta_visa_trx_delta6	0.000261109097612409	0.000902480214565243	0.000731528895391368
mrentabilidad_sobre_edad_rank	0.000260760908213515	0.0003600790408451	0.00117044623262619
mtransferencias_emitidas_delta2	0.000260425160694104	0.00155169289809107	0.00190197512801756
Visa_msaldototal_max6	0.000259828793805945	0.000945353987416191	0.00204828090709583
mpasivos_margen_sobre_antiguedad_lag6	0.000259699405228086	0.000857344319499257	0.00146305779078274
ratio_comisiones_rank	0.000257781054985263	0.000774063798386948	0.00146305779078274
mcomisiones_otras_lag6	0.000257444868413285	0.000196870201468129	0.000731528895391368
mvr_Visa_mlimitecompra	0.000255371731951055	0.000307320777445835	0.00102414045354792
ccomisiones_otras_tend6	0.000253855570156396	0.000568194284628561	0.00117044623262619
ratio_comisiones_lag6	0.000253464809914453	0.000506707180073444	0.00146305779078274
Master_fechaalta_min6	0.000252371272141034	0.00034332622270185	0.00117044623262619
Master_msaldototal_avg6	0.000252305670319547	0.000265430535992729	0.000877834674469642
ratio_total_mcaja_ahorro_antiguedad_delta1	0.000251379222088948	0.000425967448405562	0.000877834674469642
mvr_mpagado_rank	0.000250840661479537	0.00221548643458992	0.00204828090709583
mactivos_margen	0.00024979044076879	0.000865892846565504	0.00102414045354792
mcomisiones_sobre_ctrx_q_delta6	0.000249723088003395	0.00044393328860615	0.00146305779078274
mrentabilidad_sobre_ctrx_q_delta2	0.000249325636871022	0.00283491450895109	0.00263350402340892
Visa_fultimo_cierre_avg6	0.000248531283485563	0.000397707312907555	0.000877834674469642
Visa_fechaalta_lag1	0.000247597544725238	0.000897242909871732	0.00146305779078274
mcomisiones_mantenimiento_ratioavg6	0.000247314554372828	0.000873375881284088	0.000731528895391368
mrentabilidad_ratiomax6	0.000246644374842755	0.00172854003951813	0.00102414045354792
mplazo_fijo_dolares_delta6	0.000245206721788555	0.00101261114283865	0.000438917337234821
mrentabilidad_annual_sobre_ctrx_q_lag1	0.000243624933411901	0.000227499008415939	0.00102414045354792
mv_status01_rank	0.000242657383283444	0.000422328382233545	0.00102414045354792
ctrx_quarter_delta1	0.00024237080363995	0.00115996873452039	0.00102414045354792
mcomisiones_sobre_edad_lag2	0.000241586583717729	0.000813126387071257	0.00102414045354792
cproductos_avg6	0.000240619524890675	0.000322254062503076	0.000731528895391368
Visa_fultimo_cierre_ratioavg6	0.000235473149947206	0.000563301215924295	0.00131675201170446
Visa_mfinanciacion_limite_lag2	0.000235167926684517	0.000414665033425356	0.000877834674469642
mcuenta_corriente_delta2	0.000233972213283891	0.000242112645768881	0.000731528895391368
cextraccion_autoservicio_rank	0.000233942083454868	0.000449006671400021	0.00175566934893928
mv_mpagominimo_delta2	0.0002338770676004	0.00163226051176433	0.000585223116313094
mvr_msaldototal_lag1	0.000232927750053949	0.000391593026050968	0.000731528895391368
mcomisiones_sobre_edad_delta6	0.000231756747167831	0.00067516971633389	0.00102414045354792
matm_other_avg6	0.000229618129383844	0.000851967681191051	0.00102414045354792
cextraccion_autoservicio_tend6	0.000226907440518285	0.00118031144226577	0.000877834674469642
mcomisiones_lag6	0.000225517592699552	0.00077423591638157	0.000877834674469642
mpayroll_max6	0.000224950352257441	0.00336060384500289	0.000877834674469642
ctarjeta_visa_trx_ratiomax6	0.000224884373742291	0.00116330454517808	0.00102414045354792
mpasivos_margen_por_ctrx_q_rank	0.000224854290383514	0.000413017618333969	0.00117044623262619
mrentabilidad_por_edad_lag1	0.000224480067133208	0.000641598511287535	0.000877834674469642
mcomisiones_otras_lag1	0.000224245412926499	0.000225359827625632	0.000585223116313094
mcomisiones_lag1	0.000223969515689292	0.000475701352756461	0.000877834674469642
Visa_cconsumos_avg6	0.000222201332619567	0.00035452208844729	0.000731528895391368
ctarjeta_visa_debitos_automaticos_avg6	0.000222157767549753	0.00373657511401813	0.00117044623262619
mv_mlimitecompra_lag6	0.000221076394466278	0.000342441044443792	0.000585223116313094
Visa_mpagospesos_lag6	0.000220087388572504	0.000514944255530375	0.00117044623262619
mrentabilidad_por_antiguedad_delta1	0.00021974527549268	0.000544532158415468	0.00102414045354792
mrentabilidad_sobre_antiguedad_lag1	0.000219072254578276	0.00131593222593326	0.00117044623262619
Master_mlimitecompra_rank	0.000218196813491797	0.000407231175276663	0.000731528895391368
cmobile_app_trx_lag1	0.000217230349302603	0.000315926677176956	0.00102414045354792
mrentabilidad_annual_sobre_antiguedad_rank	0.000216101700854347	0.000830510304528122	0.00117044623262619
Visa_mpagado_max6	0.000215414531270285	0.000980867666973285	0.00117044623262619
mrentabilidad_annual_sobre_edad_delta2	0.000215322219804424	0.000414910916274816	0.000585223116313094
mactivos_margen_min6	0.000214677793549209	0.00080543025388314	0.00146305779078274
mrentabilidad_annual_por_edad	0.000211849077900949	0.000242038880914043	0.00102414045354792
mactivos_margen_por_edad_lag1	0.000211459440763136	0.000387347448850282	0.00102414045354792
mvr_Master_mlimitecompra_lag1	0.000210887062618185	0.00051618186587266	0.000877834674469642
mpayroll_delta6	0.000210257935761977	0.000727387037464342	0.000585223116313094
Master_mlimitecompra	0.000209850989540929	0.000422492304133185	0.000877834674469642
mactivos_margen_por_ctrx_q_rank	0.000208940299844943	0.000709339236313933	0.000585223116313094
mv_mfinanciacion_limite_lag6	0.000208665167433491	0.000210147875339002	0.000585223116313094
mrentabilidad_annual_por_edad_lag2	0.000208231405401739	0.000431081811674342	0.00117044623262619
Visa_mpagominimo_avg6	0.000208123539362923	0.000434950368505856	0.00102414045354792
mactivos_margen_sobre_antiguedad_lag6	0.00020779795881812	0.000251882390987449	0.000731528895391368
cextraccion_autoservicio_ratioavg6	0.000205764205783384	0.000472750758562934	0.00131675201170446
mactivos_margen_ratiomax6	0.000203672933546259	0.000685865620285427	0.00160936356986101
Visa_msaldototal_delta6	0.000202108080338027	0.000299149270748761	0.000877834674469642
Visa_mconsumosdolares_min6	0.000201330766282481	0.000934543338134906	0.000877834674469642
mpagomiscuentas_avg6	0.00020035780413368	0.000451522872559501	0.00117044623262619
mactivos_margen_sobre_ctrx_q_rank	0.000200306053870321	0.000504649960232957	0.00102414045354792
Master_msaldopesos_ratiomax6	0.000198356170289325	0.000645172008699696	0.000585223116313094
ccajas_consultas_tend6	0.000198032903037914	0.00412374224877881	0.000877834674469642
mrentabilidad_rank	0.000196794692830764	0.000151340893843006	0.000438917337234821
Master_mpagospesos_lag1	0.000196331312780054	0.000823805898832829	0.000877834674469642
mtransferencias_recibidas_lag1	0.00019215732019081	0.000956451500021847	0.000585223116313094
ctransferencias_emitidas_tend6	0.000191506161367355	0.000390650475128036	0.000731528895391368
ctarjeta_visa_trx_rank	0.000191294037001131	0.000182412289919845	0.000585223116313094
cforex_sell_avg6	0.000190617960947763	0.000286428931336665	0.000438917337234821
mrentabilidad_annual_delta1	0.000190060283093728	0.000204467981516462	0.000731528895391368
rf_041_040	0.000188767747058328	0.000399158021719373	0.000731528895391368
Visa_msaldototal_ratiomax6	0.000186014979179459	0.000435122486500478	0.000877834674469642
mpayroll_sobre_edad_delta2	0.000185957189398651	0.00253390472464141	0.000585223116313094
Visa_mfinanciacion_limite_max6	0.000185910615475994	0.000295182360777463	0.000585223116313094
mactivos_margen_delta1	0.000185369035447815	0.000500068343138008	0.000731528895391368
ctransferencias_emitidas_delta6	0.000185097914122539	0.000395904172011511	0.000585223116313094
mactivos_margen_por_antiguedad_rank	0.000183234799492207	0.000194370392498613	0.000585223116313094
mv_mpagominimo_rank	0.000182199758873065	0.000281445705587597	0.000292611558156547
mcomisiones_otras_ratioavg6	0.000180700358659709	0.000123703661563633	0.000438917337234821
mtransferencias_recibidas_lag2	0.000179667324943345	0.000228171088204465	0.00102414045354792
mpasivos_margen_sobre_antiguedad_lag2	0.000178458156954669	0.000324827636327431	0.000585223116313094
mvr_msaldopesos2_lag1	0.000177574128188284	0.000589577896436652	0.00131675201170446
mrentabilidad_sobre_edad	0.00017565950202326	0.000863835626725017	0.00131675201170446
Visa_mconsumospesos_avg6	0.000173707508408398	0.000359816765805675	0.000731528895391368
ctransferencias_recibidas_rank	0.000172431210813485	0.000338810174366757	0.000731528895391368
mv_fechaalta_lag1	0.000171976341403843	0.000219934012747534	0.000585223116313094
Master_mpagominimo_max6	0.00017144772466231	0.000624960438474034	0.000585223116313094
ccomisiones_mantenimiento	0.000171236842146496	0.00313045749790776	0.000585223116313094
mcomisiones_mantenimiento_lag6	0.000169484204386836	0.000771900029311695	0.000731528895391368
mpasivos_margen_sobre_ctrx_q_rank	0.000169028471347283	0.000162733465868014	0.000731528895391368
mcomisiones_sobre_antiguedad_lag2	0.0001687131442265	0.000915675927486295	0.000877834674469642
cproductos_sobre_edad_lag2	0.000168302569500521	0.00086421264709419	0.00175566934893928
mcomisiones_sobre_ctrx_q_rank	0.000168029104467458	0.000290412233497927	0.000877834674469642
cprestamos_personales_rank	0.000167727535145646	0.000322475357067591	0.000877834674469642
mcomisiones_delta2	0.000167660674191537	0.000343449164126581	0.000877834674469642
ratio_totalcomisiones_antiguedad_delta6	0.000167542540112031	0.000448875533880308	0.000877834674469642
mplazo_fijo_dolares_ratiomax6	0.000166808988224728	0.000626755383275096	0.000438917337234821
mcomisiones_lag2	0.000165696841413925	0.00017407686132313	0.000731528895391368
Master_Fvencimiento_lag2	0.00016551950064315	0.000218524284410627	0.000731528895391368
Visa_mconsumosdolares_lag6	0.000164549755521432	0.000408067176964829	0.00102414045354792
ccajas_extracciones_avg6	0.000163902201690005	0.00138526299338617	0.000438917337234821
cliente_edad_avg6	0.000163136236288958	0.000603814513420421	0.000731528895391368
mv_cconsumos_lag6	0.000160697584953274	0.000378962843683675	0.000877834674469642
mcomisiones_mantenimiento_lag1	0.000160621615434319	0.000115646900196307	0.000438917337234821
ratio_deuda_acumulada_cproductos_sobre_ctrx_q_lag1	0.000160180062377552	0.00162831819007798	0.000438917337234821
mcomisiones_por_edad_lag2	0.000159300361813569	0.000448113297046981	0.00102414045354792
mtransferencias_recibidas_tend6	0.00015897596886612	0.000594413592476044	0.000877834674469642
cpayroll_trx_avg6	0.000158784610463296	0.000904521042215766	0.000877834674469642
mrentabilidad_sobre_ctrx_q_lag6	0.000158539206337954	0.000504043449204287	0.000731528895391368
Visa_fechaalta_rank	0.000158169915515489	0.000608789543074508	0.000585223116313094
Visa_cconsumos_lag6	0.000150485940588518	0.00025837369821321	0.000585223116313094
mtarjeta_visa_debitos_automaticos_max6	0.000150477549033652	0.000378872686638873	0.00102414045354792
cproductos_sobre_ctrx_q_lag6	0.000150417295163046	0.000923355668484449	0.00146305779078274
chomebanking_trx	0.000147974581857353	0.000430090084181518	0.000438917337234821
mactivos_margen_sobre_antiguedad_delta1	0.000147002480222507	0.000326220972474374	0.000731528895391368
mcomisiones_por_antiguedad_delta6	0.000146569091822299	0.000264504377259761	0.000585223116313094
mrentabilidad_annual_por_ctrx_q_lag2	0.000145764149711099	0.000560498151440444	0.00131675201170446
cproductos_sobre_ctrx_q	0.000144254801154219	0.000302157237607162	0.000585223116313094
mcaja_ahorro_avg6	0.000144067193022598	0.000179346950396569	0.000731528895391368
ccomisiones_otras_avg6	0.000143961405096796	0.000341695199800428	0.000877834674469642
mpasivos_margen_sobre_edad_rank	0.000143489752411001	0.000510501972050119	0.000438917337234821
chomebanking_trx_min6	0.000143070273925109	0.000385486935289363	0.000731528895391368
mactivos_margen_sobre_antiguedad_rank	0.00014249562351117	0.000445343016943058	0.000731528895391368
ctrx_quarter_ratioavg6	0.000141796901817032	0.000204246686951947	0.000585223116313094
Visa_mfinanciacion_limite_rank	0.000140598513452494	0.00039651068304018	0.000585223116313094
mpasivos_margen_sobre_edad_lag6	0.000136745444129095	0.000397027037024048	0.00102414045354792
mvr_Master_mlimitecompra_lag2	0.000136147733368866	0.000364963913454384	0.000438917337234821
ccomisiones_mantenimiento_avg6	0.000132059369651275	0.0007146421097673	0.000438917337234821
ctrx_quarter_rank	0.00013203103801258	0.000261996372195262	0.000877834674469642
mpasivos_margen_sobre_antiguedad_lag1	0.000131433985115808	0.000304698027051589	0.000585223116313094
chomebanking_trx_tend6	0.000130007431028826	0.00110780058995983	0.00146305779078274
mrentabilidad_annual_lag2	0.000128130246508125	6.85275501446721e-05	0.000292611558156547
mcaja_ahorro_dolares_lag2	0.000128013634035294	0.00051066589394976	0.000731528895391368
mcomisiones_rank	0.000127861146588991	0.000115409213441829	0.000438917337234821
mdescubierto_preacordado_delta6	0.000127339246717191	0.000432352206396555	0.000146305779078274
ccomisiones_otras_lag6	0.00012643184792479	0.000440474536523738	0.000731528895391368
ctarjeta_debito_avg6	0.000123958609922126	0.000186272650656376	0.000585223116313094
mv_fechaalta_delta2	0.000123355492127086	0.000329163370572919	0.000146305779078274
ccuenta_debitos_automaticos_ratioavg6	0.000123005901492368	0.000282945590969307	0.000877834674469642
mrentabilidad_annual_exp_lag2	0.000121977577516343	0.000153422701968439	0.000585223116313094
mcomisiones_por_edad	0.000121962377086039	0.000130932617337775	0.000438917337234821
mcuenta_debitos_automaticos	0.000121608435215972	0.000987613053143488	0.000585223116313094
mactivos_margen_por_edad_delta6	0.00011969255372722	0.000180478011504088	0.000438917337234821
Visa_cconsumos_lag2	0.000119166405276683	0.00024405512027962	0.000731528895391368
ctarjeta_master_trx_rank	0.000117838309262715	0.000153635800437971	0.000438917337234821
mv_fultimo_cierre_rank	0.000117438285224624	0.000141562952529455	0.000585223116313094
mrentabilidad_annual_por_ctrx_q_rank	0.000116991438440565	0.000125137978185487	0.000438917337234821
mrentabilidad_annual_sobre_antiguedad_delta1	0.000116350023043986	0.000521427366661153	0.000585223116313094
mrentabilidad_annual_avg6	0.000114330107690021	9.69352153523547e-05	0.000292611558156547
mrentabilidad_annual_sobre_ctrx_q_rank	0.000114053236687996	0.000131891560450671	0.000585223116313094
ratio_total_mcaja_ahorro_ctrx_q_delta6	0.000113746335822506	0.000346694817739461	0.000731528895391368
chomebanking_trx_avg6	0.000113608929471935	0.000822150287646461	0.000877834674469642
Visa_mconsumospesos_lag2	0.000113585059253579	0.00027955240764675	0.000731528895391368
mcomisiones_por_antiguedad_rank	0.000112634258525866	0.000152275248670956	0.000292611558156547
rf_017_048	0.000112136760561383	6.67653897235378e-05	0.000292611558156547
cmobile_app_trx_delta6	0.000111467399564827	0.000142997269151309	0.000438917337234821
mactivos_margen_sobre_ctrx_q	0.000111295367931167	0.000516731004236455	0.000731528895391368
ctotal_comisiones_rank	0.000110987702098289	0.00022226989981741	0.000731528895391368
mrentabilidad_annual_exp_delta1	0.000108845733357732	0.000270389173456851	0.000585223116313094
mcuenta_corriente_delta1	0.000106193362399263	8.45509158345219e-05	0.000292611558156547
mtarjeta_visa_consumo_rank	0.000104654020332264	0.0003567514262824	0.000877834674469642
mv_fechaalta	0.000104002383328478	0.000217868596812065	0.000585223116313094
mv_mconsumospesos_delta2	0.000103951072824242	0.000802135423700368	0.000438917337234821
mtransferencias_emitidas_lag2	0.000102980822145619	0.000430876909299792	0.000877834674469642
mforex_sell_max6	0.000101586148141825	0.000313459652587368	0.000292611558156547
mcomisiones_sobre_edad_rank	9.63072668532038e-05	0.000119826908637138	0.000438917337234821
mcaja_ahorro_dolares_delta6	9.63044891862456e-05	0.00032121315844036	0.000877834674469642
mtransferencias_emitidas_rank	9.61935498149252e-05	0.000327696269571138	0.00102414045354792
mvr_mpagospesos_delta2	9.52510123471028e-05	0.00148834527997504	0.000731528895391368
mrentabilidad_delta2	9.41857023040741e-05	0.000255660790774161	0.000292611558156547
Visa_fechaalta_ratioavg6	9.2709247309138e-05	0.002338985193779	0.00321872713972202
mrentabilidad_annual_sobre_antiguedad	9.23598222950461e-05	0.000828682575347131	0.0021945866861741
mv_mpagospesos_delta2	9.1688839683675e-05	0.000221040485570107	0.000292611558156547
mvr_msaldototal_rank	9.00843889228519e-05	0.000250267760275991	0.000585223116313094
rf_028_041	8.95817389517826e-05	0.000779350279650351	0.000731528895391368
mrentabilidad_annual_por_ctrx_q_delta2	8.71678442901421e-05	0.000121802167527804	0.000292611558156547
mcomisiones_por_ctrx_q_delta6	8.70277998223578e-05	5.98314933687486e-05	0.000292611558156547
mvr_mpagospesos	8.57136691867354e-05	0.000359964295515352	0.000731528895391368
mtarjeta_visa_consumo_tend6	8.51280089077796e-05	0.000128416416178295	0.000438917337234821
mpasivos_margen_sobre_edad_lag2	8.45467925497234e-05	0.000407681960500674	0.000438917337234821
Visa_msaldopesos_delta1	8.44006616552423e-05	0.000211705133385586	0.000585223116313094
mv_mpagominimo_delta1	8.36736724544656e-05	0.000689373548937732	0.000438917337234821
mrentabilidad_exp_delta6	8.02450612558085e-05	0.000158119064393137	0.000438917337234821
Master_mpagominimo_lag1	8.01396671338294e-05	0.000282929198779342	0.000438917337234821
mvr_mpagominimo	8.00521978081441e-05	9.60254488093504e-05	0.000292611558156547
mcuentas_saldo_delta2	7.81951410510146e-05	0.000380225042310906	0.000731528895391368
mv_fechaalta_rank	7.79785949964533e-05	0.00010304130611396	0.000438917337234821
Visa_mpagominimo_delta1	7.69301854254576e-05	0.00015545533352398	0.000438917337234821
mcomisiones_por_antiguedad_lag1	7.64920533493085e-05	0.00023456404229044	0.000585223116313094
rf_026_029	7.54325283349757e-05	0.000234785336854955	0.000292611558156547
mactivos_margen_sobre_ctrx_q_delta2	7.40843704315957e-05	0.00033103208022882	0.000585223116313094
mcaja_ahorro_dolares	7.39916247146678e-05	6.37656189601183e-05	0.000292611558156547
Master_fechaalta_lag2	7.39231394421241e-05	0.000398485941930847	0.000731528895391368
mrentabilidad_annual_por_antiguedad_delta6	7.38937179535517e-05	0.000129875321085094	0.000438917337234821
Master_Fvencimiento_min6	7.34743435972694e-05	0.000820953657779086	0.000731528895391368
Visa_cconsumos_max6	7.33969659491202e-05	0.000102320049755542	0.000438917337234821
mrentabilidad_annual_sobre_edad_lag1	7.31891446058963e-05	0.000124531467156817	0.000292611558156547
Master_mfinanciacion_limite_lag1	7.29538737796681e-05	0.00012807218018905	0.000438917337234821
Visa_mpagominimo_delta2	7.2657194810381e-05	0.000193296704055968	0.000585223116313094
mactivos_margen_sobre_ctrx_q_delta6	7.23859737744883e-05	0.000163143270617115	0.000438917337234821
ccuenta_debitos_automaticos_ratiomax6	7.23606182710911e-05	0.00010803272795801	0.000146305779078274
ratio_total_mcaja_ahorro_ctrx_q_delta1	7.17380541863899e-05	5.99380426035148e-05	0.000292611558156547
ccomisiones_otras_ratiomax6	7.1431471233472e-05	9.51484666462742e-05	0.000292611558156547
mpasivos_margen_sobre_ctrx_q	6.99508374646619e-05	0.00013067034229835	0.000438917337234821
cmobile_app_trx_rank	6.98022206032115e-05	0.000222122370107734	0.000585223116313094
ratio_deuda_acumulada_cproductos_sobre_ctrx_q_rank	6.91901202412854e-05	0.000147931318330485	0.000438917337234821
rf_009_032	6.8977302886275e-05	9.84678851139925e-05	0.000292611558156547
Master_cconsumos_min6	6.76971080792422e-05	0.000134817566359253	0.000292611558156547
Visa_msaldototal_lag2	6.74438788406809e-05	0.000139931929628033	0.000585223116313094
Visa_fechaalta	6.72651364563775e-05	0.000584455337072889	0.00102414045354792
chomebanking_trx_delta2	6.65225081751123e-05	0.000999415429917597	0.00102414045354792
mvr_mpagominimo_delta1	6.52668061480263e-05	2.74897025696963e-05	0.000146305779078274
mpayroll_sobre_edad_lag6	6.4938760189371e-05	0.000666194992328578	0.00131675201170446
mvr_mpagominimo_delta2	6.48669411936925e-05	3.703815322375e-05	0.000146305779078274
mrentabilidad_sobre_antiguedad_delta6	6.48273832726194e-05	4.71521344315631e-05	0.000146305779078274
ccomisiones_otras_ratioavg6	6.45558981168997e-05	0.000507477613001754	0.000585223116313094
mactivos_margen_rank	6.44327379424612e-05	0.000504190978913964	0.000292611558156547
mtarjeta_master_consumo_ratioavg6	6.32972495277791e-05	9.08946933506057e-05	0.000146305779078274
cprestamos_personales_avg6	6.2899765844267e-05	0.000220409386256491	0.000292611558156547
mrentabilidad_annual_sobre_edad_delta6	6.09194930520921e-05	0.000488036475704402	0.000292611558156547
mrentabilidad_sobre_edad_lag6	5.89647144517178e-05	0.000141079382925516	0.000292611558156547
mcaja_ahorro_dolares_max6	5.85483120383544e-05	8.60835855961597e-05	0.000292611558156547
mpayroll_lag2	5.82860549869139e-05	0.000409665415486323	0.000146305779078274
rf_014_038	5.78221794424221e-05	7.05273973202851e-05	0.000146305779078274
mactivos_margen_sobre_antiguedad	5.72983153847782e-05	0.000183633508072166	0.000292611558156547
Master_mpagominimo_delta6	5.72463617167173e-05	0.000806315432141198	0.000731528895391368
mv_Fvencimiento_delta2	5.71660418865773e-05	0.000354071303223279	0.000292611558156547
mcomisiones_por_antiguedad_lag6	5.55859911940364e-05	0.000171183639794477	0.000438917337234821
mactivos_margen_por_edad_delta2	5.55577431762912e-05	0.000120753067370106	0.000585223116313094
mprestamos_personales	5.48715174885909e-05	2.89240191915498e-05	0.000146305779078274
mforex_sell_avg6	5.43308611433068e-05	6.91914338382158e-05	0.000146305779078274
Visa_fultimo_cierre_min6	5.34102239536033e-05	0.00014498892023194	0.000438917337234821
mpasivos_margen_sobre_antiguedad_delta1	5.17139560048575e-05	0.000190485443477135	0.000292611558156547
mrentabilidad_annual_exp_delta2	5.13247800286469e-05	8.37395024313019e-05	0.000292611558156547
mv_mpagominimo_lag1	5.07731696302278e-05	0.000200246992600721	0.000731528895391368
ratio_deuda_acumulada_cproductos_sobre_ctrx_q_lag2	5.07391850148221e-05	7.22895577414195e-05	0.000292611558156547
mv_fultimo_cierre_lag1	4.93676509770962e-05	0.000120498988425663	0.000438917337234821
ctarjeta_debito_max6	4.8864630857361e-05	0.000104229739886353	0.000146305779078274
rf_005_038	4.84224813498142e-05	7.82317266033842e-05	0.000146305779078274
Visa_cconsumos	4.82337496364909e-05	0.00047687339433889	0.000731528895391368
mrentabilidad_ratioavg6	4.81741957386718e-05	0.000440212261484313	0.000585223116313094
Visa_msaldopesos_delta2	4.75694116999087e-05	7.47483862360256e-05	0.000146305779078274
ctarjeta_visa_descuentos_avg6	4.66665193741586e-05	0.000371258514400576	0.000146305779078274
mrentabilidad	4.63780329917335e-05	0.000157365023654791	0.000585223116313094
rf_001_025	4.43856915890826e-05	0.000571726801565812	0.000146305779078274
mprestamos_personales_tend6	4.06326637404593e-05	0.000219442247048613	0.000146305779078274
cextraccion_autoservicio_avg6	4.03963840240809e-05	0.000119572829692695	0.000292611558156547
mvr_msaldopesos2_delta2	4.00036458860844e-05	0.000138268122346683	0.000438917337234821
Visa_mconsumosdolares_ratioavg6	3.99770436034006e-05	0.000212082153754759	0.000438917337234821
cproductos_sobre_ctrx_q_rank	3.96536799768632e-05	0.00016531523578735	0.000438917337234821
mv_mconsumosdolares_delta2	3.67320387980576e-05	7.12650458686669e-05	0.000146305779078274
rf_030_046	3.58781054807166e-05	0.000615075947925717	0.000731528895391368
mtarjeta_visa_consumo_avg6	3.55421729974934e-05	0.00019030512938753	0.000438917337234821
ratio_deuda_acumulada_cproductos_sobre_ctrx_q_delta2	3.45083549875401e-05	5.69464679350774e-05	0.000292611558156547
Visa_mpagosdolares_ratioavg6	3.31211838706382e-05	0.000228392382768979	0.000292611558156547
ccajas_trx_ratioavg6	3.30844044057316e-05	0.000487282434966056	0.000438917337234821
ratio_totalcomisiones_antiguedad_delta2	3.30669591126953e-05	8.46410728793241e-05	0.000292611558156547
ctransferencias_recibidas	3.28692567541196e-05	3.40055980804024e-05	0.000146305779078274
mpasivos_margen_por_antiguedad_delta6	3.15415935748743e-05	2.72929962901278e-05	0.000146305779078274
mpasivos_margen_por_edad_rank	3.04323581724484e-05	0.000646270285427287	0.000585223116313094
cprestamos_personales_ratioavg6	3.03596656202533e-05	3.88822745947045e-05	0.000146305779078274
mv_fultimo_cierre_lag6	3.03490654752251e-05	3.78003900570779e-05	0.000146305779078274
mrentabilidad_annual_sobre_ctrx_q_delta2	2.99393887695812e-05	0.00111988163396333	0.000877834674469642
mv_mlimitecompra_lag1	2.94097213274234e-05	8.39280126158884e-05	0.000292611558156547
Master_msaldopesos_lag2	2.92743348821778e-05	0.000167724887712064	0.000438917337234821
Master_mpagominimo	2.90828050002779e-05	0.000258873660007113	0.000292611558156547
cproductos_sobre_edad_delta2	2.80362754519274e-05	0.000448359179896441	0.000292611558156547
mpayroll_sobre_edad_lag2	2.71387338251379e-05	5.68645069852572e-05	0.000292611558156547
rf_035_056	2.71383219743204e-05	3.75954876825273e-05	0.000146305779078274
ccallcenter_trx_max6	2.69783426348533e-05	3.13172789262998e-05	0.000146305779078274
ctarjeta_visa_debitos_automaticos_max6	2.63981791302647e-05	7.01585730460942e-05	0.000292611558156547
rf_019_055	2.30409462298885e-05	3.25876736485129e-05	0.000146305779078274
mtarjeta_visa_consumo_ratiomax6	1.59857021734098e-05	3.43826184495754e-05	0.000146305779078274
mcomisiones_mantenimiento_lag2	1.37912310341815e-05	5.40532464064242e-05	0.000146305779078274
ratio_total_mcaja_ahorro_antiguedad_lag1	1.28045845096828e-05	9.60910175692066e-05	0.000292611558156547
Visa_Fvencimiento_ratiomax6	1.02646885999843e-05	0.000187075867964614	0.000146305779078274
mcomisiones_mantenimiento_min6	8.87639955279191e-06	0.000139849968678213	0.000292611558156547
mrentabilidad_annual_por_edad_delta2	8.84265883975014e-06	0.000334376086981484	0.000292611558156547
Master_Fvencimiento_rank	7.46677515298045e-06	0.000183404017412669	0.000146305779078274
mpayroll_delta1	5.80719839064615e-06	9.25503045369738e-05	0.000292611558156547
rf_039_046	5.6090739026823e-06	5.41434034512264e-05	0.000146305779078274
Master_mpagominimo_ratioavg6	3.4696703310509e-06	0.000205279394919682	0.000292611558156547
catm_trx_ratioavg6	1.55658153272185e-06	4.4693305936957e-05	0.000146305779078274
mcuenta_debitos_automaticos_ratioavg6	1.45231935285873e-06	2.75962518044625e-05	0.000146305779078274
mv_msaldodolares_lag1	1.29110178882272e-06	7.78874906141394e-05	0.000146305779078274
rf_020_030	8.81208099279692e-07	2.84814300625207e-05	0.000146305779078274
ccomisiones_otras_min6	3.28203103986278e-07	3.13910437811379e-05	0.000146305779078274
rf_037_047	1.84759569856613e-07	0.000812101875198504	0.00175566934893928
ctarjeta_visa_trx_delta2	1.17999873831028e-07	3.80790572864665e-05	0.000146305779078274
rf_006_039	6.32625349092518e-09	0.000789398692098308	0.00117044623262619
