Feature	Gain	Cover	Frequency
ctrx_quarter_normalizado_rank	0.124267052784145	0.00861688616654418	0.00391341567812156
ctrx_quarter_normalizado	0.0714073780373191	0.00575250254296232	0.00330194447841507
rf_015_031	0.0698463970907182	0.00122634696857888	0.00097835391953039
ctrx_quarter_rank	0.0553320432159282	0.00428623853190442	0.00305735599853247
rf_029_050	0.0363957938336992	0.00321269278430054	0.00146753087929559
rf_037_029	0.0263230247626814	0.000608325543116881	0.00134523663935429
cpayroll_trx	0.0251026616699967	0.0120792198984502	0.00770453711630182
rf_008_046	0.0207981431395026	0.00253189332293202	0.00122294239941299
rf_012_036	0.0193679891068223	0.00458662873652439	0.00183441359911948
rf_040_043	0.0193653235655219	0.00771450356739114	0.00415800415800416
rf_026_036	0.0170928617358149	0.00738434616328822	0.00293506175859117
mtarjeta_visa_consumo	0.0160990977761485	0.00430175614707381	0.00317965023847377
mprestamos_personales_ratiomax6	0.0121944443823976	0.0082395383986575	0.00587012351718234
mprestamos_personales_ratioavg6	0.0111050991356541	0.00670306330894151	0.00538094655741715
mdescubierto_preacordado_delta2	0.0101596572560981	0.0152248401556032	0.00538094655741715
rf_026_027	0.0100744535194037	0.000673240316100897	0.00158982511923688
cpayroll_trx_ratiomax6	0.00940308570411671	0.0104667119972519	0.00611471199706494
mtarjeta_visa_consumo_rank	0.00869087965694892	0.00524682444790952	0.00464718111776935
cproductos_ratiomax6	0.00825405102542924	0.00385353175947212	0.00464718111776935
mpasivos_margen_por_ctrx_q	0.00818390021445627	0.00140166449436401	0.00244588479882598
cproductos_ratioavg6	0.00768181565517277	0.00151045593723783	0.00220129631894338
mpayroll_sobre_edad_rank	0.00762124777372113	0.00168731471599689	0.00305735599853247
ratio_totalcomisiones_antiguedad	0.00626987045707387	0.0122887252174754	0.0108841873547756
exp_totalcomisiones_lag6	0.00611790949701742	0.00482398169451041	0.00794912559618442
rf_034_041	0.00611103347192425	0.000190302708108979	0.000611471199706494
mv_status01	0.00581648537947074	0.000721383454450363	0.00110064815947169
cproductos_sobre_edad_delta6	0.00542399052960284	0.00680777743712974	0.00538094655741715
exp_totalcomisiones_lag2	0.00538469668731851	0.0104524273844616	0.00856059679589091
ratio_totalcomisiones_antiguedad_lag2	0.00532260313272467	0.00333468996288285	0.00525865231747585
ratio_totalcomisiones_antiguedad_rank	0.00493338123498345	0.0102703703797632	0.00831600831600832
ratio_totalcomisiones_antiguedad_lag1	0.00445058928066264	0.00624074346232364	0.00709306591659533
rf_003_048	0.00417131149392625	0.000201988207929542	0.000489176959765195
Visa_status_max6	0.00402204236021467	0.0111787638655146	0.00403570991806286
rf_003_050	0.00397058272210895	0.000472541156113192	0.000489176959765195
mcuentas_saldo_ratioavg6	0.00388418008701451	0.00700865173950084	0.00684847743671273
mpayroll_min6	0.00387783378897504	0.00786623992267506	0.00452488687782806
mcaja_ahorro_rank	0.00385827027935069	0.00112263465482372	0.00171211935917818
mv_status04	0.00371757737457463	0.000605705413061191	0.000856059679589091
rf_039_033	0.00368002001865484	0.000462509000391941	0.00097835391953039
rf_032_036	0.00363330677207717	0.00252921014161831	0.00110064815947169
mcuentas_saldo	0.00358848556525107	0.00221020580449041	0.00354653295829766
cproductos_sobre_antiguedad_delta6	0.00334430507495413	0.00939529598103015	0.00782683135624312
mcomisiones_mantenimiento	0.00321999499308738	0.00486911238386536	0.00489176959765195
mpayroll_sobre_edad	0.00306940185456424	0.00388441987020885	0.00158982511923688
total_comisiones_lag6	0.00302743620848756	0.00176690642070997	0.00366882719823896
mprestamos_personales_max6	0.00296641389189439	0.000599456332821418	0.00097835391953039
total_deuda_acumulada	0.00294840937901512	0.00507491169005773	0.00293506175859117
mdescubierto_preacordado	0.00275454698401077	0.000794480879586907	0.00097835391953039
total_comisiones_lag2	0.00271904308143552	0.00261442041399092	0.00403570991806286
mcaja_ahorro_dolares_ratioavg6	0.00261365352198687	0.00439980785899744	0.00525865231747585
mplazo_fijo_dolares_rank	0.00251769045703398	0.0160533476974374	0.00660388895683013
mtarjeta_visa_debitos_automaticos_tend6	0.00241013124774961	0.00695161136807457	0.00513635807753455
mcomisiones_otras_max6	0.00239391677344173	0.000571111289491683	0.00110064815947169
ccomisiones_mantenimiento_ratioavg6	0.00235692220164974	0.00325579882770337	0.00317965023847377
ratio_totalcomisiones_antiguedad_delta1	0.00226698052190934	0.0033518118822842	0.00305735599853247
mcuentas_saldo_min6	0.00226677057336641	0.00831457640140213	0.00525865231747585
cpayroll_trx_rank	0.00226115439873968	0.00415986279373707	0.00342423871835637
mcaja_ahorro_dolares_delta1	0.00216283918311111	0.00576060813246615	0.00342423871835637
mcomisiones_mantenimiento_rank	0.00215936596095528	0.00439107876260869	0.00403570991806286
mcuentas_saldo_delta6	0.00214702427845922	0.00251013363321819	0.00525865231747585
cproductos_rank	0.0021300616638233	0.00359867156884126	0.00574782927724104
mpayroll_ratioavg6	0.00210353743190644	0.00508902116046457	0.00269047327870857
ratio_totalcomisiones_ctrx_lag6	0.00209029019274202	0.00270375704091647	0.00440259263788676
exp_totalcomisiones_lag1	0.00207938779783427	0.00270325263085227	0.00366882719823896
mcomisiones_sobre_antiguedad	0.00207099255294919	0.00630542704736157	0.00403570991806286
exp_totalcomisiones	0.00206800545748413	0.00404655968306683	0.00501406383759325
total_comisiones_lag1	0.00202473423960165	0.00197634868847709	0.00391341567812156
mcaja_ahorro_delta2	0.00201368160778138	0.00115706064170516	0.00232359055888468
total_comisiones	0.00183082004244033	0.00286986207733467	0.00281276751864987
ccaja_ahorro_rank	0.00182715116389439	0.00227990546738896	0.00366882719823896
mcaja_ahorro_ratioavg6	0.00179428183364294	0.00187447887259531	0.00244588479882598
thomebanking	0.00175058900745591	0.00239636114096043	0.00232359055888468
mcomisiones_mantenimiento_max6	0.00174378832909962	0.00257726921162374	0.00354653295829766
rf_035_056	0.00171668984101203	0.00151576625430257	0.000611471199706494
mcuentas_saldo_rank	0.00170196986386449	0.00130599471885465	0.00269047327870857
mprestamos_personales	0.00168033911043067	0.00283445529310617	0.00146753087929559
ccomisiones_mantenimiento_rank	0.00167928416074362	0.000758093298011365	0.00134523663935429
mrentabilidad_sobre_ctrx_q	0.00165124220106032	0.0031300395907256	0.00428029839794546
ratio_totalcomisiones_ctrx	0.00164873433714806	0.00682199899866196	0.00623700623700624
mv_mpagominimo	0.00164225034040171	0.0010809297504881	0.00158982511923688
tcallcenter_tend6	0.00163821426091864	0.00250219618040243	0.00183441359911948
cliente_edad_min6	0.00163809484370454	0.00418863518448231	0.00428029839794546
mrentabilidad_annual_sobre_antiguedad_delta6	0.00162066729155825	0.00471291340065237	0.00489176959765195
rf_015_048	0.00160574186235185	0.000115082557285606	0.000366882719823896
thomebanking_ratioavg6	0.00156556526100418	0.00564379516843254	0.00342423871835637
mcaja_ahorro_dolares_ratiomax6	0.00154172244564453	0.00507703441574456	0.00305735599853247
ccallcenter_trx_ratioavg6	0.00149610837476227	0.0029299639376228	0.00207900207900208
mdescubierto_preacordado_tend6	0.00149232550819117	0.00686517509901815	0.00256817903876727
ccomisiones_mantenimiento	0.0014437807950539	0.000263400133245523	0.000856059679589091
mrentabilidad_annual_exp_delta6	0.00144256436648832	0.00465707100312856	0.00317965023847377
Master_fechaalta_rank	0.00142911974006331	0.00108233789525065	0.00110064815947169
ccajas_consultas_ratioavg6	0.00141694613605085	0.00652681402567669	0.00366882719823896
ccaja_ahorro	0.00141373802316392	0.00640378700987998	0.00293506175859117
rf_041_040	0.00139723264177512	0.00136453430908284	0.000733765439647793
mdescubierto_preacordado_rank	0.00137550299894879	0.000976425793159956	0.00195670783906078
ctarjeta_visa_trx_rank	0.00137500299244912	0.00186481801872687	0.00293506175859117
mcomisiones_sobre_antiguedad_rank	0.00134853533691003	0.00329695728780278	0.00244588479882598
cpagomiscuentas_ratioavg6	0.0013458764507689	0.00708562331415823	0.00415800415800416
mpayroll_rank	0.0013165081968388	0.000554360671943142	0.00110064815947169
mcomisiones_sobre_antiguedad_lag6	0.00131400504822589	0.00638105352851443	0.00489176959765195
chomebanking_trx_delta1	0.00131128811934606	0.00580213088872304	0.00501406383759325
ctarjeta_visa_trx_ratioavg6	0.0013112180292953	0.00118467709271994	0.00244588479882598
mactivos_margen_por_ctrx_q_delta6	0.00129691489337801	0.00406757676907503	0.00330194447841507
mcuentas_saldo_ratiomax6	0.00128506728219267	0.0030782394794107	0.00489176959765195
ccomisiones_mantenimiento_avg6	0.00127879193189186	0.00661975858570031	0.00281276751864987
ccajas_consultas_tend6	0.00125349650690996	0.00983470720389907	0.00403570991806286
cpayroll_trx_ratioavg6	0.00125172840079179	0.00240712889469197	0.00146753087929559
mcomisiones_mantenimiento_ratioavg6	0.00124150023662525	0.00131557150437906	0.00256817903876727
rf_030_046	0.00122978291614867	0.000116084371718664	0.000366882719823896
mpasivos_margen_tend6	0.00122688279805916	0.00431881501521714	0.00403570991806286
mcomisiones_max6	0.0012158607372664	0.000156591302151815	0.000489176959765195
mrentabilidad_annual_sobre_ctrx_q_delta1	0.00120674196206489	0.00266788087510046	0.00330194447841507
total_deuda_acumulada_lag1	0.00120647235064314	0.000524089062395987	0.000489176959765195
ratio_deuda_acumulada_antiguedad	0.00120256169254374	0.00951147843248351	0.00391341567812156
ratio_totalcomisiones_ctrx_rank	0.00118226502567517	0.00461158302331147	0.00476947535771065
ratio_totalcomisiones_antiguedad_lag6	0.00117556112351091	0.00137184124931836	0.00269047327870857
Master_mpagospesos_tend6	0.00116949539792342	0.00792640483422122	0.00379112143818026
cliente_edad_lag6	0.0011636025378763	0.0027784447588943	0.00366882719823896
Visa_mpagospesos_ratiomax6	0.00116125281732665	0.00530956745533936	0.00452488687782806
mrentabilidad_annual_sobre_antiguedad_lag6	0.00115977447933506	0.00217170950861871	0.00317965023847377
mcomisiones_mantenimiento_delta6	0.00113667968006247	0.00200355180346704	0.00220129631894338
mpasivos_margen_max6	0.00113214209954021	0.00103685692112889	0.00158982511923688
mcuenta_debitos_automaticos_ratiomax6	0.00112371627644714	0.00337366965173273	0.00256817903876727
ratio_deuda_acumulada_cproductos_sobre_ctrx_q_delta6	0.00109636104794238	0.00398817421813603	0.00244588479882598
cpayroll_trx_lag1	0.00108726960122062	9.7239051264638e-05	0.000122294239941299
cliente_edad_rank	0.00108123214206139	0.00270835277705693	0.00342423871835637
tcallcenter_ratioavg6	0.00107911036241556	0.00257529360553897	0.00171211935917818
mrentabilidad_annual_exp_lag6	0.00107652403829544	0.00184834762899177	0.00293506175859117
mcuenta_corriente_min6	0.00107067202565798	0.00118149650703737	0.00281276751864987
mprestamos_personales_avg6	0.00106775755721608	0.000553919313136969	0.000733765439647793
mpasivos_margen_por_edad	0.00105250111603608	0.000831106654803876	0.000856059679589091
ccallcenter_trx_tend6	0.00101748646932358	0.00347384408934318	0.00207900207900208
cliente_edad_lag2	0.00101125928861923	0.00256067972506793	0.00342423871835637
Visa_cconsumos_delta6	0.000995502059746375	0.00374371748507924	0.00207900207900208
total_deuda_acumulada_delta2	0.000990245964652886	0.00426585195847646	0.00195670783906078
Master_Fvencimiento_max6	0.000987183201047916	0.00133445185330976	0.00244588479882598
mrentabilidad_annual_exp	0.00096634697210602	0.000715687824142139	0.00134523663935429
mactivos_margen_ratioavg6	0.000964856242754058	0.00159039092102237	0.00244588479882598
rf_020_030	0.000964679297905299	0.000299948845813795	0.000122294239941299
cproductos_sobre_edad	0.000962107994944382	0.00347837677422562	0.00415800415800416
mcaja_ahorro	0.000951288148729208	0.00142182688554122	0.00183441359911948
exp_totalcomisiones_rank	0.000933987709592516	0.00286041139432631	0.00256817903876727
mv_mpagospesos_delta6	0.000930113675276453	0.00160151596521605	0.00207900207900208
mvr_msaldopesos_delta6	0.00092360942529051	0.00621915190929788	0.00293506175859117
mrentabilidad_annual_ratioavg6	0.000923149760510488	0.00217175854848606	0.00244588479882598
mcuenta_corriente_lag2	0.000900209055572921	0.00429740561027011	0.00317965023847377
ctarjeta_master_trx_ratioavg6	0.000880428221743235	0.00152803322683602	0.00134523663935429
ctarjeta_visa_trx_ratiomax6	0.000879164482213882	0.00065917287986607	0.00183441359911948
rf_039_035	0.00086191749311592	0.00288877745474205	0.00183441359911948
Visa_mpagospesos_max6	0.000858465965040707	0.00347705970350244	0.00317965023847377
ratio_total_mcaja_ahorro_ctrx_q_delta1	0.000857205004257631	0.00210166656664869	0.00379112143818026
ccallcenter_trx_rank	0.000847849525053597	0.0026341904862293	0.00195670783906078
mcuenta_debitos_automaticos_rank	0.000846204201143152	0.00350281263955783	0.00330194447841507
mcaja_ahorro_dolares_lag6	0.000816010679504127	0.0020271609967496	0.00269047327870857
mcuenta_corriente_lag6	0.000811594955854133	0.00407662812744923	0.00317965023847377
mactivos_margen_por_edad	0.000792973547696343	0.000597494738127319	0.000856059679589091
ctarjeta_visa_debitos_automaticos_tend6	0.000776674957145606	0.00154481186716591	0.00195670783906078
mtransferencias_emitidas_max6	0.000776338691715554	0.00185685254312976	0.00330194447841507
mtarjeta_visa_debitos_automaticos_delta6	0.000769319666392418	0.00233202083499398	0.00269047327870857
mautoservicio_ratioavg6	0.000762567356495284	0.00197964837098038	0.00195670783906078
chomebanking_trx_ratioavg6	0.000757240125931719	0.00292774313220127	0.00269047327870857
mtransferencias_recibidas_rank	0.000757216951635606	0.00124381917274704	0.00146753087929559
mcuenta_corriente_ratiomax6	0.000753845446842545	0.00551986441793748	0.00354653295829766
Visa_cconsumos_max6	0.000747334438525411	0.00284129285175418	0.00207900207900208
ratio_total_mcaja_ahorro_ctrx_q	0.000741968250999111	0.00189086519398637	0.00317965023847377
mdescubierto_preacordado_delta6	0.000740351470579032	0.00210789462980246	0.00097835391953039
ratio_total_mcaja_ahorro_antiguedad_delta6	0.000737497733960736	0.00172267246035803	0.00244588479882598
ccaja_ahorro_max6	0.000735080894373057	0.00408045323710273	0.00171211935917818
rf_014_039	0.000734039031276201	0.00117221396071708	0.000733765439647793
mrentabilidad_sobre_antiguedad_rank	0.000724605250495954	0.00102386135628048	0.00134523663935429
mcomisiones_sobre_edad	0.000714109026644387	0.00201013015138761	0.00183441359911948
mtransferencias_recibidas	0.000712549283697608	0.00254261203679621	0.00195670783906078
mcomisiones_mantenimiento_tend6	0.00071102357994394	0.00138840971878817	0.00195670783906078
mrentabilidad_annual_sobre_ctrx_q_delta6	0.000710972058581028	0.00082520085363557	0.00232359055888468
ratio_total_mcaja_ahorro_antiguedad_delta1	0.000710847412097302	0.000761575128593391	0.00134523663935429
rf_007_023	0.000706182858242063	0.00219982336400235	0.000856059679589091
total_deuda_acumulada_delta6	0.000700225353205749	0.0010785408083785	0.000856059679589091
mrentabilidad_sobre_ctrx_q_rank	0.000692762450965604	0.00106601462511761	0.00207900207900208
mrentabilidad_sobre_antiguedad_lag1	0.000690568491186215	0.00319741336277257	0.00256817903876727
mcomisiones_otras_rank	0.0006904611001207	0.000312362937949309	0.000611471199706494
mv_Fvencimiento_lag2	0.00068671605722678	0.00287187271189612	0.00281276751864987
mcaja_ahorro_dolares_delta2	0.000685689100023725	0.00127233235276484	0.00158982511923688
ratio_total_mcaja_ahorro_ctrx_q_rank	0.000681340646201567	0.0017559775359857	0.00269047327870857
ratio_total_mcaja_ahorro_antiguedad	0.00066730881894169	0.00279407446518907	0.00269047327870857
ratio_total_mcaja_ahorro_antiguedad_rank	0.000660350909691631	0.00204651773296315	0.00232359055888468
mcuenta_debitos_automaticos	0.000649274044928747	0.00240992416713106	0.00171211935917818
mtransferencias_recibidas_lag1	0.000648081165082847	0.000928009432692383	0.00244588479882598
mpasivos_margen_por_ctrx_q_rank	0.000641793268427505	0.000515416011569934	0.000856059679589091
mtarjeta_master_consumo_ratioavg6	0.000641694445548802	0.0015067219016237	0.00097835391953039
cliente_edad_avg6	0.000635240713549978	0.00299854969496292	0.00269047327870857
cproductos_sobre_edad_rank	0.000632461123379456	0.00401669440384916	0.00513635807753455
mrentabilidad_annual_por_edad_lag6	0.000624284453801617	0.000785506583861403	0.00158982511923688
mcomisiones_avg6	0.000621180359936015	0.00155901941730746	0.00183441359911948
Master_fechaalta	0.000621161891644799	0.00128643481747635	0.00183441359911948
mtarjeta_visa_consumo_delta6	0.000620868920274073	0.000706797596760667	0.00122294239941299
mcomisiones_por_edad_lag1	0.000620529108827047	0.0027807566383552	0.00207900207900208
total_mcaja_ahorro_lag2	0.000615769014133435	0.00113811023582109	0.00232359055888468
ccomisiones_otras_ratioavg6	0.000615026977674802	0.00516993694159617	0.00269047327870857
mtransferencias_recibidas_delta6	0.000610477380074016	0.00151519879298034	0.00232359055888468
Master_Fvencimiento_min6	0.000608196334645191	0.00066808412433355	0.00195670783906078
Master_Fvencimiento_lag6	0.000598900733261583	0.00116880919278375	0.00220129631894338
mcaja_ahorro_lag6	0.000595972134416321	0.000810699064289907	0.00195670783906078
ctransferencias_recibidas_ratiomax6	0.000594588818946753	0.00272322586825541	0.00281276751864987
Master_msaldototal_avg6	0.000594491082208174	0.00170206170467931	0.00134523663935429
mactivos_margen_sobre_antiguedad	0.000592759160353176	0.00210678772993936	0.00158982511923688
Master_mlimitecompra_min6	0.000591365598735017	0.000989778648470503	0.00183441359911948
mcomisiones_min6	0.000590548388265979	0.00159675909808286	0.00122294239941299
Visa_mpagominimo_min6	0.000585132899534668	0.0020306778558083	0.00232359055888468
ratio_total_mcaja_ahorro_ctrx_q_lag6	0.00058255830917169	0.00123852987276831	0.00269047327870857
Visa_mpagospesos_tend6	0.000574214846035934	0.00132297652434928	0.00232359055888468
cproductos_sobre_edad_lag6	0.000574032179866596	0.00160466152242195	0.00232359055888468
mrentabilidad_annual_por_ctrx_q_lag6	0.000570681295107448	0.00114728769671134	0.00158982511923688
Visa_mpagospesos_delta6	0.000568818038352607	0.000681135734744647	0.00207900207900208
thomebanking_rank	0.00056790880037215	0.00170147322627108	0.00207900207900208
mcomisiones	0.000567240669248765	0.00037111970473292	0.000733765439647793
mv_mpagominimo_lag2	0.000564552093765885	0.00265159963913944	0.00134523663935429
mactivos_margen_por_antiguedad	0.000562562543554923	0.00263290143828747	0.00158982511923688
mrentabilidad_annual_sobre_ctrx_q	0.000561981186769935	0.000752271565187091	0.00195670783906078
mpasivos_margen_ratioavg6	0.000561647327268751	0.000643914475424112	0.00110064815947169
mrentabilidad_annual_sobre_ctrx_q_lag2	0.000561376892738727	0.000980327965462146	0.00183441359911948
chomebanking_trx_tend6	0.000558746773816192	0.00409909539239201	0.00256817903876727
ratio_deuda_acumulada_cproductos_sobre_ctrx_q_lag6	0.000548561890481795	0.000741083469735389	0.000611471199706494
mrentabilidad_annual_ratiomax6	0.000547724008581818	0.0007388906870952	0.00158982511923688
mpayroll_delta6	0.000546267382999929	0.00230878294356423	0.00171211935917818
mcomisiones_sobre_ctrx_q	0.000546195956248538	0.000640292530935364	0.00195670783906078
Visa_fechaalta_lag1	0.000544408726468005	0.00146368591517423	0.00158982511923688
mcomisiones_otras_avg6	0.000542279779960195	0.00127024465555469	0.00146753087929559
total_deuda_acumulada_rank	0.000532050262086646	0.00117744721513312	0.00207900207900208
Visa_fechaalta_lag6	0.000531382518519523	0.0027325084145757	0.00354653295829766
ratio_comisiones	0.00053087752930863	0.00100355184550121	0.00158982511923688
total_mcaja_ahorro	0.000526608944199623	0.00103784472417127	0.00171211935917818
ratio_deuda_acumulada_cproductos_sobre_ctrx_q_delta2	0.000525799276244364	0.0033424312562292	0.00146753087929559
mrentabilidad_annual_sobre_antiguedad_delta2	0.000515649067763374	0.00172867634126104	0.00146753087929559
mrentabilidad_annual_sobre_edad_lag6	0.000506617509538258	0.00214592854978197	0.00183441359911948
mactivos_margen_min6	0.000502435844361066	0.000858008524894381	0.00146753087929559
ctarjeta_visa_debitos_automaticos_ratioavg6	0.000492818917831865	0.000878205944548268	0.00134523663935429
total_comisiones_rank	0.000492703542086967	0.000490713929814955	0.000856059679589091
mcomisiones_otras_ratioavg6	0.000488028284044921	0.000741727993706308	0.00183441359911948
ctarjeta_debito_trx_avg6	0.000486468334376275	0.00105592642383367	0.00171211935917818
mtransferencias_emitidas_avg6	0.000482335253562004	0.00138815751375607	0.00220129631894338
Master_fechaalta_min6	0.000479470808599788	0.00131772925854257	0.00122294239941299
mcaja_ahorro_ratiomax6	0.000478617080164823	0.00115359282251381	0.00158982511923688
mrentabilidad_annual_max6	0.000473389373614779	0.00358941003960698	0.00158982511923688
Master_Fvencimiento_lag2	0.000471531714222979	0.000481697599917434	0.00171211935917818
Visa_msaldopesos_ratioavg6	0.000470190593823356	0.00102863924049968	0.00171211935917818
mcomisiones_otras_min6	0.000469476802109865	0.00121727459311867	0.00097835391953039
Visa_cconsumos_delta2	0.000468383880601263	0.00337196726776607	0.00134523663935429
mcomisiones_mantenimiento_ratiomax6	0.000464268497937685	0.000229317425435547	0.000611471199706494
total_mcaja_ahorro_rank	0.000462615030944304	0.000796890838782515	0.00158982511923688
mcomisiones_por_ctrx_q_delta6	0.000459774562561796	0.000733370199170377	0.000856059679589091
mrentabilidad_annual_delta6	0.000458852576984773	0.00201935665214521	0.00183441359911948
chomebanking_trx_ratiomax6	0.000455990465485396	0.000734722298370239	0.00195670783906078
mcaja_ahorro_min6	0.000453297817543929	0.00324095375928624	0.00220129631894338
Visa_status_avg6	0.0004510324134399	0.000237268889641986	0.000244588479882598
cproductos_sobre_antiguedad_delta2	0.000444348299178455	0.00132809068194461	0.00183441359911948
ctarjeta_master_trx_rank	0.000442424834018263	0.0008895551709927	0.00207900207900208
Master_status_max6	0.00044220078360488	0.000646611668128498	0.000366882719823896
Visa_cconsumos_lag2	0.00043932862700999	0.00373451200140764	0.00183441359911948
mpagomiscuentas_avg6	0.000438556483419807	0.000830034783417458	0.00122294239941299
rf_039_047	0.000437023893598217	0.00049772663084636	0.000244588479882598
total_mcaja_ahorro_lag1	0.000436443970355688	0.00072516652993184	0.00171211935917818
mtarjeta_visa_debitos_automaticos_delta2	0.000433477678971254	0.00261773410788488	0.00110064815947169
mrentabilidad_annual_sobre_antiguedad_lag2	0.000433448089022292	0.0020414175867585	0.00171211935917818
Master_mlimitecompra	0.000431923892032951	0.00156556273675134	0.00171211935917818
mtransferencias_emitidas_rank	0.000431758417602419	0.00233833296649177	0.00256817903876727
mrentabilidad_ratiomax6	0.000431356301053656	0.00294161440896668	0.00183441359911948
ratio_total_mcaja_ahorro_antiguedad_lag6	0.000428804649519436	0.00120907792957547	0.00183441359911948
Visa_mpagominimo	0.000423931836798541	0.00101642130783357	0.00158982511923688
mv_msaldopesos_delta6	0.000421537417841372	0.0022294714666646	0.00195670783906078
ratio_comisiones_lag6	0.0004207078301367	0.000651578706121771	0.00134523663935429
mvr_Master_mlimitecompra_lag1	0.000419337309078455	0.00164939288714275	0.00171211935917818
ratio_deuda_acumulada_antiguedad_rank	0.000416892778822595	0.00253351163855466	0.00158982511923688
Visa_mpagominimo_ratioavg6	0.000416374446981166	0.00414834543060457	0.00195670783906078
ratio_totalcomisiones_ctrx_lag1	0.000415449059752348	0.00177565653418472	0.00220129631894338
mv_fechaalta	0.000411075938002446	0.00116312056817086	0.00171211935917818
mcuentas_saldo_delta1	0.00040697775973797	0.00413069107835768	0.00183441359911948
mactivos_margen_sobre_antiguedad_delta6	0.000406520285378323	0.000750632232478451	0.00146753087929559
mpasivos_margen_sobre_ctrx_q_lag6	0.000405600956574116	0.0021712611441172	0.00183441359911948
Visa_msaldototal_ratiomax6	0.000399167801526402	0.00104908185949033	0.00134523663935429
cliente_antiguedad_ratioavg6	0.000398715847812175	0.00056837206261528	0.00146753087929559
mactivos_margen_por_edad_delta1	0.00039594414595161	0.0030570682681051	0.00195670783906078
cextraccion_autoservicio_tend6	0.000395441642505041	0.00517538737256763	0.00220129631894338
tpaquete9_rank	0.000393807859494776	0.00125376726012426	0.00158982511923688
mrentabilidad_sobre_antiguedad	0.000392409849766226	0.000317336981637918	0.000856059679589091
mcuenta_corriente_rank	0.000392330137511673	0.00120031380471005	0.00171211935917818
ratio_total_mcaja_ahorro_antiguedad_delta2	0.000389364128432971	0.000688078378822691	0.00146753087929559
ctrx_quarter_delta6	0.000386573009833607	0.000397979540651409	0.00134523663935429
cplazo_fijo_ratioavg6	0.000385761133317845	0.000937824411858215	0.000489176959765195
mpasivos_margen_sobre_antiguedad_delta1	0.000384587377134311	0.00186408942641192	0.00207900207900208
mrentabilidad	0.000384055327199503	0.000808695435423791	0.00134523663935429
mcuenta_corriente_tend6	0.000382912328357709	0.000695966791771105	0.00146753087929559
cproductos_sobre_ctrx_q_lag6	0.000381410979614587	0.000575097530137906	0.00134523663935429
mcuentas_saldo_delta2	0.000381130562723657	0.00168758093241966	0.00158982511923688
mcomisiones_mantenimiento_avg6	0.000380264138089152	0.000294743614179096	0.000733765439647793
mtarjeta_visa_debitos_automaticos_ratioavg6	0.000379969946794863	0.00071477708374845	0.00134523663935429
ccallcenter_trx	0.000374025069554692	0.000618757023472288	0.000489176959765195
mv_mconsumospesos_delta6	0.000371770071837046	0.000347020112776843	0.00134523663935429
mcaja_ahorro_dolares_rank	0.000370671779339075	0.00188752347731107	0.00146753087929559
Master_Fvencimiento_avg6	0.000370504797955257	0.000626757527546079	0.00110064815947169
mcuenta_debitos_automaticos_delta6	0.000369941704215865	0.00117667658864615	0.00110064815947169
mrentabilidad_sobre_edad	0.000369412685571918	0.000557078881733536	0.00122294239941299
Visa_msaldototal_max6	0.000368143019133877	0.000703974301540232	0.00195670783906078
mcomisiones_sobre_edad_delta6	0.000368108709350534	0.000314506680722147	0.000856059679589091
mv_msaldototal	0.000367181186499641	5.09384107885578e-05	0.000122294239941299
mpasivos_margen_sobre_edad_rank	0.000365339993052593	0.000546857572238212	0.00146753087929559
mcomisiones_por_antiguedad_lag6	0.000364864669421765	0.000737195308823871	0.00171211935917818
mrentabilidad_annual_por_ctrx_q_delta6	0.000364588274867872	0.000740873298875307	0.00134523663935429
mcomisiones_por_edad_lag6	0.000364396805445906	0.000775376348405447	0.00122294239941299
chomebanking_trx_delta6	0.00036423394867354	0.00131194955989031	0.00158982511923688
cproductos_sobre_antiguedad_lag2	0.000364145532937058	0.00103209304830036	0.00146753087929559
cprestamos_personales_avg6	0.000361767549691096	0.00121499774213445	0.000856059679589091
mrentabilidad_sobre_ctrx_q_lag2	0.000361027774134792	0.000610048944169554	0.00158982511923688
chomebanking_trx_max6	0.000360667984360857	0.00233904054172072	0.00195670783906078
ctrx_quarter_ratiomax6	0.000357308042765217	0.000302421856267427	0.00110064815947169
mactivos_margen	0.000356728364414406	0.000856523317483135	0.000611471199706494
thomebanking_avg6	0.00035460728014012	0.00278657837117948	0.00122294239941299
ratio_totalcomisiones_antiguedad_delta6	0.000353728830112869	0.000767522963933714	0.00122294239941299
ctarjeta_debito_rank	0.000351759298288262	0.000503219095989838	0.00146753087929559
mcuenta_corriente_ratioavg6	0.000351687146687616	0.000537511974659896	0.00183441359911948
chomebanking_trx_delta2	0.000350185788968911	0.00185126199825157	0.00134523663935429
Master_fechaalta_lag6	0.000347337751468433	0.000986661114045953	0.00183441359911948
Visa_mpagominimo_avg6	0.000347240721061063	0.000443439497687161	0.000856059679589091
mcaja_ahorro_dolares_delta6	0.000347040092764387	0.000315263295818442	0.00097835391953039
mactivos_margen_tend6	0.000346995651719926	0.000955576843839814	0.00158982511923688
mcaja_ahorro_delta6	0.000343004775332006	0.000610672451054464	0.00146753087929559
ctrx_quarter_delta1	0.000342580469439357	0.000799034581555352	0.00134523663935429
mrentabilidad_por_edad_lag1	0.000340621606277141	0.000556637522927364	0.00134523663935429
chomebanking_trx_avg6	0.000338084680747126	0.000539599671870044	0.00122294239941299
mrentabilidad_annual_tend6	0.000337125873734962	0.000289643467974438	0.000856059679589091
mtransferencias_emitidas_delta2	0.00033708275465228	0.0011897001762759	0.00146753087929559
Visa_cconsumos_avg6	0.000335608823955791	0.000958799463694406	0.00122294239941299
cpagomiscuentas_ratiomax6	0.000333815333374851	0.00052210645061588	0.00110064815947169
mpayroll_delta1	0.00033308474163593	0.000358607532862701	0.000856059679589091
mactivos_margen_delta1	0.000331766693588684	0.00134587113670756	0.000856059679589091
mrentabilidad_ratioavg6	0.000329787673343722	0.000843793969057497	0.00134523663935429
mtarjeta_visa_consumo_ratiomax6	0.000328168530998756	0.000598216324746934	0.00134523663935429
ccomisiones_otras_tend6	0.000324758837387598	0.0005127678587329	0.00134523663935429
mvr_Visa_mlimitecompra	0.000323260664678438	0.000449310270378787	0.00146753087929559
mactivos_margen_sobre_edad	0.000321393050135923	0.00181677996580744	0.000856059679589091
mcomisiones_por_antiguedad_lag1	0.000314662261704757	0.000608822947485742	0.00097835391953039
ctransferencias_emitidas_delta6	0.00031295973517027	0.00130842569513627	0.00110064815947169
Visa_mpagominimo_max6	0.000312461674543222	0.000530359159721769	0.00110064815947169
mautoservicio_ratiomax6	0.000312288127189145	0.000837649974247765	0.00110064815947169
mcaja_ahorro_dolares	0.000311341189866969	0.000962981863810039	0.00122294239941299
mcomisiones_por_antiguedad_delta6	0.000311240048075322	0.000457661059219381	0.00122294239941299
mcaja_ahorro_avg6	0.000310431950374836	0.000727471403697407	0.00122294239941299
ctransferencias_recibidas_rank	0.000310159717326769	0.000517734896726173	0.00158982511923688
mv_mpagominimo_rank	0.00030871176178095	0.000289545388239733	0.000733765439647793
ctarjeta_debito_avg6	0.000308357710333964	0.000684008069832435	0.00134523663935429
mcomisiones_tend6	0.000306574959086326	0.000263295047815482	0.00097835391953039
mcaja_ahorro_lag1	0.00030655095327323	0.000475651684842406	0.00134523663935429
mv_fechaalta_rank	0.000305860685525704	0.000755984583715208	0.00110064815947169
ccallcenter_trx_avg6	0.000305491549051159	0.000842014522442136	0.000611471199706494
ratio_comisiones_rank	0.000304674538501441	0.000353002976593846	0.000856059679589091
mpasivos_margen_por_antiguedad_delta6	0.00030211166843222	0.000702594179559026	0.00122294239941299
mv_Fvencimiento	0.00030177913419961	0.000261165316433317	0.00122294239941299
cproductos_sobre_edad_lag2	0.000299893289584959	0.000609908830262833	0.00110064815947169
Visa_mpagominimo_rank	0.000298762996390688	0.000429498163968383	0.000856059679589091
mcomisiones_sobre_ctrx_q_rank	0.000296193885739743	0.000671173635976756	0.000856059679589091
cproductos_sobre_edad_lag1	0.000293805938650921	0.000996027728710277	0.00122294239941299
mv_mpagospesos_delta2	0.000293000918347454	0.00171339691973307	0.00110064815947169
ctransferencias_recibidas_avg6	0.000292697197817523	0.000592331540664636	0.00110064815947169
Master_mfinanciacion_limite_lag6	0.000291778104079133	0.000331530520388794	0.00110064815947169
chomebanking_trx_lag6	0.000290038246485303	0.00053042921667513	0.00134523663935429
mv_msaldototal_rank	0.000289879488814837	0.000184831260051509	0.000244588479882598
ccomisiones_otras_avg6	0.000289049095008257	0.000318086591038878	0.000856059679589091
ratio_deuda_acumulada_cproductos_sobre_ctrx_q_rank	0.000288547940733658	0.00102388937906182	0.00110064815947169
mrentabilidad_sobre_ctrx_q_delta1	0.000286340133045604	0.000832423725527057	0.00122294239941299
mv_fechaalta_lag6	0.00028611300636896	0.00138695253415826	0.00171211935917818
ccuenta_debitos_automaticos_ratiomax6	0.000285796442439915	0.000997898249365007	0.00110064815947169
mcaja_ahorro_delta1	0.000285389760436813	0.00170976096385365	0.00110064815947169
Visa_fechaalta_tend6	0.000283119420706472	0.00193606594029469	0.000856059679589091
Visa_mfinanciacion_limite_lag2	0.000281885715181281	0.000344301902986448	0.00122294239941299
cproductos_sobre_antiguedad_delta1	0.000281504001173862	0.000523416515643725	0.00110064815947169
mv_mpagominimo_lag1	0.000280322590990351	0.000382742153295459	0.00134523663935429
mpayroll_delta2	0.000278565580583405	0.00385306938357994	0.00146753087929559
cliente_antiguedad_lag6	0.000277355011278956	0.000383232551968984	0.00097835391953039
ctarjeta_visa_trx_delta6	0.000274732210386125	0.000606805307228954	0.000733765439647793
mcuenta_corriente_avg6	0.000274640185520142	0.000707638280200996	0.00122294239941299
Visa_cconsumos_ratioavg6	0.00027439058190301	0.000753994966239764	0.00110064815947169
cprestamos_personales_rank	0.000270314485464374	0.00180025353050966	0.00146753087929559
ccajas_extracciones_avg6	0.000269737584820562	0.00336643977414591	0.00134523663935429
ctarjeta_visa_debitos_automaticos_max6	0.000269410965025303	0.00228000354712366	0.00122294239941299
mrentabilidad_annual_lag6	0.000265985580652776	0.000329681016820072	0.00097835391953039
mrentabilidad_sobre_antiguedad_lag2	0.000263722137194178	0.000597873045675466	0.00110064815947169
ctrx_quarter_ratioavg6	0.000263624624939675	0.000376598158485726	0.00110064815947169
mvr_msaldopesos2_delta2	0.000260276918859924	0.000699273479969729	0.000856059679589091
Visa_mfinanciacion_limite_lag6	0.000260163022291242	0.000290224940687331	0.00110064815947169
ccallcenter_trx_ratiomax6	0.000258144055596287	0.000469598764072043	0.000366882719823896
mrentabilidad_annual_por_antiguedad_lag6	0.000255613032410203	0.000223159419235143	0.000856059679589091
Visa_mconsumosdolares_lag6	0.000255542745841399	0.000402126912290362	0.00122294239941299
rf_005_029	0.000253475932670994	0.00206229455885998	0.00097835391953039
mpayroll_sobre_edad_delta2	0.000248848289817774	0.00247802653149299	0.00110064815947169
ccuenta_debitos_automaticos_ratioavg6	0.000248482961636212	0.00120508468323391	0.00122294239941299
Visa_mconsumosdolares_max6	0.000247357208008807	0.000312531074637375	0.00097835391953039
mtarjeta_visa_debitos_automaticos_max6	0.000247078308841863	0.000154356485339609	0.000489176959765195
mcomisiones_ratiomax6	0.00024617418977859	0.000334641049118009	0.00122294239941299
mv_fultimo_cierre	0.000245700321278862	0.000825439047276996	0.00097835391953039
mpasivos_margen_por_edad_rank	0.000243549440333747	0.000244274584978055	0.000489176959765195
mrentabilidad_annual_sobre_antiguedad_lag1	0.000242352713458134	0.000862450135737449	0.00122294239941299
mactivos_margen_por_edad_lag1	0.000242233359734478	0.000390441412469799	0.00122294239941299
mforex_sell_avg6	0.000239681304582424	0.00153702853964753	0.00110064815947169
mcuenta_debitos_automaticos_ratioavg6	0.000237516254686181	0.00104121446362792	0.000856059679589091
ratio_totalcomisiones_ctrx_delta6	0.000236864789804787	0.000436398773874411	0.00122294239941299
mrentabilidad_annual_sobre_ctrx_q_rank	0.000236038110945118	0.000315767705882639	0.000856059679589091
mrentabilidad_delta2	0.000235641913935617	0.0010580491495205	0.00097835391953039
mtransferencias_emitidas_lag2	0.000235157616374347	0.000967689691075878	0.00097835391953039
mtarjeta_visa_debitos_automaticos_lag6	0.000234885952850696	0.000235678596800698	0.000611471199706494
mpayroll	0.000234005523659967	0.000640285525240028	0.000489176959765195
mtransferencias_emitidas_tend6	0.000233789650853781	0.000503226101685174	0.00110064815947169
mcaja_ahorro_lag2	0.000233526955355582	0.000327201000671104	0.00097835391953039
ratio_total_mcaja_ahorro_ctrx_q_lag1	0.000232615870105492	0.000552854447445887	0.00110064815947169
cproductos_avg6	0.000232148826072836	0.000574137749876864	0.00097835391953039
mrentabilidad_annual_delta1	0.000230081592278228	0.000279576283776506	0.00097835391953039
mrentabilidad_annual_sobre_ctrx_q_delta2	0.000228207012682654	0.000587210377373969	0.00110064815947169
Visa_mpagominimo_lag2	0.00022678557346797	0.00111839620914539	0.00097835391953039
mrentabilidad_tend6	0.00022671245212635	0.000287885038445084	0.00122294239941299
mactivos_margen_sobre_ctrx_q_delta6	0.000226178824756302	0.000347237289332261	0.000733765439647793
mrentabilidad_annual_sobre_antiguedad	0.000223586834491834	0.000383638882298476	0.00110064815947169
mactivos_margen_por_antiguedad_lag6	0.000223336913800393	0.000692954342776595	0.00122294239941299
ratio_deuda_acumulada_cproductos_sobre_ctrx_q_lag2	0.00022271468929259	0.00206150291528701	0.00097835391953039
mrentabilidad_sobre_ctrx_q_delta6	0.000222656616698273	0.00035686311472402	0.00110064815947169
mcomisiones_lag6	0.000221718568321932	0.000654563132334937	0.000733765439647793
cproductos_sobre_ctrx_q_lag1	0.000219868978168963	0.000355749209165585	0.00097835391953039
mvr_mpagominimo_lag6	0.000216399383849639	0.000267169197336328	0.000856059679589091
mpasivos_margen_sobre_ctrx_q_rank	0.000215478318884078	0.000183353058335598	0.000489176959765195
mrentabilidad_min6	0.000213927741614556	0.000474474728025947	0.000856059679589091
mcaja_ahorro_max6	0.000212717151146626	0.000807602546951365	0.000856059679589091
rf_033_051	0.000212431028429809	0.000124077870097118	0.000366882719823896
mrentabilidad_annual_por_edad_delta6	0.000211181495643516	0.000152598055810255	0.000733765439647793
ccallcenter_trx_max6	0.00020850394784638	0.0014819567686107	0.000856059679589091
mcuentas_saldo_tend6	0.000204969520145073	0.000669408200752067	0.00097835391953039
total_mcaja_ahorro_lag6	0.000201407310838749	0.000316146013430787	0.000733765439647793
ctarjeta_visa_debitos_automaticos_avg6	0.000200199708130099	0.000332637420251893	0.000856059679589091
mcaja_ahorro_dolares_lag2	0.000199334375753288	0.00024480001212826	0.000856059679589091
mcaja_ahorro_dolares_max6	0.000198993349673568	0.000488317982010019	0.000856059679589091
mtarjeta_visa_debitos_automaticos_ratiomax6	0.000196021569011018	0.000436237642881682	0.000733765439647793
mrentabilidad_exp	0.000194631604428942	0.000214759590527196	0.000733765439647793
rf_009_032	0.000193953252855479	0.0001457114572949	0.000366882719823896
Visa_mfinanciacion_limite_rank	0.000193658725212996	0.00041997041831133	0.000856059679589091
Visa_mlimitecompra_lag6	0.000193385940024804	0.000417861704015173	0.000856059679589091
mcuenta_corriente_lag1	0.000193337788568464	0.000537077621549059	0.000611471199706494
mcomisiones_por_edad_rank	0.000192610399695776	0.00024483504060494	0.000489176959765195
ccajas_trx_ratioavg6	0.000191876873413339	0.000755157911665552	0.000733765439647793
mpasivos_margen_por_antiguedad_lag1	0.000190911703751512	0.000344063709345022	0.000611471199706494
mcomisiones_otras_lag6	0.000189094220206732	9.75192790780808e-05	0.000489176959765195
ratio_deuda_acumulada_antiguedad_delta6	0.000187761767386703	0.000252667407990665	0.000366882719823896
Master_mpagominimo_max6	0.000187711413416568	0.000251616553690255	0.000244588479882598
Master_fechaalta_lag2	0.000186406762609199	0.000387485009037977	0.000856059679589091
Master_mfinanciacion_limite_lag1	0.000186012327459566	0.000404831110690084	0.000733765439647793
mcomisiones_sobre_edad_rank	0.000185801657090732	0.000341758835579455	0.000611471199706494
mtransferencias_emitidas_ratiomax6	0.000185096286553439	0.000240316367113176	0.00097835391953039
cproductos_sobre_edad_delta2	0.000184080889713409	0.000642022937683373	0.000733765439647793
mpasivos_margen_sobre_edad_lag6	0.000184073637819587	0.000557520240539709	0.000856059679589091
Visa_msaldototal_lag2	0.00018394498784755	0.000313715037149171	0.000611471199706494
Visa_mpagospesos_lag6	0.000181638908665079	0.00114592859181615	0.00097835391953039
mcuenta_corriente_delta2	0.000180377226906422	0.00035846741895598	0.000611471199706494
matm_max6	0.000179881876716733	0.00120637373117575	0.00097835391953039
mactivos_margen_rank	0.00017847748695423	0.000341779852665463	0.000366882719823896
mpayroll_sobre_edad_lag6	0.000176674854127031	0.000365038761181212	0.000489176959765195
mpayroll_tend6	0.000176459932543772	0.00185359489479849	0.00110064815947169
mrentabilidad_sobre_edad_rank	0.000176368976811544	0.000607730059013315	0.000611471199706494
mcuentas_saldo_max6	0.000176250394799139	0.000158279674727807	0.000611471199706494
mv_fultimo_cierre_lag2	0.000176205919741939	0.00042727735854685	0.00097835391953039
cproductos_sobre_ctrx_q_delta6	0.000176041251224356	0.000204615343680568	0.000489176959765195
mactivos_margen_por_ctrx_q	0.000175741718418405	0.000464582686211417	0.000489176959765195
mv_fultimo_cierre_lag6	0.000173889758049943	0.00089342231481821	0.000733765439647793
mvr_mpagominimo_lag2	0.000173636598967853	0.00149383142220533	0.000733765439647793
mcomisiones_por_edad	0.000173154265075367	0.00020345239825478	0.000733765439647793
cproductos_sobre_antiguedad_lag1	0.000173132044931056	0.000638541107101347	0.00110064815947169
Visa_mpagospesos_ratioavg6	0.000173057222952498	0.000309966990144374	0.000611471199706494
mcaja_ahorro_tend6	0.000172897445277789	0.00028277788654509	0.00097835391953039
mrentabilidad_annual_por_ctrx_q_delta2	0.000171719566939277	0.000264780255226729	0.000733765439647793
Master_mlimitecompra_ratioavg6	0.000171613039041488	0.00149679483133249	0.000733765439647793
Master_Fvencimiento_ratioavg6	0.000167387192072488	0.00024952185078477	0.000611471199706494
mrentabilidad_max6	0.000167180582068823	0.000253192835140871	0.000611471199706494
mrentabilidad_por_antiguedad_delta1	0.000165652230990321	0.000233878133099328	0.000733765439647793
mactivos_margen_sobre_antiguedad_rank	0.000165188295721988	0.000557015830475512	0.000733765439647793
thomebanking_max6	0.000164963879671664	0.00168689437427672	0.000611471199706494
Visa_msaldopesos_rank	0.000164751880538503	0.000268801524349632	0.000489176959765195
mcomisiones_sobre_ctrx_q_delta6	0.000164395647741204	0.000249963209590943	0.000489176959765195
mtransferencias_recibidas_tend6	0.000164217175531515	0.0004600149728523	0.000856059679589091
mrentabilidad_annual_por_antiguedad_delta6	0.000164028518774084	0.000545092137013522	0.000733765439647793
mcuenta_corriente_delta6	0.000161304990289179	0.000239580769102888	0.000366882719823896
ratio_totalcomisiones_antiguedad_delta2	0.000160949906366611	0.000423963664652889	0.000489176959765195
ratio_total_mcaja_ahorro_ctrx_q_lag2	0.00016019209045367	0.000410183461926841	0.000733765439647793
ratio_total_mcaja_ahorro_antiguedad_lag1	0.000159752766803101	0.000479616908402621	0.000856059679589091
Visa_msaldopesos_ratiomax6	0.000158138649202548	0.000317287941770566	0.000733765439647793
Visa_mconsumosdolares_min6	0.000157165467651146	0.00023611995560687	0.000611471199706494
numero_de_cliente	0.000157127629613036	0.000377627995700128	0.000856059679589091
Master_fultimo_cierre_min6	0.000156395913186221	0.00122905817267394	0.000733765439647793
mv_status01_rank	0.000154588299004471	0.000572288246308142	0.000733765439647793
ratio_total_mcaja_ahorro_ctrx_q_delta6	0.00015424867878462	0.000163519934839187	0.000489176959765195
Master_fultimo_cierre_avg6	0.000152125852113311	0.000435691198645468	0.000856059679589091
mcuenta_corriente	0.000151970219835617	0.000520985539362109	0.000611471199706494
Visa_mpagominimo_delta2	0.000151495693756273	0.000208965880484267	0.000611471199706494
mv_mpagominimo_delta2	0.000148911029457814	0.000128785697362957	0.000489176959765195
ctarjeta_debito_max6	0.000145280316228116	0.000129906608616728	0.000489176959765195
mv_mpagospesos	0.000144889274368813	0.000291156698167028	0.00110064815947169
rf_010_041	0.000144837230012802	0.00221905399769986	0.000856059679589091
mrentabilidad_annual_sobre_edad_delta6	0.000144377531220041	0.000508774612391341	0.000733765439647793
rf_004_035	0.000141005640571356	8.42154636348857e-05	0.000122294239941299
mrentabilidad_sobre_ctrx_q_lag6	0.000140032541406366	0.000331432440654089	0.000611471199706494
cproductos_sobre_ctrx_q	0.000139307351268279	0.000363623610723326	0.000489176959765195
Master_mpagominimo_ratioavg6	0.00013815005951782	0.00024152134671098	0.000366882719823896
Visa_mconsumospesos_lag2	0.000137722964580593	0.000218451591969304	0.000733765439647793
mrentabilidad_exp_lag6	0.000137508562636398	7.69785803527264e-05	0.000366882719823896
chomebanking_trx	0.000136646114468974	0.00181706719931622	0.000856059679589091
mrentabilidad_annual_exp_lag2	0.000135803407295124	0.000471315159429379	0.000611471199706494
Master_mlimitecompra_rank	0.000135625507066326	0.000160570537102702	0.000489176959765195
rf_028_040	0.000135030987067999	0.00152089442328857	0.000611471199706494
mtransferencias_recibidas_lag2	0.000134594305829312	0.000166161081980885	0.000856059679589091
mv_fultimo_cierre_lag1	0.000134249140021367	0.00054062250338911	0.000733765439647793
mv_fechaalta_lag1	0.000134195181456763	0.00033317685879277	0.000733765439647793
mvr_msaldopesos2_lag1	0.000133969577983937	0.000133234313901361	0.000733765439647793
mrentabilidad_rank	0.00013379586434536	0.000131335770465286	0.000489176959765195
cforex_sell_avg6	0.000133552475989357	0.000385362283351149	0.000489176959765195
mactivos_margen_sobre_antiguedad_lag6	0.000133013419808283	0.00048279048838986	0.000611471199706494
ccomisiones_otras_ratiomax6	0.000132835662810907	0.000151533190119173	0.000733765439647793
mcomisiones_mantenimiento_lag1	0.000132562799771335	0.000178245906435604	0.000611471199706494
ccomisiones_mantenimiento_delta1	0.000131295293898044	0.00199768803647075	0.000733765439647793
ccomisiones_otras_lag6	0.000130882869032963	0.000125366918038955	0.000611471199706494
mrentabilidad_annual_avg6	0.000130027708661696	0.000196888061724884	0.000366882719823896
Visa_msaldopesos_lag1	0.000129424483291844	0.000172837509636159	0.000611471199706494
cplazo_fijo_ratiomax6	0.000127992806620713	0.000547018703230941	0.000244588479882598
Visa_Fvencimiento_tend6	0.00012772413168304	0.0009390644199327	0.000611471199706494
mrentabilidad_sobre_antiguedad_delta6	0.000127543309382063	0.000513090120718359	0.000611471199706494
mrentabilidad_exp_delta6	0.000127263357142936	0.000242060785251857	0.000489176959765195
mrentabilidad_annual_min6	0.000125962788431097	0.000177223074916538	0.000611471199706494
mactivos_margen_por_edad_delta6	0.000123376475270646	0.000246292225234842	0.000489176959765195
mpasivos_margen_sobre_antiguedad_lag2	0.000121908237550787	0.00015472778719242	0.000366882719823896
mv_fultimo_cierre_rank	0.000121176967068768	0.000213155286295236	0.000733765439647793
cextraccion_autoservicio_avg6	0.000121003560678598	0.000625251303048824	0.000611471199706494
mactivos_margen_sobre_antiguedad_delta1	0.000120736612076377	0.000180438689075794	0.000611471199706494
Visa_mfinanciacion_limite	0.000120721533095527	0.000305350236917904	0.000489176959765195
mvr_mpagado_rank	0.000120546689478185	0.000162321960936719	0.000733765439647793
ratio_totalcomisiones_ctrx_lag2	0.000120263326706159	0.000207571747112389	0.000733765439647793
mactivos_margen_sobre_edad_lag2	0.000119901897140297	0.000161887607825883	0.000611471199706494
mvr_msaldototal_lag1	0.000118983621975153	0.000148646843640712	0.000611471199706494
mactivos_margen_por_antiguedad_rank	0.000118721104854872	0.000561254276153834	0.000489176959765195
Visa_mpagominimo_lag6	0.000117724622309906	0.000203403358387428	0.000611471199706494
Visa_fechaalta_rank	0.000117450712433819	0.000274896479292012	0.000489176959765195
cmobile_app_trx_delta6	0.000116730221344551	0.000297041482249326	0.000489176959765195
mcomisiones_otras_lag1	0.0001166777328861	0.000109478001016751	0.000489176959765195
mv_mfinanciacion_limite_lag6	0.000116005225456995	0.000131798146357467	0.000489176959765195
mv_mlimitecompra_lag1	0.000115811924260086	0.000119874452895477	0.000366882719823896
mpasivos_margen_sobre_antiguedad_lag6	0.000115257008694769	0.00101109697937816	0.000611471199706494
Visa_fechaalta_ratioavg6	0.000114168185343268	0.000133857820786271	0.000611471199706494
mpasivos_margen_por_antiguedad_delta2	0.000113176071356676	0.00045090756891541	0.000611471199706494
Visa_fultimo_cierre_avg6	0.000112573996940111	0.000238985284999322	0.000489176959765195
mrentabilidad_annual_sobre_ctrx_q_lag1	0.00010991662323209	0.000193511316572898	0.000489176959765195
Master_msaldopesos_ratiomax6	0.000109208071369965	0.000132884029134557	0.000366882719823896
mactivos_margen_por_ctrx_q_rank	0.00010916720922146	0.000352218338716206	0.000489176959765195
mactivos_margen_sobre_ctrx_q	0.000108927167718951	0.000173741244334512	0.000489176959765195
cmobile_app_trx_rank	0.000108406163421054	0.000264472004631942	0.000611471199706494
Visa_mpagado_ratioavg6	0.000107609242873403	0.00177695258782189	0.000733765439647793
Visa_fechaalta	0.000107281792411479	0.000156521245198454	0.000611471199706494
rf_014_038	0.000106353808499016	0.000186295450376747	0.000366882719823896
cextraccion_autoservicio_rank	0.000106311812592553	0.000118578399258304	0.000611471199706494
mrentabilidad_sobre_edad_lag6	0.000105875410069365	0.000208321356513348	0.000611471199706494
Master_mpagospesos	0.000104136499919269	0.000269123786335091	0.000244588479882598
Visa_cconsumos_lag6	0.000103972053618245	0.000201084473231189	0.000611471199706494
mcomisiones_por_edad_lag2	0.000103709476030874	0.000259455926771316	0.000611471199706494
Master_cconsumos_min6	0.000103603530884675	9.97330788042786e-05	0.000366882719823896
mcomisiones_sobre_antiguedad_lag2	0.000102255967338573	0.000446557032111711	0.000366882719823896
Visa_cconsumos	0.000100929360233628	0.000315690643233942	0.000733765439647793
mcomisiones_sobre_antiguedad_lag1	0.000100778713975427	0.000121576836862142	0.000366882719823896
mrentabilidad_annual_por_edad	0.000100214199259393	0.000433974803288131	0.000489176959765195
mpayroll_avg6	0.000100205851777463	0.000283380376343992	0.000244588479882598
mtarjeta_visa_consumo_ratioavg6	9.91612230670272e-05	0.000132036339998893	0.000366882719823896
mvr_Master_mlimitecompra_lag2	9.70939318286833e-05	0.00130779518255602	0.00097835391953039
cmobile_app_trx_lag1	9.58612323247212e-05	0.00023651227454569	0.000366882719823896
Visa_fultimo_cierre_ratioavg6	9.50566526751807e-05	0.000181979942049729	0.000366882719823896
mcomisiones_sobre_edad_lag6	9.39081981900898e-05	0.000188530267188953	0.000366882719823896
Visa_mconsumosdolares_lag1	9.36827209423166e-05	0.000322626281616651	0.000366882719823896
mpayroll_max6	9.2366323646658e-05	9.866120741786e-05	0.000244588479882598
mpayroll_sobre_edad_delta6	9.08292396085206e-05	0.000296684191787187	0.000366882719823896
cproductos_lag2	9.07944982413147e-05	0.000119194900447878	0.000489176959765195
mrentabilidad_annual_sobre_antiguedad_delta1	9.0435353953578e-05	9.16064722144385e-05	0.000366882719823896
rf_046_056	9.02735440177277e-05	0.000141248829365824	0.000244588479882598
Master_mpagominimo	8.99370174454263e-05	0.000152513987466223	0.000366882719823896
mactivos_margen_avg6	8.90794519956102e-05	0.000141963410290103	0.000366882719823896
mcomisiones_por_antiguedad_rank	8.52106359895121e-05	0.000111979034251727	0.000366882719823896
mcomisiones_sobre_edad_lag2	8.51641670299826e-05	0.000254432843215355	0.000244588479882598
Visa_msaldopesos_delta1	8.50338528902219e-05	9.32037707510622e-05	0.000366882719823896
Master_fechaalta_lag1	8.47480279738288e-05	0.000138887910037568	0.000489176959765195
mtarjeta_visa_consumo_tend6	8.45435811803489e-05	7.84357649826288e-05	0.000366882719823896
mcaja_ahorro_dolares_lag1	8.35624640790758e-05	0.000124750416849381	0.000366882719823896
Visa_msaldototal	8.2720251979535e-05	0.000469073336921837	0.000611471199706494
mrentabilidad_annual_por_ctrx_q_rank	8.1039281963034e-05	0.000122277406395749	0.000366882719823896
mcuenta_corriente_delta1	8.02972963345487e-05	0.000100552745158599	0.000366882719823896
chomebanking_trx_min6	7.8837223183668e-05	0.000113639384046376	0.000244588479882598
mpasivos_margen_por_antiguedad_delta1	7.85661272948343e-05	0.000171800666726421	0.000366882719823896
mpasivos_margen_sobre_ctrx_q	7.68356067646722e-05	8.26601992702784e-05	0.000366882719823896
rf_027_033	7.59314499094671e-05	0.00137067830389258	0.000489176959765195
mvr_mpagospesos	7.46196768346022e-05	8.45307199250088e-05	0.000366882719823896
Master_mpagospesos_lag1	7.45414928857777e-05	0.00013745874818901	0.000244588479882598
mrentabilidad_sobre_ctrx_q_delta2	7.29689010600544e-05	0.000225947685978898	0.000366882719823896
ctarjeta_master_trx	7.22120140728e-05	0.000198170103971384	0.000366882719823896
mpasivos_margen_sobre_antiguedad_lag1	7.21588037884487e-05	6.39339756369659e-05	0.000366882719823896
Visa_mpagominimo_delta1	7.15414786267039e-05	9.561372994667e-05	0.000244588479882598
catm_trx_ratioavg6	7.13265510439754e-05	0.000225604406907431	0.000366882719823896
mrentabilidad_annual_sobre_ctrx_q_lag6	7.07890163188426e-05	0.000175464645387185	0.000489176959765195
mcomisiones_por_antiguedad	7.03545398614666e-05	6.1608084785391e-05	0.000244588479882598
mvr_msaldopesos2_lag6	6.95471067321039e-05	0.000622196819882298	0.00097835391953039
mactivos_margen_sobre_ctrx_q_rank	6.93869870404101e-05	7.79173435277597e-05	0.000366882719823896
Visa_mfinanciacion_limite_max6	6.75232620435316e-05	9.54385875632683e-05	0.000244588479882598
mactivos_margen_por_edad_delta2	6.71152648811978e-05	0.000110809083130604	0.000366882719823896
mrentabilidad_annual_sobre_antiguedad_rank	6.48444315882249e-05	0.000240631623403299	0.000366882719823896
mpasivos_margen_avg6	6.46069977290205e-05	0.000189251853808569	0.000244588479882598
Visa_msaldopesos	6.37807716166959e-05	0.000198065018541343	0.000366882719823896
mactivos_margen_por_edad_rank	6.27779045027452e-05	5.95554160519227e-05	0.000244588479882598
mactivos_margen_ratiomax6	6.07207749480245e-05	0.000989197175757609	0.000733765439647793
ctotal_comisiones_rank	6.0009690837499e-05	0.000215971575820336	0.000244588479882598
mactivos_margen_sobre_ctrx_q_delta2	5.97038879721175e-05	0.000131160628081884	0.000366882719823896
mv_cconsumos_lag6	5.87324909085028e-05	0.000422772696445757	0.000489176959765195
Visa_mpagado_max6	5.86101032957899e-05	0.000299108162373467	0.000489176959765195
mtarjeta_visa_consumo_avg6	5.85437795889702e-05	0.000103957513091928	0.000244588479882598
mv_cconsumos_delta6	5.81955480995043e-05	0.000115327756622368	0.000122294239941299
mcomisiones_delta2	5.73992902333798e-05	7.78893207464154e-05	0.000244588479882598
mvr_msaldopesos_delta2	5.71184875813038e-05	0.00035666695525461	0.000366882719823896
mv_mlimitecompra_lag6	5.70384846123145e-05	7.38050003654871e-05	0.000244588479882598
mv_mconsumospesos_delta2	5.51977182140974e-05	5.11065474766235e-05	0.000244588479882598
ctarjeta_visa_trx	5.49232094111776e-05	0.000181972936354393	0.000611471199706494
ctransferencias_emitidas_tend6	5.30812502242996e-05	0.000282988057405172	0.000366882719823896
mplazo_fijo_dolares_delta6	5.26773153167314e-05	0.000124729399763373	0.000122294239941299
Visa_msaldopesos_delta2	5.11278627351044e-05	8.2414999933516e-05	0.000244588479882598
mcomisiones_por_ctrx_q_rank	5.0911428340809e-05	0.000185945165609944	0.000122294239941299
ctarjeta_visa_trx_delta2	5.07897950078179e-05	8.32136492018278e-05	0.000366882719823896
rf_017_041	5.06051957811612e-05	0.000157712213405586	0.000122294239941299
Visa_msaldototal_delta6	4.99280797204339e-05	0.000102731516408116	0.000489176959765195
mcomisiones_mantenimiento_lag6	4.9017650821722e-05	6.8915025020911e-05	0.000244588479882598
mrentabilidad_annual_por_edad_lag2	4.76683620739266e-05	0.000338347061950789	0.000244588479882598
mcomisiones_mantenimiento_lag2	4.64621252365567e-05	8.71368385900265e-05	0.000244588479882598
mcomisiones_lag1	4.11205168269598e-05	6.20284265055551e-05	0.000244588479882598
rf_048_041	3.92752380720676e-05	8.87411428219863e-05	0.000489176959765195
mtransferencias_emitidas_delta1	3.77670755380951e-05	0.000412656472380474	0.000733765439647793
ctarjeta_visa_debitos_automaticos_ratiomax6	3.75521119113115e-05	6.01649115461608e-05	0.000244588479882598
Master_cconsumos_tend6	3.72731152411837e-05	0.000134537373233869	0.000122294239941299
mv_msaldototal_delta2	3.36445062662568e-05	9.60480830575063e-05	0.000122294239941299
cprestamos_personales_ratioavg6	3.30165192446694e-05	6.09355380331283e-05	0.000122294239941299
mrentabilidad_annual_sobre_edad_delta2	3.26848653751143e-05	0.000109267830156669	0.000244588479882598
mvr_mpagospesos_delta2	3.26193592967424e-05	0.000292039415779373	0.000122294239941299
matm_other_avg6	3.25942563838619e-05	6.77170511184432e-05	0.000122294239941299
mvr_msaldototal_rank	3.2162778338367e-05	4.6587873984859e-05	0.000122294239941299
mprestamos_personales_min6	3.08661250596379e-05	4.66719423288918e-05	0.000122294239941299
mpasivos_margen_sobre_edad_lag2	3.08318961510293e-05	4.85494686789583e-05	0.000244588479882598
mprestamos_personales_delta6	2.97906362134075e-05	4.39817553198413e-05	0.000122294239941299
mplazo_fijo_dolares_ratioavg6	2.91889372596867e-05	0.000122214355137724	0.000122294239941299
Master_fechaalta_tend6	2.90723506612886e-05	0.000297055493639999	0.000122294239941299
mcomisiones_por_ctrx_q_lag1	2.82107399630763e-05	7.50169856586271e-05	0.000122294239941299
Visa_mpagosdolares_ratioavg6	2.77747903761927e-05	5.08823652258693e-05	0.000122294239941299
Master_Fvencimiento_rank	2.75849940030538e-05	6.19373524661862e-05	0.000244588479882598
Master_mpagominimo_lag1	2.73935476341658e-05	4.95162546353358e-05	0.000244588479882598
mrentabilidad_annual_exp_delta2	2.69282163318659e-05	6.44804198731793e-05	0.000244588479882598
Visa_fultimo_cierre_min6	2.66325337679421e-05	2.82539692903664e-05	0.000122294239941299
rf_028_041	2.63851931316955e-05	2.74553200220545e-05	0.000122294239941299
cextraccion_autoservicio_ratioavg6	2.60394211411611e-05	2.3244897125077e-05	0.000122294239941299
mrentabilidad_annual_exp_delta1	2.58668117828357e-05	0.000176781716110366	0.000122294239941299
Visa_fultimo_cierre_lag6	2.55686273930167e-05	2.51224234751435e-05	0.000122294239941299
ccomisiones_otras_min6	2.54159358945079e-05	2.81979237276778e-05	0.000122294239941299
ratio_deuda_acumulada_cproductos_sobre_ctrx_q_lag1	2.39344770451736e-05	3.39846280752708e-05	0.000122294239941299
mrentabilidad_annual_por_ctrx_q_lag2	2.30759102508806e-05	0.000131714078013434	0.000366882719823896
mrentabilidad_annual_por_edad_delta2	2.22266992272618e-05	0.000129780506100679	0.000244588479882598
ctransferencias_recibidas	2.17130763550341e-05	0.000200292829658213	0.000122294239941299
Master_msaldopesos_lag2	2.16672936969889e-05	2.10451087895513e-05	0.000122294239941299
mv_cconsumos_delta2	2.12523978064367e-05	0.000678200348398834	0.00097835391953039
mcomisiones_lag2	1.82950273964998e-05	4.04929190424789e-05	0.000244588479882598
mvr_mpagominimo_delta2	1.19553486139154e-05	0.000112350336104539	0.000244588479882598
mrentabilidad_annual_sobre_edad_lag1	1.07677535917796e-05	2.02464595212395e-05	0.000122294239941299
Visa_mconsumospesos_avg6	1.07414171502402e-05	2.20118947459289e-05	0.000122294239941299
mv_mconsumosdolares_delta2	4.36587854822374e-06	3.4713220390222e-05	0.000122294239941299
cproductos_sobre_ctrx_q_rank	6.7002969556673e-08	2.55427651953077e-05	0.000122294239941299
