Feature	Gain	Cover	Frequency
ctrx_quarter_normalizado_rank	0.0995309247903948	0.00975932758586032	0.00455143476869466
ctrx_quarter_normalizado	0.0604716417848825	0.00559151566175001	0.00309355331934715
rf_015_031	0.0595957449624958	0.001182893126413	0.000888952103260676
ctrx_quarter_rank	0.0550652025520795	0.0045674151367656	0.00280908864630374
rf_029_050	0.031362521587815	0.0025706774741511	0.000817835934999822
cpayroll_trx	0.0186051843920101	0.00797873558571858	0.00412473775912954
rf_008_046	0.0182500812630495	0.00254731350267126	0.00103118443978238
rf_040_043	0.0181182604112972	0.00616086677687082	0.00241794972086904
rf_037_029	0.0177007538836688	0.00057428692694812	0.000924510187391103
rf_012_036	0.0160689262030989	0.00423715881034947	0.00128009102869537
cproductos_sobre_ctrx_q	0.0145369795869274	0.00124646886617598	0.00152899761760836
rf_026_036	0.0144426279765668	0.00656196851215636	0.0022401593002169
mtarjeta_visa_consumo	0.0140403219363183	0.00500938054000959	0.00305799523521673
rf_039_033	0.0124965374928269	0.000339459117936336	0.000426697009565125
rf_026_027	0.0119376163228564	0.000870331219755118	0.000924510187391103
mprestamos_personales_ratiomax6	0.0113188801701661	0.00657491902129043	0.00355580841304271
mprestamos_personales_ratioavg6	0.00959142908382504	0.00554912242831963	0.00327134373999929
mtarjeta_visa_consumo_rank	0.00938051370902526	0.00555034720952778	0.00348469224478185
cproductos_ratiomax6	0.00841440024540279	0.00363815895934664	0.00305799523521673
mpasivos_margen_por_ctrx_q	0.00762624873352392	0.00220202115257539	0.00252462397326032
cpayroll_trx_ratiomax6	0.00692460159480887	0.00788734545980929	0.00352025032891228
cproductos_ratioavg6	0.00690128322356128	0.00169648283164494	0.00163567186999964
mdescubierto_preacordado_delta2	0.00660651087494108	0.0156043390927785	0.00398250542260783
ratio_totalcomisiones_antiguedad	0.00651393429779281	0.0108480113319241	0.00878284678021548
rf_034_041	0.00597022482910881	0.000183307980127152	0.000355580841304271
exp_totalcomisiones_lag6	0.005623799996717	0.00485427639258802	0.00650712939586815
exp_totalcomisiones_lag2	0.00554518633479009	0.00646077449242887	0.00615154855456388
ratio_totalcomisiones_antiguedad_rank	0.00526064811708029	0.0073993830314234	0.00661380364825943
mpayroll_sobre_edad_rank	0.00525887664599726	0.00257907315178759	0.00295132098282545
ratio_totalcomisiones_antiguedad_lag2	0.00477738662985311	0.00429614585369667	0.0047292251893468
cproductos_sobre_edad_delta6	0.00477096201545168	0.00647342586145219	0.00465810902108594
mcaja_ahorro_rank	0.00473419985251603	0.00183438642269864	0.0017067880382605
mcuentas_saldo	0.00451908239955245	0.00208526338085958	0.00284464673043416
cproductos_sobre_ctrx_q_rank	0.00444875004303453	0.000894454329817883	0.00110230060804324
mcaja_ahorro	0.00431675397791999	0.00251056442227382	0.00231127546847776
mcuentas_saldo_ratioavg6	0.0042647996222123	0.00609999458641062	0.00583152579739004
mdescubierto_preacordado_tend6	0.0039640529368449	0.00394679535757012	0.00135120719695623
rf_032_036	0.00396015765695261	0.00215561774841511	0.000853394019130249
mv_status01	0.0039166470787079	0.000361005672139566	0.000462255093695552
Visa_status_max6	0.00376528656773984	0.00964704562749962	0.00259574014152118
mcuenta_corriente_delta6	0.00376414222506253	0.000599403407944681	0.000924510187391103
mpayroll_ratioavg6	0.00363764568394905	0.00442645241476805	0.00234683355260819
ratio_totalcomisiones_antiguedad_lag1	0.00361897588349794	0.00488305875097947	0.00448031860043381
mpayroll_rank	0.00358233499427998	0.00188343693463136	0.00288020481456459
rf_003_048	0.00340720021386181	0.000155699605566549	0.000320022757173844
cpayroll_trx_rank	0.00332247549538524	0.00350059966162795	0.00316466948760801
cpayroll_trx_ratioavg6	0.00324092351497869	0.00357787376080186	0.00181346229065178
exp_totalcomisiones_lag1	0.00311114606777356	0.00341756570428392	0.00455143476869466
mprestamos_personales_max6	0.00305457979761048	0.000982037474506454	0.000853394019130249
cproductos_sobre_antiguedad_delta6	0.00298266015678415	0.00858187260089455	0.00732496533086797
total_comisiones_lag6	0.00295510510022997	0.00228963816218216	0.00380471500195569
total_comisiones_lag2	0.00289054171380895	0.0027483215467097	0.00359136649717313
ccomisiones_mantenimiento_ratioavg6	0.00287856183697584	0.00286608679974189	0.00259574014152118
mcuentas_saldo_min6	0.00281133743859918	0.00907753083194085	0.00508480603065107
rf_003_050	0.00280152084113054	0.000298942565389411	0.000284464673043416
mcuentas_saldo_delta6	0.00261532830328501	0.00280610074130786	0.00483589944173808
mcomisiones_mantenimiento_rank	0.00255388165927299	0.00361809681739107	0.00355580841304271
mpayroll	0.00252448854145648	0.00202231696415977	0.00167122995413007
mpayroll_sobre_edad	0.0024784291043015	0.00358431656148896	0.00199125271130392
mpayroll_min6	0.00247127018559261	0.0061959931632713	0.00426697009565125
mcomisiones_mantenimiento	0.00245636662424962	0.00221180246978147	0.00227571738434733
mcomisiones_mantenimiento_max6	0.00238305985189924	0.00333115372134968	0.00327134373999929
mcaja_ahorro_dolares_ratioavg6	0.00221809889877341	0.00388440488994405	0.00416029584325996
ratio_deuda_acumulada_cproductos_sobre_ctrx_q_delta6	0.00219558947559036	0.00731780808763839	0.00256018205739075
exp_totalcomisiones	0.00214328669257961	0.00458565421729153	0.00437364434804253
mplazo_fijo_dolares_rank	0.0021403612061355	0.0118037103663023	0.00430252817978167
mtarjeta_visa_debitos_automaticos_tend6	0.00207693601825124	0.00592256216959075	0.00373359883369484
total_deuda_acumulada	0.00206024287753972	0.0033184233341839	0.00160011378586922
mcaja_ahorro_dolares_delta1	0.00196834495673815	0.00554374637255576	0.00295132098282545
mv_status04	0.00189850420457474	0.000223480239339068	0.000248906588912989
total_comisiones	0.00182248595813791	0.00356618471987065	0.00398250542260783
cproductos_rank	0.0017900407606491	0.00227790961217972	0.00416029584325996
mdescubierto_preacordado_rank	0.00177886974096082	0.000928212009107868	0.00160011378586922
ratio_deuda_acumulada_antiguedad	0.00173490800084656	0.00845294321316321	0.00270241439391246
mv_status01_rank	0.00171917393676415	0.000811823929415712	0.00138676528108666
mdescubierto_preacordado	0.00171298399197536	0.000601522787408548	0.000533371261956406
tcallcenter_ratioavg6	0.00171164073310087	0.00217753681671852	0.00152899761760836
mpasivos_margen_por_ctrx_q_rank	0.00170512670788417	0.000674388803063741	0.00142232336521708
mcomisiones_mantenimiento_ratioavg6	0.00169785187864678	0.00198155206887939	0.00206236887956477
ratio_totalcomisiones_ctrx_lag6	0.00165596309078047	0.00194636359679556	0.0030224371510863
mcomisiones_sobre_antiguedad_rank	0.00164334216384542	0.00375382176537407	0.0026312982256516
mcaja_ahorro_dolares_ratiomax6	0.00164085531014965	0.00479255193501984	0.00305799523521673
mrentabilidad_annual_sobre_antiguedad_delta6	0.00160747621289459	0.00297731047940891	0.003413576076521
thomebanking_ratioavg6	0.00160138618507581	0.00605295621503414	0.00291576289869502
mprestamos_personales	0.00159878426379988	0.00305229305245146	0.0013156491128258
total_comisiones_lag1	0.00159649332755782	0.00212022608682209	0.00298687906695587
ratio_totalcomisiones_antiguedad_delta1	0.00159046341379477	0.00153347969205377	0.00192013654304306
ratio_totalcomisiones_ctrx_rank	0.00156644607565858	0.00371579428431467	0.00401806350673826
mcomisiones_sobre_antiguedad	0.00155934120558027	0.00328104210864677	0.00248906588912989
ratio_totalcomisiones_ctrx	0.0015271415926407	0.0049610891666598	0.00455143476869466
mrentabilidad_annual_exp_delta6	0.00149047583270692	0.00332383607694248	0.0030224371510863
mcuentas_saldo_ratiomax6	0.00148736550329947	0.00318853444043696	0.00462255093695552
ccomisiones_mantenimiento	0.00148521393262711	0.000184112271934345	0.000391138925434698
mrentabilidad_sobre_ctrx_q	0.0014792031425469	0.00252979122958052	0.0030224371510863
ratio_totalcomisiones_antiguedad_lag6	0.00147876101464957	0.0011930554239488	0.00238239163673861
mcuentas_saldo_rank	0.00146149472571309	0.00144913064705307	0.00174234612239093
mv_mpagominimo	0.00146082538372448	0.000800998443898543	0.00110230060804324
tcallcenter_tend6	0.00140021290592109	0.00295937900522328	0.00163567186999964
mrentabilidad_annual_sobre_antiguedad_lag6	0.00137345932563897	0.00228623755997982	0.00327134373999929
mcomisiones_mantenimiento_ratiomax6	0.00136153095656795	0.000464175145428588	0.000888952103260676
ccomisiones_mantenimiento_avg6	0.00133944683936756	0.00616895484816702	0.00227571738434733
mrentabilidad_annual_exp_lag6	0.00131013814023657	0.00181294992947955	0.00259574014152118
ccaja_ahorro_rank	0.00129851825982013	0.00151192184954447	0.00241794972086904
cliente_edad_rank	0.00129770205041547	0.00279333366714736	0.0030224371510863
Master_fechaalta	0.00127643875505263	0.00108983233120597	0.00220460121608648
ccaja_ahorro	0.00126479739716598	0.00596626766860129	0.00181346229065178
ccomisiones_mantenimiento_rank	0.00126009570781647	0.000835142747671284	0.00160011378586922
mrentabilidad_annual_sobre_ctrx_q_delta1	0.00124928404716686	0.00302133487306581	0.00309355331934715
mcaja_ahorro_delta2	0.00124887650121963	0.00123018266259945	0.00163567186999964
ccallcenter_trx_ratioavg6	0.00124884472972584	0.00244779579639455	0.00138676528108666
ctarjeta_visa_trx_rank	0.00122727753429806	0.00188810747126612	0.00252462397326032
exp_totalcomisiones_rank	0.00122657031484688	0.00198482849971501	0.00259574014152118
ccajas_consultas_tend6	0.00120734106499674	0.00991015346528293	0.00284464673043416
mcomisiones_max6	0.00120201203966592	0.000675102788422407	0.00145788144934751
cpagomiscuentas_ratioavg6	0.00118855882838176	0.0060588966861013	0.00323578565586886
total_deuda_acumulada_lag1	0.00118823507729614	0.000940516262719667	0.000497813177825979
mrentabilidad_max6	0.00118328065152537	0.000349480311646312	0.000640045514347687
mcaja_ahorro_ratioavg6	0.0011794929182499	0.00132767694001385	0.00227571738434733
chomebanking_trx_ratioavg6	0.00117322170621225	0.00294147575180281	0.00337801799239057
ctarjeta_visa_trx_ratioavg6	0.0011685302303423	0.00118017546672764	0.00192013654304306
mactivos_margen_ratioavg6	0.00116542131694709	0.00134997698864698	0.0022401593002169
mcomisiones_sobre_antiguedad_lag6	0.00114733064495573	0.00359818142341436	0.00316466948760801
total_deuda_acumulada_rank	0.00112527629494357	0.00185294157579442	0.00206236887956477
cliente_edad_avg6	0.00110798241592249	0.00285072623726276	0.00280908864630374
mrentabilidad_sobre_ctrx_q_rank	0.00110066825469288	0.00121558123870325	0.00227571738434733
Visa_mpagospesos_ratiomax6	0.00109892942396737	0.00392069961602234	0.00337801799239057
mcuenta_debitos_automaticos_rank	0.00109835225478873	0.00268573917788051	0.00280908864630374
mcomisiones_mantenimiento_delta6	0.00109611520997744	0.00162023596832302	0.00135120719695623
cliente_edad_min6	0.00109242104351169	0.00200059826328903	0.00259574014152118
Master_Fvencimiento_max6	0.00109186202666837	0.00136164627504257	0.00259574014152118
mactivos_margen_por_ctrx_q_delta6	0.00108987623776455	0.00350647522493523	0.00252462397326032
total_deuda_acumulada_delta2	0.00107980690722861	0.00454716673775995	0.00174234612239093
mcuenta_corriente_lag2	0.00107264669201372	0.00424447645475667	0.00273797247804288
total_comisiones_rank	0.00104108221898909	0.00162164700658125	0.0022401593002169
mv_mpagospesos_delta6	0.00103697429062188	0.00191628872735956	0.00213348504782562
ratio_total_mcaja_ahorro_ctrx_q	0.00103588732713238	0.00231467562503626	0.00309355331934715
mvr_msaldopesos_delta6	0.00103398932207091	0.00632072330114613	0.00245350780499947
cliente_edad_lag2	0.00101882886319117	0.00233220918643307	0.0026312982256516
cliente_edad_lag6	0.00101122130722299	0.00259929050795156	0.00291576289869502
mcuenta_corriente_lag6	0.00100567422797351	0.00513728551396545	0.00284464673043416
mcuenta_corriente_ratiomax6	0.00100534689901555	0.00585872115463522	0.003413576076521
cproductos_sobre_antiguedad_delta2	0.000995805830126123	0.00260021050489593	0.00362692458130356
mrentabilidad_annual_ratioavg6	0.000982715664607153	0.00172073293515094	0.00252462397326032
mrentabilidad_sobre_ctrx_q_delta6	0.000981234508647263	0.00119588878877133	0.00270241439391246
chomebanking_trx_delta1	0.000981217473789972	0.00445975009558585	0.00284464673043416
ctransferencias_recibidas_ratiomax6	0.000962952584205272	0.00194883009167095	0.00298687906695587
total_mcaja_ahorro	0.000961364033211493	0.00178196352932874	0.00256018205739075
mrentabilidad_annual_ratiomax6	0.000949844276105096	0.000961808830036415	0.00213348504782562
ratio_total_mcaja_ahorro_antiguedad	0.000948545635002859	0.00247197534798764	0.00277353056217331
chomebanking_trx_max6	0.000946851811410067	0.00261097954888277	0.00266685630978203
mtransferencias_recibidas	0.000934891310672508	0.00234522460332702	0.0022401593002169
mcuenta_corriente_min6	0.000916022284422642	0.000991003211599272	0.00231127546847776
cpayroll_trx_lag1	0.000911279651501828	9.64077779555655e-05	0.000142232336521708
Master_fechaalta_rank	0.000907405122075953	0.00109816027900606	0.0013156491128258
mcuenta_debitos_automaticos_ratiomax6	0.000903359699679577	0.00299920132694715	0.00231127546847776
Master_status_max6	0.000896857818911552	0.000693649475288632	0.000462255093695552
mcaja_ahorro_dolares_lag6	0.000883373184024127	0.00180672725076074	0.00220460121608648
ccajas_consultas_ratioavg6	0.000880854251926592	0.00386126386250902	0.00156455570173879
cproductos_sobre_edad_lag6	0.000879758720073008	0.00230122843043529	0.00359136649717313
Visa_mpagominimo_min6	0.000867077231670111	0.00242909671739644	0.00256018205739075
Master_mpagospesos_tend6	0.000861698744111516	0.00545214459090774	0.00213348504782562
mcaja_ahorro_delta6	0.000860472402734542	0.00125717300240294	0.00238239163673861
ctarjeta_visa_debitos_automaticos_tend6	0.000852237092688699	0.00181455004686439	0.0017067880382605
cprestamos_personales_avg6	0.000852108456549636	0.00207389887872776	0.000924510187391103
mcaja_ahorro_ratiomax6	0.00085081094885688	0.00116329662708265	0.00245350780499947
Visa_cconsumos_delta6	0.000842097155532532	0.00306485129294974	0.00160011378586922
ratio_total_mcaja_ahorro_antiguedad_lag6	0.000841412651549515	0.0019120273918197	0.00252462397326032
rf_038_045	0.000838961620306081	0.000549063207043932	0.000213348504782562
mpasivos_margen_max6	0.000835667423416752	0.00096206846107593	0.00167122995413007
mautoservicio_ratioavg6	0.000833170187266171	0.00151432343665999	0.00177790420652135
thomebanking_rank	0.000832962454099424	0.00151069142418329	0.00192013654304306
thomebanking	0.000826553953582592	0.00118422514652877	0.00110230060804324
ratio_total_mcaja_ahorro_ctrx_q_lag6	0.000819378093280263	0.00140177338103023	0.00270241439391246
mpasivos_margen_sobre_edad_rank	0.000818864630618295	0.000596135443338612	0.00110230060804324
mpasivos_margen_avg6	0.000818685815252147	0.000734896945653322	0.000888952103260676
ccallcenter_trx_tend6	0.000814973881185939	0.00370168390173233	0.0017067880382605
ratio_total_mcaja_ahorro_antiguedad_rank	0.000814559421573591	0.00173193657892132	0.0020979269636952
mrentabilidad_ratiomax6	0.000812925207677537	0.00477091507436808	0.00256018205739075
ratio_total_mcaja_ahorro_ctrx_q_delta1	0.000808177594934671	0.00247566662407118	0.0026312982256516
mv_Fvencimiento_lag2	0.000805262103310507	0.00264431391669529	0.00248906588912989
mactivos_margen_min6	0.000802321555527903	0.00124121980385535	0.00195569462717349
mrentabilidad_annual_por_ctrx_q_delta6	0.000801092827713556	0.00149259062540667	0.00216904313195605
ctarjeta_master_trx_rank	0.000798860309382564	0.00146384495400993	0.00188457845891263
mtarjeta_visa_debitos_automaticos_delta6	0.000793778060927223	0.0027572675292669	0.00284464673043416
tpaquete9_rank	0.000793498833046549	0.00136850674305411	0.00241794972086904
ratio_comisiones_rank	0.000786658310729395	0.000971166835765021	0.00160011378586922
total_mcaja_ahorro_lag1	0.000783120076189313	0.00139422714842519	0.00252462397326032
ratio_total_mcaja_ahorro_antiguedad_delta6	0.000779048035721339	0.00155663200779487	0.00248906588912989
mcomisiones_avg6	0.000777226308991984	0.00178545726005613	0.00177790420652135
Visa_status_avg6	0.000775461814865771	0.000790765594449831	0.000391138925434698
mcaja_ahorro_dolares_rank	0.000774040345713947	0.00257825757167433	0.00184902037478221
cproductos_sobre_edad	0.000773613061249626	0.0036063795556947	0.00380471500195569
Visa_mpagospesos_max6	0.000764334558563047	0.00317251068997646	0.00366248266543399
cproductos_sobre_edad_rank	0.000763209991416036	0.00370115617342375	0.00401806350673826
Visa_mpagominimo_ratioavg6	0.000762235693874993	0.00424412369519211	0.00273797247804288
mrentabilidad_annual_sobre_ctrx_q_delta6	0.000761561535406912	0.00105300705474258	0.00213348504782562
Visa_cconsumos_max6	0.000754331921418045	0.00294607009237162	0.0020979269636952
cliente_antiguedad_ratioavg6	0.000753974828124239	0.00149212498278145	0.0022401593002169
ratio_totalcomisiones_antiguedad_delta2	0.000750701587457211	0.000944656248969325	0.00192013654304306
mrentabilidad_annual_sobre_edad_lag6	0.000745327007565575	0.00173351411969402	0.00202681079543434
chomebanking_trx_ratiomax6	0.000743154462318671	0.00125962820897227	0.0022401593002169
mprestamos_personales_avg6	0.000742554023670697	0.000203855519243552	0.000213348504782562
ccomisiones_otras_ratioavg6	0.000739065831493977	0.00455564707769193	0.00266685630978203
mactivos_margen_por_antiguedad	0.000729149043883242	0.00226787430808716	0.00128009102869537
rf_015_048	0.000727853108011804	1.88768698186516e-05	7.11161682608541e-05
mvr_Visa_mlimitecompra	0.000723999287418752	0.0012367214138881	0.00220460121608648
mpasivos_margen_ratioavg6	0.000722028794709552	0.000874386543709282	0.00195569462717349
Visa_fechaalta_lag6	0.000718265933222195	0.00291417780565902	0.00384027308608612
Master_Fvencimiento_ratioavg6	0.000712318180019754	0.000907052079387394	0.00184902037478221
ccaja_ahorro_max6	0.000712295210061523	0.00335284137937874	0.00113785869217367
mpasivos_margen_tend6	0.00070527716524475	0.00218068907618741	0.00195569462717349
ccallcenter_trx_rank	0.000697235667219079	0.00191990380737716	0.00142232336521708
mcomisiones_sobre_edad_delta6	0.000690818330564633	0.000967083291045693	0.00174234612239093
ratio_deuda_acumulada_antiguedad_rank	0.00068814064994901	0.0031943168752192	0.00206236887956477
Master_Fvencimiento_lag2	0.000686105249669863	0.000903482152594063	0.00184902037478221
rf_035_056	0.000681111768820624	0.000610322021986894	0.000355580841304271
Master_Fvencimiento_avg6	0.000680256883414742	0.000722191957176185	0.00181346229065178
ratio_total_mcaja_ahorro_ctrx_q_rank	0.000669495442570714	0.0012712523421436	0.00227571738434733
mtransferencias_emitidas_max6	0.000668415417132689	0.00171120560483135	0.003413576076521
Master_msaldototal_avg6	0.000666312765317626	0.00159481188098616	0.00156455570173879
rf_014_039	0.000664779064869449	0.00100947652447607	0.000497813177825979
mcuenta_debitos_automaticos	0.000661577260254254	0.00212971673014697	0.00156455570173879
ratio_comisiones_lag6	0.000659060191097933	0.00122284526365663	0.00181346229065178
mpasivos_margen_por_edad	0.000651876973045392	0.00107050957329771	0.000995626355651957
Visa_cconsumos_delta2	0.000651447282837972	0.00334914163706565	0.00138676528108666
cproductos_sobre_edad_lag1	0.000645184159573136	0.00170045913745664	0.00238239163673861
ratio_totalcomisiones_antiguedad_delta6	0.000641294977312971	0.000988940273665734	0.00188457845891263
mcomisiones_otras_max6	0.000640289084275272	0.00082919381037457	0.00163567186999964
thomebanking_avg6	0.000640105570723826	0.0023565834613058	0.00152899761760836
Master_Fvencimiento_min6	0.000639661510892306	0.00070398109741542	0.00149343953347794
total_mcaja_ahorro_rank	0.000639215017255189	0.000940874666437258	0.00184902037478221
Master_mfinanciacion_limite_lag6	0.000639182120565719	0.000844842224658383	0.00181346229065178
rf_039_035	0.000631049540596916	0.00205526752956604	0.000995626355651957
ccallcenter_trx_ratiomax6	0.000627336512045165	0.00105198546304362	0.000711161682608541
total_mcaja_ahorro_lag6	0.000626307793008948	0.00105171172162152	0.00216904313195605
ctarjeta_debito_trx_avg6	0.000624516461790434	0.00106404984015152	0.00227571738434733
Visa_fechaalta_lag1	0.000624231366896542	0.00168778236974467	0.00227571738434733
mrentabilidad_annual_sobre_ctrx_q	0.000620888409182152	0.000762000168517477	0.00177790420652135
Master_fechaalta_min6	0.000616521118818983	0.000956254983452006	0.0017067880382605
mcaja_ahorro_max6	0.000613755219108327	0.00106160592188826	0.00160011378586922
Master_mlimitecompra_min6	0.000613413918822504	0.000933757389462727	0.00149343953347794
mcomisiones_tend6	0.000610540440924729	0.000632407592804769	0.00142232336521708
Master_fechaalta_lag6	0.000607962477690295	0.0013541621281209	0.00256018205739075
mtarjeta_master_consumo_ratioavg6	0.00060625474978441	0.00112960667762906	0.000853394019130249
Visa_cconsumos_lag2	0.000601607189065639	0.00275367502586144	0.0017067880382605
ctrx_quarter_delta6	0.000600135830228406	0.000929160226817401	0.00206236887956477
mrentabilidad_annual_por_edad_lag6	0.000598120569954916	0.000846064183790013	0.00135120719695623
ctarjeta_master_trx_ratioavg6	0.000597102678591258	0.00133439630419956	0.000853394019130249
mv_Fvencimiento	0.000596510067020155	0.000992318299255946	0.00195569462717349
ctarjeta_visa_trx_ratiomax6	0.000593326438879214	0.000656666162540325	0.0013156491128258
Visa_mpagospesos_tend6	0.000592755640040981	0.00112850324571112	0.0017067880382605
mcomisiones_por_ctrx_q_delta6	0.00059062508386287	0.00106293794200403	0.00174234612239093
mtarjeta_visa_debitos_automaticos_delta2	0.000590495199549978	0.00247443337663349	0.00135120719695623
mrentabilidad_annual_sobre_antiguedad	0.000590045319687828	0.00149116265468934	0.0017067880382605
mcaja_ahorro_dolares_delta2	0.000589081923101885	0.00115494610267042	0.00142232336521708
mrentabilidad_delta2	0.00058846786417462	0.00172095305711923	0.00202681079543434
mcomisiones_sobre_edad	0.000588360792750138	0.00164016547268231	0.00138676528108666
cproductos_sobre_edad_lag2	0.000584360071884751	0.00149877661713077	0.00259574014152118
mtransferencias_recibidas_rank	0.000583113102131534	0.0016830582136561	0.00149343953347794
ctransferencias_recibidas_avg6	0.000582150087277868	0.00110327952580693	0.00192013654304306
mrentabilidad_annual_sobre_antiguedad_delta2	0.00057484648127346	0.00150251022436205	0.00174234612239093
total_mcaja_ahorro_lag2	0.000574024201866203	0.00132345793562174	0.00227571738434733
mpasivos_margen_sobre_ctrx_q_lag6	0.000571888293338626	0.00215612007803504	0.00206236887956477
chomebanking_trx_delta6	0.000571152671504446	0.00151925360433426	0.00199125271130392
ratio_total_mcaja_ahorro_antiguedad_lag1	0.000569937846897251	0.00112336142229812	0.00181346229065178
mrentabilidad_annual_max6	0.000569237799716245	0.00339696454571371	0.00156455570173879
chomebanking_trx_tend6	0.000565854126489943	0.00156874436020355	0.00167122995413007
mactivos_margen_sobre_antiguedad	0.00056435400927629	0.00198559892660401	0.00124453294456495
Visa_mlimitecompra_lag6	0.000562691623334847	0.00069391475048118	0.00135120719695623
rf_022_038	0.000557570345443082	0.000177991187970127	0.000177790420652135
mtransferencias_recibidas_delta6	0.000556552305568551	0.00148681947893049	0.00156455570173879
mactivos_margen	0.000556507228732807	0.00125363411845129	0.000924510187391103
mcomisiones_otras_min6	0.000552677403980887	0.00132499878939973	0.00113785869217367
mrentabilidad_annual_sobre_antiguedad_lag2	0.000551770553971961	0.00135777438606198	0.0017067880382605
mrentabilidad_annual_sobre_edad_delta6	0.000551616107022011	0.00102035562944705	0.00167122995413007
rf_030_046	0.000550943649505032	0.000312948531140639	0.000497813177825979
mtransferencias_emitidas_avg6	0.00055079940625384	0.00209182188668385	0.00327134373999929
mcuentas_saldo_delta1	0.000550201026006748	0.00376797165702763	0.00206236887956477
Visa_mfinanciacion_limite_lag6	0.000546068692367493	0.00063254305247756	0.00142232336521708
mcomisiones_ratiomax6	0.000544737993708261	0.0009138222409504	0.0017067880382605
mcomisiones_por_edad_lag1	0.000540695064817527	0.00192943678184979	0.00156455570173879
cpagomiscuentas_ratiomax6	0.000536824467453835	0.00084559571908828	0.00110230060804324
chomebanking_trx_avg6	0.000534121687899141	0.000782908933427985	0.0017067880382605
mrentabilidad_ratioavg6	0.000533883729660708	0.000865116022352686	0.0017067880382605
chomebanking_trx_delta2	0.000529332014259169	0.00135886652967385	0.00163567186999964
mcuenta_corriente_tend6	0.000528434818555836	0.000923298773892698	0.00156455570173879
mtarjeta_visa_consumo_ratiomax6	0.000527653842211549	0.00073937275900844	0.00135120719695623
Visa_mpagospesos_delta6	0.000527217178908069	0.000801283473626706	0.0017067880382605
mv_msaldopesos_delta6	0.000524668533019007	0.00164270534154713	0.00124453294456495
mactivos_margen_sobre_ctrx_q_delta6	0.000521626325734844	0.000883507495010505	0.00167122995413007
ratio_total_mcaja_ahorro_antiguedad_delta1	0.000520630863257363	0.000952631437204862	0.00145788144934751
mcomisiones_por_edad_lag6	0.000518702214445969	0.001139021124888	0.00128009102869537
mtarjeta_visa_consumo_ratioavg6	0.000515735981045799	0.000623106028606492	0.00113785869217367
mrentabilidad_annual_sobre_ctrx_q_lag6	0.000511131650685594	0.000676031251596325	0.00163567186999964
ratio_total_mcaja_ahorro_ctrx_q_lag1	0.000508472848767925	0.00106614946507977	0.00181346229065178
mtransferencias_emitidas_rank	0.000506463013965765	0.00246464077112135	0.00334245990826014
mcuentas_saldo_delta2	0.000506204832874016	0.00178575357809036	0.00160011378586922
mv_fechaalta_lag6	0.000505847604524422	0.0021972066900383	0.00277353056217331
mvr_Master_mlimitecompra_lag1	0.000505134914203966	0.00168653501192439	0.00152899761760836
Master_mlimitecompra	0.000501981692646496	0.00105829562613444	0.00152899761760836
mrentabilidad_sobre_antiguedad_delta6	0.00050193284416565	0.000822353096898653	0.00163567186999964
mrentabilidad_sobre_ctrx_q_delta1	0.000501435162807238	0.00102994222337349	0.00181346229065178
Visa_mconsumosdolares_max6	0.000500816858497478	0.000750088183541468	0.00167122995413007
Visa_cconsumos_ratioavg6	0.000495581308407551	0.000972205359923081	0.00167122995413007
ctarjeta_visa_debitos_automaticos_ratioavg6	0.000495255140848588	0.00070955752061196	0.00117341677630409
Master_fechaalta_lag2	0.000493747679418472	0.000814572631942752	0.00177790420652135
Visa_msaldototal_ratiomax6	0.000492845632184733	0.000952253278951655	0.00174234612239093
mcaja_ahorro_lag6	0.000492650631917469	0.000740340731253588	0.00117341677630409
mv_msaldototal_rank	0.000491932787940393	0.000303054330873904	0.000640045514347687
mactivos_margen_tend6	0.000484167150308245	0.000918625415181428	0.0013156491128258
rf_020_030	0.000484114331705367	0.000152637652546182	0.000142232336521708
mtarjeta_visa_debitos_automaticos_ratioavg6	0.000482841578253421	0.00104138574364777	0.00149343953347794
mrentabilidad_annual_por_edad	0.000482532752245829	0.00131518078519894	0.00124453294456495
mdescubierto_preacordado_delta6	0.0004821965606386	0.00126090378755771	0.000355580841304271
chomebanking_trx_lag6	0.000481245752760475	0.000893839117137293	0.00145788144934751
mcuenta_corriente_avg6	0.000480174258690656	0.00101954851556334	0.00152899761760836
Visa_mpagominimo_avg6	0.000477905369894129	0.000817874461467019	0.00152899761760836
mv_fechaalta	0.000475634933757637	0.00108379873161376	0.00174234612239093
mautoservicio_ratiomax6	0.000474475203968276	0.00128479548734613	0.00160011378586922
mcomisiones_sobre_edad_lag6	0.00047295612348863	0.000827136516594065	0.00142232336521708
Master_fechaalta_lag1	0.000472172417089769	0.000867991718322966	0.00145788144934751
ccallcenter_trx	0.000470050863766238	0.00127446104314283	0.000568929346086833
mrentabilidad_sobre_antiguedad_lag1	0.000469481797568169	0.00233638303760093	0.00149343953347794
mcuenta_corriente_ratioavg6	0.000468746253274947	0.000704141955776859	0.00177790420652135
mcomisiones_mantenimiento_avg6	0.000466260019262885	0.000630691770282757	0.00110230060804324
mpayroll_delta6	0.000463619289526489	0.0019986736071048	0.00120897486043452
mrentabilidad_sobre_edad	0.000461858446581259	0.000594176922236183	0.00117341677630409
mcaja_ahorro_lag1	0.000459852767529557	0.000932044389017231	0.00138676528108666
cextraccion_autoservicio_tend6	0.000458902983047758	0.00315365357469342	0.00156455570173879
Visa_mpagominimo_max6	0.000458745084696849	0.000526119724965051	0.0013156491128258
mrentabilidad_annual_delta6	0.000456124023949958	0.000900485107333574	0.00113785869217367
cproductos_avg6	0.000456118092368356	0.000746052614122919	0.00156455570173879
mpasivos_margen_por_antiguedad_delta6	0.000449174910997194	0.000940925463814555	0.00113785869217367
Master_Fvencimiento_rank	0.000448928381620949	0.000421296514837379	0.00103118443978238
mcuenta_corriente_rank	0.000444535407707658	0.000998052758737408	0.00160011378586922
mrentabilidad_annual_sobre_ctrx_q_lag2	0.000442295396125599	0.00190003638870123	0.00152899761760836
mpasivos_margen_sobre_antiguedad_delta1	0.000441074943915273	0.00182389394221041	0.00192013654304306
mcomisiones_mantenimiento_tend6	0.000439580309457922	0.000879209472475925	0.000995626355651957
chomebanking_trx	0.000437185380287988	0.00246012262661848	0.0017067880382605
mcaja_ahorro_tend6	0.000436377124957942	0.00062588012982218	0.00145788144934751
mcuenta_debitos_automaticos_delta6	0.000435138086028418	0.00127660017714231	0.000995626355651957
cliente_antiguedad_lag6	0.000431241408151558	0.000720267300991955	0.00142232336521708
Visa_mpagominimo	0.000430970843337401	0.000687988389796598	0.00113785869217367
cproductos_sobre_antiguedad_lag2	0.000425589467782647	0.000860487816865679	0.0013156491128258
Visa_cconsumos_avg6	0.000422809063011681	0.0014120344512441	0.00124453294456495
Master_Fvencimiento_lag6	0.000422488894501602	0.000664731657224389	0.00128009102869537
mv_fechaalta_rank	0.000421203935175517	0.00120449047799353	0.00142232336521708
cprestamos_personales_rank	0.000421005401533629	0.00169482627272977	0.00152899761760836
mcaja_ahorro_avg6	0.000418114513850138	0.000750816279282716	0.0013156491128258
rf_039_047	0.000417611303130505	0.000575861645644309	0.000355580841304271
mcomisiones_sobre_edad_rank	0.00041538660168023	0.00137416782854614	0.00110230060804324
mactivos_margen_ratiomax6	0.000415108118687824	0.000936438362153371	0.0013156491128258
ratio_totalcomisiones_ctrx_delta6	0.000412883285773746	0.000595082808797969	0.00138676528108666
mrentabilidad_sobre_antiguedad	0.000412342259025878	0.000532517372427883	0.000924510187391103
Visa_msaldototal_max6	0.000411139060850022	0.0006244098279571	0.0013156491128258
mcuentas_saldo_max6	0.000410822588693159	0.000594340602674138	0.00128009102869537
cproductos_sobre_ctrx_q_lag6	0.000408566606161232	0.00080448370839638	0.00160011378586922
mcuentas_saldo_tend6	0.000407727807543593	0.000819635437213294	0.00142232336521708
Visa_mpagominimo_lag2	0.000406822418714944	0.000952812050101916	0.00135120719695623
mrentabilidad	0.000406230061328115	0.000587307987995101	0.00103118443978238
mrentabilidad_annual_por_edad_delta6	0.000404817731932446	0.00056189518896431	0.00117341677630409
cmobile_app_trx_rank	0.00040476106438216	0.000593499623872231	0.00138676528108666
mrentabilidad_min6	0.000402827934759798	0.000759465943805689	0.0013156491128258
mrentabilidad_annual_lag6	0.000401102739338801	0.000806219285454008	0.00113785869217367
mcomisiones_min6	0.000400904456584248	0.00113277304748054	0.000888952103260676
mpasivos_margen_sobre_edad_lag6	0.000400556773605169	0.000821955184109831	0.00120897486043452
mcomisiones_otras_avg6	0.000399844829892653	0.000685121160055867	0.00113785869217367
cproductos_sobre_antiguedad_delta1	0.000398355669476384	0.000988787881533845	0.00138676528108666
Visa_fechaalta	0.000396682198139439	0.00122038723501079	0.00202681079543434
Visa_mfinanciacion_limite_lag2	0.000396648339993695	0.000417371006402973	0.00110230060804324
mrentabilidad_sobre_ctrx_q_lag2	0.000395959861736145	0.000683046933816264	0.00128009102869537
ratio_deuda_acumulada_cproductos_sobre_ctrx_q_delta2	0.000394798576165122	0.00212184878081906	0.000782277850869395
numero_de_cliente	0.000393454621142027	0.00126078526034402	0.00181346229065178
ctarjeta_visa_trx_delta6	0.000392843027230235	0.000851440239553884	0.000888952103260676
ratio_totalcomisiones_ctrx_lag1	0.000391480449635544	0.00106994515799442	0.00163567186999964
mrentabilidad_annual_sobre_ctrx_q_delta2	0.000390773634712549	0.00138988679474287	0.00181346229065178
cproductos_sobre_antiguedad_lag1	0.000388606683869595	0.000797304345738487	0.00120897486043452
mactivos_margen_sobre_edad	0.000385027211297049	0.0016467268005831	0.000817835934999822
mv_mfinanciacion_limite_lag6	0.000384801977620687	0.000431520898056541	0.00113785869217367
total_deuda_acumulada_delta6	0.000383779163180723	0.000511933146316768	0.000355580841304271
mrentabilidad_annual_sobre_antiguedad_rank	0.000382844135095497	0.000702934107027811	0.00120897486043452
mrentabilidad_annual_sobre_antiguedad_lag1	0.000382721467453094	0.00122675666170846	0.00117341677630409
Visa_mpagominimo_rank	0.000382421927220232	0.000666108830564425	0.00124453294456495
mv_fechaalta_lag1	0.00038122104103286	0.000734030568162767	0.00156455570173879
ctrx_quarter_ratioavg6	0.000377588154938743	0.000416479230223769	0.00096006827152153
mcomisiones_sobre_ctrx_q	0.000368333569239463	0.000381383886664978	0.000888952103260676
mactivos_margen_sobre_antiguedad_rank	0.000367529677458719	0.000785736654097486	0.000817835934999822
Visa_mpagospesos_lag6	0.000367528789504749	0.00201664459036167	0.0017067880382605
mpagomiscuentas_avg6	0.000367014069283325	0.000856951754990545	0.000924510187391103
ctrx_quarter_delta1	0.000365621505628902	0.000655147885374465	0.00128009102869537
mcaja_ahorro_dolares	0.000363923234947877	0.001035513002417	0.00113785869217367
Visa_mfinanciacion_limite_rank	0.000360724954829408	0.000372265757440271	0.00113785869217367
mrentabilidad_annual_exp	0.000356280014412264	0.000545292912817932	0.00103118443978238
ratio_comisiones	0.000356209744021148	0.000409517167457643	0.000817835934999822
Visa_mconsumosdolares_lag6	0.000355428159544844	0.000484685997550274	0.00124453294456495
ctarjeta_debito_rank	0.00035366228895736	0.000773028843543832	0.00120897486043452
mtarjeta_visa_consumo_delta6	0.000351371006353156	0.000422256020852978	0.000924510187391103
cplazo_fijo_ratioavg6	0.000351283280897844	0.000947548877398704	0.000391138925434698
Master_mlimitecompra_rank	0.00035062859299125	0.000496121051595001	0.00110230060804324
mrentabilidad_sobre_antiguedad_lag2	0.000350545382840955	0.000897600945133744	0.00113785869217367
Visa_msaldopesos_ratiomax6	0.000348541449624125	0.000602273459761929	0.00106674252391281
mrentabilidad_annual_tend6	0.000348233660937811	0.000450637644379093	0.000853394019130249
mactivos_margen_delta1	0.000347265612200348	0.0012253766662919	0.00103118443978238
mcomisiones_sobre_ctrx_q_delta6	0.000347179475997938	0.00054116421487434	0.00117341677630409
ccomisiones_otras_ratiomax6	0.000346882506114248	0.000336653973878967	0.00110230060804324
mpasivos_margen_sobre_ctrx_q	0.000346829203344455	0.000424745092340503	0.00113785869217367
mrentabilidad_sobre_antiguedad_rank	0.000346826072480515	0.00079508054944351	0.00106674252391281
Visa_msaldopesos_ratioavg6	0.000345973656094606	0.000631055818153381	0.00120897486043452
rf_041_040	0.000344630477201072	0.00039317452235078	0.000355580841304271
mrentabilidad_por_antiguedad_delta1	0.000341183716472055	0.000606949640549715	0.00128009102869537
mpasivos_margen_por_edad_rank	0.000339700797927066	0.000369810550870945	0.000888952103260676
mvr_mpagado_rank	0.000336863384803771	0.000593767721141295	0.00135120719695623
mcomisiones_por_antiguedad_lag1	0.000336178810773846	0.000495339336399939	0.00096006827152153
ratio_total_mcaja_ahorro_ctrx_q_delta6	0.000335038451005044	0.000584666524375687	0.00117341677630409
mactivos_margen_por_edad_delta1	0.000333811599823373	0.00270759898257707	0.00124453294456495
mv_msaldototal	0.000331891340782593	0.000292042588306648	0.00060448743021726
Visa_mconsumosdolares_lag1	0.000331157531668949	0.000791414672048619	0.00128009102869537
mpasivos_margen_por_antiguedad_lag1	0.000330604797637225	0.000471907635083709	0.00106674252391281
Master_mfinanciacion_limite_lag1	0.000327621353568298	0.000476976084507284	0.00110230060804324
mplazo_fijo_dolares_delta6	0.000327439509633587	0.000203835764707937	0.000177790420652135
mrentabilidad_annual_avg6	0.000326500160005109	0.000587234614005673	0.000995626355651957
rf_014_038	0.000326359144212776	0.000395982488484665	0.000497813177825979
mactivos_margen_por_edad_delta6	0.000326035829694523	0.000503475382996915	0.000995626355651957
ccomisiones_otras_lag6	0.000323555567539054	0.000600134325762446	0.00113785869217367
mactivos_margen_por_edad	0.000323366845044986	0.000554140122697058	0.00060448743021726
mcaja_ahorro_min6	0.000321591376467316	0.0016121281424912	0.00188457845891263
mcaja_ahorro_delta1	0.000318141616844484	0.0014212880401416	0.000995626355651957
mv_mconsumospesos_delta6	0.000317279785203238	0.000463037848592451	0.000924510187391103
ratio_deuda_acumulada_cproductos_sobre_ctrx_q_rank	0.000316804136845649	0.000632746241986746	0.00117341677630409
mvr_msaldopesos2_lag6	0.000316740525327946	0.000941309266220794	0.00152899761760836
mactivos_margen_rank	0.000314416567073227	0.000720069755635802	0.000640045514347687
ratio_deuda_acumulada_antiguedad_delta6	0.000313768515196163	0.000438175354482372	0.000426697009565125
mv_mpagominimo_lag1	0.000313702544836857	0.000304157762791843	0.000746719766738968
mrentabilidad_annual_por_antiguedad_delta6	0.000311332772466761	0.000747754326262349	0.000995626355651957
mcomisiones_lag6	0.000310900477704508	0.00047614921608796	0.00096006827152153
Master_mlimitecompra_ratioavg6	0.000310562960120681	0.00308526901654638	0.00113785869217367
mtarjeta_visa_debitos_automaticos_ratiomax6	0.000309177939234007	0.000730144568799591	0.00149343953347794
mcomisiones_por_edad	0.000307407698639107	0.000685945206398676	0.000782277850869395
mcomisiones_por_edad_rank	0.000306761793882232	0.000462783861705969	0.000746719766738968
mcomisiones_mantenimiento_lag1	0.000305592501046403	0.000586035231486174	0.000888952103260676
mactivos_margen_sobre_ctrx_q	0.000303329827312003	0.000546986158727812	0.000853394019130249
mcomisiones_otras_ratioavg6	0.000301448316741532	0.000431221757945796	0.000924510187391103
mcuenta_corriente_lag1	0.000300389812477334	0.000931705739835255	0.000853394019130249
mvr_msaldopesos2_delta2	0.000300002889916967	0.00059752672706123	0.00106674252391281
ctarjeta_debito_max6	0.000300000361498097	0.000392821762786221	0.000817835934999822
mv_fultimo_cierre_lag2	0.000299302004667596	0.000537202019445219	0.000888952103260676
mrentabilidad_exp	0.000298870699770891	0.000290250569718691	0.000640045514347687
ccuenta_debitos_automaticos_ratiomax6	0.000298219383930444	0.000684387420161586	0.000853394019130249
mv_mpagominimo_lag2	0.000297694738256008	0.000966959119678968	0.00103118443978238
mtransferencias_recibidas_lag1	0.000294365844634701	0.000621618794282314	0.00106674252391281
ctransferencias_emitidas_tend6	0.000292404311244783	0.00094331011847097	0.00103118443978238
Visa_fechaalta_tend6	0.000291327013208667	0.00110793877413562	0.000746719766738968
ctrx_quarter_ratiomax6	0.000290646577920981	0.000353453795381499	0.00096006827152153
mcaja_ahorro_dolares_max6	0.000290581706778622	0.00031261270403518	0.000924510187391103
cproductos_lag2	0.000290565316854016	0.000382247442079017	0.000888952103260676
mrentabilidad_annual_por_ctrx_q_rank	0.000289889371390844	0.000591515704081154	0.00096006827152153
chomebanking_trx_min6	0.000288756302045466	0.000390236740697137	0.000817835934999822
mcomisiones_por_antiguedad_delta6	0.000288654809219305	0.000318714033463783	0.000853394019130249
mactivos_margen_por_antiguedad_rank	0.000286409417136606	0.000911694395256983	0.000888952103260676
mcomisiones_otras_lag6	0.000285814107727133	0.000388709997301728	0.000782277850869395
mcaja_ahorro_dolares_delta6	0.000285716422475789	0.000605160444038275	0.00103118443978238
cpayroll_trx_avg6	0.000284912985332706	0.000479820737635884	0.000782277850869395
mpayroll_delta2	0.000284250711055431	0.003119221419116	0.000888952103260676
mrentabilidad_annual_por_ctrx_q_lag6	0.000284093876313296	0.000613082012819999	0.000888952103260676
mrentabilidad_annual_sobre_ctrx_q_lag1	0.000283015881589215	0.000360881500772841	0.000888952103260676
mactivos_margen_sobre_antiguedad_delta6	0.000282627062367222	0.000518937540230641	0.00120897486043452
mpasivos_margen_sobre_antiguedad_lag1	0.000281355258278283	0.000401367010478085	0.000711161682608541
mrentabilidad_sobre_edad_lag6	0.000280843824401439	0.000538336494204839	0.000853394019130249
Visa_msaldopesos_lag1	0.000280833567747954	0.000288066282494945	0.000782277850869395
ccomisiones_otras_tend6	0.000280720436220479	0.00050199379282577	0.00096006827152153
mv_fultimo_cierre_lag6	0.000280187318822721	0.000581742853104627	0.000924510187391103
mv_cconsumos_delta6	0.000278995609952019	0.000739403801850121	0.00060448743021726
matm_max6	0.000278976514719003	0.00131665390914053	0.00110230060804324
mcomisiones_sobre_antiguedad_lag2	0.000274695071060432	0.001027458796039	0.000888952103260676
mactivos_margen_por_ctrx_q_rank	0.000274055694179705	0.000536911345564023	0.000746719766738968
mtransferencias_emitidas_ratiomax6	0.00027367380388147	0.000395731323674699	0.00096006827152153
mcomisiones_por_ctrx_q_lag1	0.000272471844243004	0.0007281239620138	0.000853394019130249
Master_mpagospesos	0.000270125498800457	0.000683927421689401	0.000497813177825979
mrentabilidad_annual_por_antiguedad_lag6	0.000269693448725192	0.000368709941029522	0.000995626355651957
mforex_sell_avg6	0.000269237009662425	0.0011188517440248	0.000853394019130249
mv_fultimo_cierre	0.000268883276442671	0.000491252969604094	0.000746719766738968
mvr_mpagominimo_lag6	0.000268214122089828	0.000248416107438575	0.000711161682608541
mactivos_margen_avg6	0.000266537279375766	0.00055836477124221	0.000817835934999822
Master_mpagominimo_max6	0.000265152134485781	0.000561313841201918	0.000995626355651957
mrentabilidad_tend6	0.000265115172699146	0.000425763861962947	0.000888952103260676
mrentabilidad_annual_por_edad_delta2	0.0002636285263593	0.000951417944302781	0.0013156491128258
mpasivos_margen_por_antiguedad_delta1	0.000263461188720389	0.00049807110646788	0.00110230060804324
mrentabilidad_por_edad_lag1	0.000263205833775923	0.000546974870421746	0.00096006827152153
Master_fultimo_cierre_avg6	0.000259430400826871	0.000480701225509022	0.000782277850869395
mv_mpagominimo_delta6	0.000257815165796139	0.000424694294963206	0.000711161682608541
mtransferencias_emitidas_tend6	0.000257106978850616	0.000575779805425331	0.000924510187391103
Visa_msaldototal_lag2	0.000257076052041486	0.000545160275221658	0.00124453294456495
ccuenta_debitos_automaticos_ratioavg6	0.000256724247073618	0.00118672832839888	0.00110230060804324
mcomisiones	0.000254290673804818	0.00027571123150585	0.000462255093695552
mcomisiones_sobre_antiguedad_lag1	0.000254072036809088	0.000404112890928608	0.000888952103260676
ccajas_extracciones_avg6	0.000253374086241604	0.0025893906635318	0.000924510187391103
cproductos_sobre_ctrx_q_delta6	0.000252015221392798	0.00067138611365022	0.00124453294456495
mrentabilidad_annual_sobre_ctrx_q_rank	0.000250331801911851	0.000321222859486922	0.000746719766738968
mrentabilidad_exp_lag6	0.000249480389971003	0.000363855969421198	0.000817835934999822
Master_mpagominimo_ratioavg6	0.000248379716164837	0.000815173734240759	0.000888952103260676
Visa_mpagado_max6	0.000247712576370591	0.000857225496412643	0.000888952103260676
mpayroll_tend6	0.000246853919670457	0.00179300067058464	0.00103118443978238
Visa_cconsumos_lag6	0.000246765327215543	0.000523754824844251	0.000995626355651957
Visa_mpagospesos_ratioavg6	0.000245906049808918	0.000391433301140119	0.000924510187391103
thomebanking_max6	0.000245476802541867	0.000842824439949109	0.000533371261956406
mactivos_margen_sobre_antiguedad_delta1	0.000245115523446607	0.000428264221756538	0.000782277850869395
Visa_cconsumos	0.000243911519436908	0.000469616108952337	0.00106674252391281
ctarjeta_debito_avg6	0.000243010603483352	0.000299131644516014	0.000640045514347687
mcomisiones_por_antiguedad_lag6	0.000242401645395727	0.000365258541449882	0.000888952103260676
mv_fultimo_cierre_rank	0.000240573374926622	0.000443246625982464	0.000924510187391103
mv_mpagospesos_delta2	0.000240239147555625	0.00116392595014582	0.000640045514347687
mcomisiones_otras	0.000237750365052999	0.00022093754839773	0.000391138925434698
mrentabilidad_rank	0.000237585440357924	0.000354351215713735	0.000640045514347687
mtransferencias_emitidas_delta2	0.000236907399268699	0.00114972526111496	0.00103118443978238
mvr_mpagospesos_delta2	0.000233029846084835	0.000598350773404039	0.000640045514347687
Visa_mfinanciacion_limite	0.00023235972283287	0.000343774072930015	0.000746719766738968
mpasivos_margen_sobre_antiguedad_lag6	0.000231392433917209	0.0012873099575223	0.000995626355651957
ratio_deuda_acumulada_cproductos_sobre_ctrx_q_lag2	0.0002293931212536	0.00172472617342174	0.000640045514347687
mpayroll_sobre_edad_delta6	0.000228943561410128	0.00045874829228742	0.00060448743021726
mactivos_margen_sobre_antiguedad_lag6	0.00022834986703757	0.00039841511844186	0.000888952103260676
mvr_mpagominimo_lag2	0.00022736951291574	0.00112038413157324	0.000924510187391103
mpayroll_delta1	0.000226832510831597	0.00179244754358742	0.000853394019130249
Visa_fechaalta_ratioavg6	0.000226641514372968	0.000621361985319315	0.00124453294456495
mactivos_margen_sobre_edad_lag2	0.000226422404409837	0.000490053587084595	0.000924510187391103
Visa_mpagominimo_lag6	0.000226110824144119	0.000404699882844033	0.000853394019130249
Master_cconsumos_tend6	0.000226033363085364	0.0012663503952345	0.000853394019130249
ratio_total_mcaja_ahorro_antiguedad_delta2	0.000225090789833292	0.000583385301637211	0.000924510187391103
mrentabilidad_sobre_ctrx_q_delta2	0.000225030347697351	0.00039303059644844	0.000817835934999822
Visa_mfinanciacion_limite_max6	0.000224143982366965	0.000345845477093102	0.000640045514347687
mvr_Master_mlimitecompra_lag2	0.000223596990581049	0.000768637692484209	0.000853394019130249
ctarjeta_visa_debitos_automaticos_avg6	0.000223435846757255	0.00121516639345532	0.000817835934999822
cproductos_sobre_ctrx_q_lag1	0.000223359068285297	0.000670333479109577	0.000817835934999822
mrentabilidad_sobre_edad_rank	0.000222847143356911	0.000357114028623357	0.000640045514347687
mrentabilidad_sobre_ctrx_q_lag6	0.000222659162696331	0.000453352481987934	0.000817835934999822
ccajas_trx_ratioavg6	0.000222482847576206	0.000933540089570959	0.00060448743021726
Visa_msaldototal	0.000220237293276356	0.000427674407764596	0.000746719766738968
mrentabilidad_annual_exp_delta2	0.000219475355616102	0.00049925355652828	0.000853394019130249
cextraccion_autoservicio_rank	0.000217246124937033	0.000384259582635259	0.000640045514347687
mvr_msaldototal_rank	0.000216849998996702	0.000306895177012816	0.000746719766738968
mactivos_margen_por_antiguedad_lag6	0.000216221221662291	0.000488555064454351	0.000782277850869395
mactivos_margen_por_edad_lag1	0.000213621905249226	0.000360212668638438	0.000888952103260676
mtarjeta_visa_debitos_automaticos_max6	0.000211347172215185	0.00038919539446256	0.000746719766738968
Visa_mconsumospesos_lag2	0.00021105927080907	0.00025217511335851	0.000782277850869395
mpasivos_margen_sobre_ctrx_q_rank	0.000210477717059253	0.000262986488493097	0.000568929346086833
rf_028_040	0.000210028128599622	0.00116520152873127	0.00060448743021726
ctarjeta_visa_trx	0.000209661030368356	0.000901170871927076	0.00188457845891263
mcaja_ahorro_dolares_lag1	0.000209261311627837	0.000407344168539963	0.000817835934999822
mv_mlimitecompra_lag6	0.000208872931663209	0.000194838984773438	0.000533371261956406
mrentabilidad_annual_exp_delta1	0.000207559512728397	0.000336953113989713	0.000853394019130249
mrentabilidad_annual_sobre_antiguedad_delta1	0.000206803099245075	0.000340683899144483	0.000782277850869395
mtransferencias_emitidas_lag2	0.000206184472139956	0.000960936808392826	0.000924510187391103
mrentabilidad_annual_min6	0.00020071350442915	0.000409528455763709	0.000640045514347687
mpayroll_sobre_edad_delta2	0.000200116492733352	0.00174448917526657	0.000817835934999822
cmobile_app_trx_lag1	0.000198545929265905	0.000418573210998988	0.000888952103260676
ctarjeta_visa_debitos_automaticos_max6	0.000197129395346745	0.00112899428702499	0.000640045514347687
mcuenta_corriente_delta2	0.00019651264643358	0.000523100103092431	0.00060448743021726
mtransferencias_recibidas_tend6	0.000196511556365019	0.000418979590017359	0.000817835934999822
mrentabilidad_annual_delta1	0.000196502411194513	0.00027641392855845	0.000746719766738968
Visa_msaldopesos	0.000195240474243414	0.000588346512153161	0.000995626355651957
ratio_total_mcaja_ahorro_ctrx_q_lag2	0.000193486724645509	0.000493846457922728	0.000711161682608541
mtarjeta_visa_consumo_avg6	0.000192824573795201	0.000485549552964313	0.00117341677630409
Visa_msaldopesos_rank	0.000192782479663276	0.000339388566023424	0.000568929346086833
ccallcenter_trx_avg6	0.000191683303535592	0.000366294243531426	0.000426697009565125
mv_msaldototal_delta2	0.000190659120302095	0.000556648948720197	0.000711161682608541
ratio_deuda_acumulada_cproductos_sobre_ctrx_q_lag6	0.000188743772216976	0.000367030805502224	0.000248906588912989
mrentabilidad_annual_sobre_edad_lag1	0.000188193770259432	0.00035338042139207	0.00060448743021726
rf_001_025	0.000187142999679739	0.0032066380612901	0.000817835934999822
mactivos_margen_por_ctrx_q	0.000186389902574712	0.000633508202646192	0.00060448743021726
mcomisiones_otras_rank	0.000186119804368197	0.000134714644590096	0.000248906588912989
Master_Fvencimiento_tend6	0.000186083536825208	0.000258262332404531	0.00060448743021726
Visa_msaldototal_delta6	0.000185762073871679	0.000368018532282988	0.000853394019130249
mcomisiones_otras_lag1	0.000185445787471906	0.000226251518478239	0.000675603598478114
ctarjeta_visa_debitos_automaticos_ratiomax6	0.000182178509273821	0.000364107134231164	0.000817835934999822
mv_fultimo_cierre_lag1	0.000179680491112573	0.000494289523935813	0.000640045514347687
mrentabilidad_exp_delta6	0.000178239461404729	0.000233817505618888	0.000640045514347687
ctransferencias_recibidas_rank	0.000178096214131645	0.000285371199421718	0.000711161682608541
ctransferencias_emitidas_delta6	0.000176533863290561	0.000507671810776902	0.000640045514347687
Visa_fechaalta_rank	0.000176297783327959	0.000497718346903321	0.000853394019130249
Visa_mconsumospesos_avg6	0.000176217101703709	0.000289700264797979	0.000711161682608541
mpasivos_margen_por_antiguedad_delta2	0.000175814406641434	0.000385360192476681	0.000711161682608541
mactivos_margen_por_edad_rank	0.000174257390751097	0.000314447053770884	0.000320022757173844
ratio_totalcomisiones_ctrx_lag2	0.000173530014970763	0.00023913711985243	0.00060448743021726
mv_mpagominimo_rank	0.00017115185958576	0.000180054125903665	0.000568929346086833
Master_mpagominimo	0.000170426004634902	0.000473764561431544	0.000462255093695552
mv_mpagospesos	0.000169976624022839	0.000251370821551317	0.000568929346086833
mcuenta_corriente_delta1	0.000168962981979104	0.000213126040600148	0.000462255093695552
rf_046_056	0.00016846604652511	0.000113424899349865	0.000177790420652135
mvr_msaldopesos2_lag1	0.000167474579490632	0.000285230095595895	0.000675603598478114
cproductos_sobre_edad_delta2	0.00016214140860377	0.000736683320088246	0.000533371261956406
Visa_fultimo_cierre_avg6	0.000162118020392122	0.000230120585382316	0.000568929346086833
mcuenta_debitos_automaticos_ratioavg6	0.000161956019041987	0.000652503599678535	0.000711161682608541
mtarjeta_visa_debitos_automaticos_lag6	0.000161610479941785	0.000280946183443897	0.00060448743021726
cextraccion_autoservicio_avg6	0.000160437869685476	0.00054956835874038	0.000675603598478114
ccallcenter_trx_max6	0.000157313652214306	0.000940696875616721	0.000355580841304271
ccomisiones_otras_avg6	0.00015632126965823	0.00037341716465899	0.000746719766738968
mcomisiones_sobre_ctrx_q_rank	0.000155969402575843	0.000152011151559526	0.000497813177825979
Visa_mpagominimo_delta2	0.000154805591137542	0.000239949877889172	0.00060448743021726
mcomisiones_mantenimiento_lag2	0.000154663346971491	0.000206324836195461	0.000462255093695552
mpayroll_max6	0.000154557226863498	0.000838904575667735	0.000746719766738968
mv_mlimitecompra_lag1	0.000154443006042772	0.000250117819578005	0.000533371261956406
Visa_Fvencimiento_tend6	0.000154375836767783	0.000399295606314998	0.000533371261956406
cmobile_app_trx_delta6	0.000154293380456936	0.000382080939564546	0.000533371261956406
ctarjeta_master_trx	0.000153083183928696	0.000389500178726339	0.000426697009565125
mcaja_ahorro_lag2	0.000151758517885008	0.00029261546983949	0.000497813177825979
mplazo_fijo_dolares_ratioavg6	0.000151150468810158	0.000646969507629742	0.000284464673043416
mcomisiones_mantenimiento_lag6	0.000151042375826775	0.000147453497985431	0.000355580841304271
mactivos_margen_por_edad_delta2	0.000150132489145646	0.000284589484226657	0.000640045514347687
mcomisiones_rank	0.000149325094425113	0.000222901713653192	0.000355580841304271
mcomisiones_delta2	0.000149170114118889	0.000240576378875828	0.000533371261956406
mcomisiones_por_antiguedad	0.00014801617818077	0.000256253013924806	0.000675603598478114
Visa_mconsumosdolares_min6	0.000146923421650074	0.000285622364231684	0.000533371261956406
Visa_msaldopesos_delta2	0.000145615337551913	0.000218837923469478	0.000497813177825979
mpasivos_margen_sobre_antiguedad_lag2	0.00014491688197693	0.00029045093715136	0.000568929346086833
mvr_msaldopesos_delta2	0.00014473503355619	0.000758862019431165	0.000497813177825979
mvr_msaldototal_lag1	0.00014130527828153	0.000252115849751664	0.000426697009565125
mrentabilidad_annual_por_edad_lag2	0.000140836713720386	0.000793274420472971	0.000568929346086833
mtransferencias_recibidas_lag2	0.000140154384903515	0.000287473646426487	0.000640045514347687
mactivos_margen_sobre_ctrx_q_delta2	0.000139652570585589	0.000340700831603582	0.000711161682608541
mtarjeta_visa_consumo_tend6	0.000139547166990401	0.000165545830532505	0.000426697009565125
mrentabilidad_annual_sobre_edad_delta2	0.000138696343912071	0.000394190469896708	0.000782277850869395
mcaja_ahorro_dolares_lag2	0.000138372555737303	0.000256806140922033	0.00060448743021726
cextraccion_autoservicio_ratioavg6	0.000137084223367385	0.000307281801495572	0.000640045514347687
Master_fultimo_cierre_min6	0.000130955157394378	0.000643876511767694	0.000497813177825979
Master_msaldopesos_ratiomax6	0.000129178143786823	0.000257350801689712	0.000391138925434698
Visa_mconsumosdolares_ratioavg6	0.000127690109991823	0.000181332526565624	0.000497813177825979
Visa_mpagado_ratioavg6	0.000126999173536947	0.00211421788591853	0.000711161682608541
cplazo_fijo_ratiomax6	0.000124425366622701	0.000360252177709669	0.000142232336521708
Master_fechaalta_tend6	0.000122766303308643	0.00071281701898848	0.000320022757173844
mpayroll_sobre_edad_lag6	0.000121814983537409	0.000752763512079079	0.00120897486043452
ccomisiones_mantenimiento_delta1	0.000121779296605443	0.0014617312186991	0.000426697009565125
rf_005_029	0.000121503405515688	0.00054673217184133	0.000355580841304271
mcuenta_corriente	0.000120434043258353	0.000278651835236009	0.000391138925434698
Visa_fultimo_cierre_ratioavg6	0.000119482397618342	0.000249973893675665	0.000426697009565125
mcomisiones_lag1	0.000117958675069275	0.000197968667630201	0.000497813177825979
mrentabilidad_annual_exp_lag2	0.000116171941378947	0.000399397201069591	0.000568929346086833
mprestamos_personales_min6	0.00011597735291156	2.66629789275857e-05	3.55580841304271e-05
mcomisiones_por_ctrx_q_rank	0.00011549033133153	0.00022269570206749	0.000497813177825979
mactivos_margen_sobre_ctrx_q_rank	0.000114222791899488	0.000291074616061499	0.000391138925434698
catm_trx_ratioavg6	0.000113338491988023	0.00022732108547798	0.000533371261956406
mpayroll_avg6	0.000111844114117897	0.000980792938762692	0.0017067880382605
ctarjeta_visa_trx_delta2	0.000108918984021859	0.000350713559084008	0.00060448743021726
mcomisiones_sobre_edad_lag2	0.00010774183204832	0.000326720264541001	0.000462255093695552
mpasivos_margen_sobre_edad_lag2	0.000105883619751113	0.000254415842112585	0.000533371261956406
Visa_msaldopesos_delta1	0.000105618636358652	0.000208576853255602	0.000391138925434698
mcomisiones_por_antiguedad_rank	0.000104218507476054	0.000232508062115247	0.000462255093695552
mv_mconsumospesos_delta2	0.000103777713338771	0.000178569713656003	0.000497813177825979
ctotal_comisiones_rank	0.000103352115125809	0.000198572592004725	0.000497813177825979
mcomisiones_mantenimiento_min6	0.000100841838387296	0.000118640096752297	0.000213348504782562
mcomisiones_por_edad_lag2	9.75764080853754e-05	0.000211195740262884	0.000391138925434698
mv_mpagominimo_delta2	9.59559049431242e-05	0.000126118599520936	0.000320022757173844
catm_trx_ratiomax6	9.5201028596084e-05	0.000326694865852353	0.000320022757173844
ccomisiones_otras_min6	9.47900431046757e-05	0.000199283755286875	0.000355580841304271
mrentabilidad_annual_por_ctrx_q_lag2	9.47368890739456e-05	0.000268921315407229	0.000426697009565125
mtransferencias_emitidas_delta1	9.375226369975e-05	0.000955893757657899	0.00103118443978238
mprestamos_personales_delta6	9.37274918932679e-05	0.000193529541269797	0.000142232336521708
mrentabilidad_annual_por_ctrx_q_delta2	8.81886605083613e-05	0.000179743697486853	0.000391138925434698
rf_004_035	8.74816819568384e-05	3.6907116682363e-05	7.11161682608541e-05
Visa_mpagominimo_delta1	8.65442507277748e-05	0.000192454330117023	0.000355580841304271
Visa_fultimo_cierre_lag6	8.64544651725038e-05	0.000123344498305249	0.000355580841304271
rf_009_032	8.51167778102545e-05	0.000166279570426786	0.000142232336521708
rf_007_023	8.45929959150674e-05	0.000336679372567615	0.000106674252391281
Master_msaldopesos_lag2	8.02757475020292e-05	0.000352116131112693	0.000426697009565125
mvr_mpagominimo_rank	7.96345959323355e-05	0.000171672558649756	0.000355580841304271
mvr_mpagospesos	7.94351862363943e-05	0.000114889557061912	0.000355580841304271
mcomisiones_lag2	7.86463752716436e-05	0.000108215346100466	0.000320022757173844
mv_cconsumos_lag6	7.7818853207463e-05	0.000123200572402909	0.000355580841304271
ctransferencias_recibidas	7.68250983560813e-05	0.000311974914742458	0.000248906588912989
mvr_mpagominimo_delta2	7.55912196581725e-05	0.000193182425858272	0.000284464673043416
Master_cconsumos_min6	7.39011842657473e-05	8.95078008728022e-05	0.000142232336521708
mrentabilidad_annual_lag2	6.94291969117487e-05	0.000158640209296709	0.000462255093695552
rf_010_041	6.85940350698141e-05	0.000890116798212072	0.000284464673043416
mforex_sell_max6	6.8423468102534e-05	0.000105373515048383	0.000177790420652135
Master_mpagominimo_delta6	6.6881119501957e-05	0.000102559904761465	0.000248906588912989
mv_cconsumos_delta2	6.62863619497807e-05	0.000366545408341392	0.000462255093695552
Master_mpagominimo_lag1	6.40638984106098e-05	0.000196072232211135	0.000248906588912989
mvr_mpagominimo	5.85556902459264e-05	0.000109172030039548	0.000248906588912989
rf_047_032	5.70174741804866e-05	9.17146647086799e-05	0.000142232336521708
mpayroll_lag2	5.68549310511691e-05	0.000280593423879339	0.000497813177825979
rf_017_041	5.35912908837758e-05	5.10231434177338e-05	3.55580841304271e-05
ccajas_trx_tend6	5.11948143919423e-05	8.81757807570295e-05	0.000142232336521708
Master_mpagospesos_lag1	5.07570426754818e-05	0.000251946525160676	0.000177790420652135
matm_other_avg6	4.97969621821592e-05	0.000195180456031931	0.000177790420652135
mprestamos_personales_tend6	4.80617697759591e-05	5.25442426601099e-05	3.55580841304271e-05
cforex_sell_avg6	4.78280983420353e-05	0.000132140910807078	0.000284464673043416
rf_033_051	4.78171512477547e-05	4.16002299292486e-05	7.11161682608541e-05
ratio_deuda_acumulada_cproductos_sobre_ctrx_q_lag1	4.72135423861777e-05	0.000416140581041793	0.000177790420652135
mv_mpagominimo_delta1	4.3450688530006e-05	4.01835475179819e-05	0.000106674252391281
rf_013_029	4.19705249936595e-05	2.29321937728156e-05	7.11161682608541e-05
Visa_fultimo_cierre_min6	3.74141398934318e-05	6.73545002185317e-05	0.000106674252391281
cprestamos_personales_ratioavg6	3.64094089704256e-05	9.02697615322485e-05	0.000142232336521708
ctarjeta_master_trx_delta6	3.26618116140039e-05	0.000176825670368826	0.000142232336521708
mvr_mpagominimo_delta1	3.14107786137647e-05	5.33203137021385e-05	0.000177790420652135
rf_047_025	3.0028539151422e-05	4.64090483133094e-05	7.11161682608541e-05
rf_006_039	2.79175138855242e-05	0.000109047858672824	0.000284464673043416
rf_017_048	2.60315767302876e-05	2.22944044800939e-05	7.11161682608541e-05
mv_status04_delta6	2.51366133277674e-05	0.000274125224503595	7.11161682608541e-05
mv_Fvencimiento_delta2	2.38294766787721e-05	2.86666532542777e-05	7.11161682608541e-05
rf_028_041	2.04682610063804e-05	0.000232567325722093	0.000426697009565125
mpayroll_sobre_edad_lag2	1.73652920341987e-05	0.00022571532394011	0.000426697009565125
rf_022_047	1.25704893318508e-05	9.06987171627516e-05	3.55580841304271e-05
rf_013_031	1.24527447507525e-05	5.88910927456455e-05	3.55580841304271e-05
rf_005_028	1.17081668724391e-05	2.28108444826075e-05	3.55580841304271e-05
ctarjeta_debito_ratioavg6	1.14202525216691e-05	5.69466820257993e-05	3.55580841304271e-05
Visa_mpagosdolares_ratioavg6	1.11802965822524e-05	8.20349422571961e-05	7.11161682608541e-05
rf_027_033	1.01298921454425e-05	2.66432243919704e-05	3.55580841304271e-05
foto_mes	9.73044532027607e-06	1.45619148249727e-05	3.55580841304271e-05
rf_045_029	9.51683727168352e-06	2.57542702892831e-05	3.55580841304271e-05
mv_mconsumosdolares_delta2	8.81718505774155e-06	0.000130111837791738	0.000213348504782562
mv_msaldodolares_lag1	8.68093385850531e-06	0.000133955506007167	0.000106674252391281
rf_037_047	7.8803819039265e-06	0.000437083210870499	0.000888952103260676
mplazo_fijo_dolares_ratiomax6	3.32973398827108e-06	6.82744971629002e-05	0.000106674252391281
rf_030_045	2.99290146699867e-06	2.97644410191836e-05	3.55580841304271e-05
rf_019_055	4.45149140916536e-12	1.77254625999329e-05	3.55580841304271e-05
